CSI_DATA: gC, idS, sC, sC_M, bc1, bc2, bcM1, retry, RSSI1, RSSI2, tCSI1_S, tCSI2_S, tdma_S, t_M(ms), dt_rxM, tin_cycle, [data]
CSI_DATA: 1,3,1,1,0,0,0,0,-19,-34,4294810.829,4294811.156,0.121,20.03,20.03,20.03,"[10,-11,10,-12,9,-13,11,-13,10,-12,10,-12,10,-12,10,-12,10,-12,9,-12,10,-14,9,-14,9,-14,9,-14,10,-13,9,-14,8,-14,8,-14,8,-15,9,-14,9,-14,8,-15,8,-14,6,-16,7,-17,7,-17,0,0,7,-17,7,-18,7,-18,6,-18,7,-18,8,-18,8,-18,8,-18,8,-19,7,-18,6,-21,7,-19,7,-20,8,-20,8,-20,8,-21,8,-21,9,-21,10,-20,10,-19,11,-19,12,-19,12,-19,11,-20,12,-18,13,-18,0,0,12,-12,12,-12,12,-12,13,-12,13,-11,13,-11,14,-10,13,-10,14,-9,13,-9,14,-10,14,-10,14,-9,14,-9,14,-8,14,-10,13,-9,13,-8,13,-9,14,-8,14,-7,13,-8,13,-7,13,-9,14,-8,13,-9,0,0,13,-8,13,-8,12,-8,12,-8,12,-7,12,-7,12,-6,11,-6,11,-7,10,-6,10,-7,9,-6,8,-6,8,-6,7,-7,7,-7,6,-7,5,-7,5,-7,5,-8,5,-8,4,-8,3,-9,3,-10,4,-10,3,-11,0,0]"
CSI_DATA: 2,4,1,1,0,0,0,0,-22,-42,4294807.777,4294807.981,43.101,85.194,85.194,85.194,"[11,-8,11,-9,10,-9,12,-9,11,-9,11,-9,11,-9,10,-9,11,-9,10,-9,10,-10,10,-10,10,-10,10,-10,10,-10,9,-11,8,-10,9,-10,9,-11,9,-10,9,-10,8,-10,8,-10,7,-12,8,-12,8,-13,0,0,7,-13,7,-13,7,-14,6,-13,7,-13,8,-14,8,-14,8,-13,8,-14,7,-14,7,-16,8,-15,8,-15,8,-16,8,-15,8,-16,8,-16,9,-15,10,-15,10,-14,11,-14,11,-13,11,-13,11,-14,12,-13,12,-12,0,0,13,15,13,14,14,14,14,15,14,14,13,14,14,14,13,13,13,13,12,12,14,12,14,11,13,12,13,11,12,11,14,10,12,9,11,9,12,8,11,9,11,9,10,8,9,8,10,6,10,7,10,6,0,0,9,5,9,6,8,5,8,4,7,5,6,4,6,5,5,4,6,5,5,4,5,4,4,4,3,4,3,4,3,5,2,5,2,5,1,6,0,6,0,7,-1,7,-2,7,-3,8,-4,8,-5,9,-7,9,0,0]"
CSI_DATA: 3,5,1,1,0,0,0,0,-32,-23,4294810.849,4294811.46,97.661,144.723,144.723,144.723,"[19,8,19,7,18,6,19,9,17,8,17,9,16,9,15,9,15,9,14,8,15,8,15,8,15,8,14,8,13,9,15,8,13,7,13,7,13,7,12,8,12,8,12,7,11,7,12,6,12,6,12,6,0,0,11,6,11,6,11,5,11,4,11,5,11,5,11,5,10,5,11,4,10,3,12,3,10,3,10,3,11,3,11,2,11,2,11,2,11,2,12,2,12,2,12,3,13,3,13,3,14,2,14,3,15,4,0,0,15,-3,15,-4,14,-4,16,-4,15,-4,15,-4,15,-4,15,-4,15,-4,14,-4,15,-5,15,-6,15,-6,15,-6,15,-5,16,-7,14,-7,15,-6,14,-7,15,-6,16,-6,16,-7,15,-6,14,-8,16,-8,16,-9,0,0,15,-9,16,-9,16,-9,15,-9,15,-8,16,-8,16,-8,15,-8,16,-9,15,-9,16,-10,15,-9,15,-9,16,-10,16,-10,16,-10,16,-10,16,-10,17,-9,17,-9,17,-8,17,-8,18,-8,18,-8,19,-7,18,-6,0,0]"
CSI_DATA: 4,6,1,1,0,0,0,0,-31,-17,4294813.855,4294814.145,143.174,204.433,204.433,204.433,"[5,2,5,3,6,3,6,4,6,4,7,5,7,5,7,5,8,6,7,5,9,6,9,6,9,7,10,6,9,8,11,7,10,6,9,7,11,7,11,8,11,8,12,7,11,7,14,5,15,7,15,6,0,0,15,7,16,7,17,6,17,6,18,6,19,7,19,7,19,7,21,7,20,6,23,5,22,7,23,7,24,8,23,6,25,7,25,8,26,8,25,9,24,10,25,11,25,11,25,12,25,10,25,12,25,13,0,0,13,5,14,4,14,4,15,5,15,5,15,5,15,5,14,5,15,5,15,5,16,5,16,5,16,5,16,4,16,5,17,3,16,2,16,3,16,2,17,3,17,4,17,2,17,3,18,0,19,2,20,0,0,0,19,0,20,0,20,0,20,-1,20,0,21,1,21,0,21,0,22,0,22,-1,23,-1,22,0,22,0,23,0,23,0,24,0,24,1,24,1,24,1,24,2,24,3,24,3,25,4,25,3,25,6,25,6,0,0]"
CSI_DATA: 5,3,2,2,1,1,1,0,-19,-30,236.563,237.567,10.901,406.466,202.33,12.466,"[-7,-13,-7,-13,-8,-12,-8,-14,-8,-13,-8,-14,-8,-13,-8,-13,-8,-13,-8,-12,-9,-14,-10,-13,-10,-13,-10,-13,-9,-13,-11,-13,-11,-12,-10,-12,-11,-12,-12,-12,-11,-13,-12,-12,-11,-12,-13,-11,-13,-12,-14,-12,0,0,-14,-11,-15,-12,-16,-12,-15,-11,-16,-12,-16,-12,-16,-12,-16,-12,-16,-12,-16,-12,-18,-12,-17,-13,-17,-13,-18,-13,-17,-13,-18,-14,-18,-14,-18,-14,-17,-15,-16,-15,-16,-16,-16,-16,-16,-16,-17,-16,-15,-17,-15,-17,0,0,-1,-20,-1,-20,-2,-20,0,-22,0,-21,1,-21,2,-21,2,-20,2,-20,2,-20,2,-21,2,-21,2,-20,2,-20,3,-19,2,-21,2,-19,2,-19,2,-19,3,-19,4,-19,3,-18,4,-18,1,-18,2,-19,2,-19,0,0,2,-18,2,-18,2,-18,1,-18,2,-17,2,-17,2,-17,2,-16,2,-16,2,-15,1,-16,1,-14,1,-14,0,-14,0,-14,0,-13,-1,-14,-1,-13,-1,-13,-1,-12,-2,-13,-2,-12,-2,-13,-3,-13,-3,-13,-3,-13,0,0]"
CSI_DATA: 6,4,2,2,1,1,1,0,-24,-37,233.398,234.403,56.582,467.632,263.199,73.632,"[3,-13,3,-14,2,-14,3,-15,2,-14,2,-14,2,-14,2,-13,2,-14,1,-13,1,-15,0,-14,1,-15,0,-14,1,-14,0,-14,0,-14,-1,-13,-1,-14,0,-14,0,-14,-1,-13,-1,-13,-3,-13,-2,-14,-3,-14,0,0,-3,-14,-3,-14,-4,-15,-4,-14,-4,-15,-4,-15,-3,-15,-3,-15,-4,-15,-4,-15,-5,-16,-4,-16,-4,-16,-4,-16,-4,-16,-4,-17,-4,-16,-4,-17,-3,-17,-2,-17,-2,-17,-1,-17,-1,-17,-1,-17,0,-17,1,-17,0,0,2,-1,3,-1,3,-1,4,0,4,0,5,0,5,0,5,0,6,1,6,1,7,1,8,1,9,1,9,1,9,1,10,1,10,0,10,1,11,0,12,1,12,1,13,1,12,1,13,-1,15,0,15,-1,0,0,15,-1,16,-1,17,-1,16,-2,17,-2,18,-1,18,-2,18,-2,18,-2,18,-3,20,-5,19,-4,20,-4,20,-4,21,-4,22,-5,22,-6,22,-5,23,-5,23,-4,24,-3,24,-3,25,-3,26,-4,26,-1,26,-1,0,0]"
CSI_DATA: 7,5,2,2,1,1,1,0,-34,-23,236.460,237.464,101.134,530.233,325.800,136.233,"[4,8,4,9,5,8,5,10,4,9,4,9,4,9,4,9,4,9,5,8,5,9,6,9,6,9,6,8,6,9,8,8,8,7,7,8,9,8,8,8,9,9,9,8,9,8,10,7,11,8,12,7,0,0,13,7,13,8,14,7,13,7,14,8,14,8,14,8,15,8,15,8,15,8,17,8,16,8,16,8,17,9,16,8,18,9,17,10,18,10,17,11,16,11,16,12,15,12,15,13,16,13,14,13,14,14,0,0,14,-4,14,-5,13,-5,14,-5,13,-5,14,-5,14,-5,14,-6,14,-5,13,-6,14,-7,14,-7,14,-7,14,-7,14,-7,15,-9,13,-9,14,-8,14,-9,14,-8,15,-7,15,-8,15,-8,13,-10,15,-9,15,-10,0,0,14,-11,15,-10,15,-11,14,-11,15,-10,15,-11,15,-10,15,-11,15,-11,15,-12,16,-13,15,-11,15,-11,16,-12,16,-12,16,-13,16,-13,16,-12,17,-12,17,-11,18,-11,18,-10,19,-10,18,-10,19,-9,20,-8,0,0]"
CSI_DATA: 8,7,1,1,1,1,1,0,-27,-19,154.469,155.473,201.45,596.674,392.241,202.674,"[-13,-3,-14,-3,-13,-2,-15,-3,-13,-3,-14,-2,-13,-3,-13,-2,-13,-2,-12,-1,-13,-1,-13,0,-13,-1,-13,-1,-14,-1,-14,0,-13,0,-13,0,-13,0,-13,0,-12,-1,-13,0,-12,0,-12,2,-12,1,-12,2,0,0,-12,3,-12,3,-12,4,-11,5,-12,5,-12,5,-12,5,-12,6,-12,7,-12,7,-13,8,-13,8,-13,8,-15,9,-14,9,-15,10,-16,10,-16,11,-17,10,-17,9,-19,10,-20,9,-20,9,-21,10,-22,8,-23,7,0,0,-14,13,-14,14,-13,14,-15,14,-14,13,-14,13,-15,13,-14,12,-15,12,-13,12,-14,12,-13,12,-13,11,-12,11,-12,10,-10,12,-9,12,-9,12,-9,13,-9,13,-10,13,-9,14,-9,13,-7,15,-9,15,-8,16,0,0,-8,16,-9,16,-9,16,-8,16,-9,16,-10,17,-10,16,-9,15,-10,16,-9,16,-9,17,-9,15,-10,15,-10,15,-10,15,-10,15,-10,15,-10,15,-11,14,-11,13,-11,13,-11,11,-11,12,-10,12,-11,11,-11,11,0,0]"
CSI_DATA: 9,3,3,3,2,2,2,0,-22,-34,626.555,627.588,10.937,796.643,199.969,12.615,"[-11,-8,-12,-8,-11,-7,-13,-9,-12,-8,-12,-8,-12,-8,-12,-7,-13,-7,-12,-7,-14,-8,-14,-7,-14,-7,-14,-7,-14,-7,-14,-6,-14,-6,-14,-6,-15,-6,-16,-6,-15,-6,-15,-5,-15,-6,-16,-4,-17,-5,-18,-4,0,0,-18,-4,-18,-4,-19,-4,-18,-4,-19,-4,-20,-4,-20,-4,-19,-4,-19,-4,-19,-4,-21,-4,-19,-5,-20,-5,-21,-5,-19,-5,-21,-5,-21,-5,-22,-6,-21,-6,-20,-7,-20,-8,-20,-8,-20,-8,-21,-8,-19,-10,-19,-10,0,0,7,6,7,6,8,6,8,7,8,7,8,7,8,7,7,7,7,7,7,7,8,8,8,7,7,7,8,7,7,7,8,6,8,6,8,6,9,6,8,7,8,7,8,6,8,7,9,5,9,6,10,6,0,0,10,6,10,6,10,6,10,6,10,6,10,7,9,7,9,7,9,7,9,7,10,7,8,7,8,6,8,7,8,6,8,6,7,6,7,6,7,6,6,5,5,6,5,5,5,5,5,4,5,4,5,4,0,0]"
CSI_DATA: 10,7,2,2,2,2,2,0,-25,-18,544.462,545.496,200.959,986.578,389.904,202.550,"[12,4,12,4,12,3,13,4,12,4,12,4,12,4,11,4,11,4,11,4,12,4,12,4,12,5,11,4,11,5,11,4,11,4,10,4,11,3,10,4,10,4,10,3,9,3,10,2,10,3,10,2,0,0,9,2,10,1,10,1,9,1,10,1,10,1,10,0,10,0,10,0,10,0,11,-1,10,0,11,0,11,0,11,-1,12,-1,12,-1,12,0,13,0,13,0,13,0,13,1,13,2,14,1,14,3,14,3,0,0,-19,-4,-19,-4,-19,-3,-21,-5,-19,-5,-20,-5,-19,-6,-18,-6,-18,-6,-17,-5,-18,-6,-17,-5,-17,-5,-16,-5,-15,-5,-16,-3,-15,-2,-14,-2,-15,-1,-16,-2,-16,-2,-16,-1,-15,-2,-16,1,-18,-1,-18,0,0,0,-17,0,-18,0,-19,0,-17,0,-18,0,-18,-1,-18,-1,-18,-1,-18,-1,-17,-1,-18,-1,-17,-2,-17,-2,-17,-2,-16,-2,-18,-2,-17,-2,-17,-2,-16,-3,-15,-3,-16,-3,-15,-3,-15,-3,-15,-3,-14,-4,-14,-4,0,0]"
CSI_DATA: 11,3,4,4,3,3,3,0,-18,-38,1016.540,1017.553,11.120,1186.477,199.899,12.473,"[-14,4,-14,4,-14,5,-15,5,-15,5,-15,5,-15,5,-14,5,-15,5,-14,6,-15,6,-15,7,-15,7,-15,7,-16,7,-15,8,-14,7,-14,7,-15,8,-15,8,-15,8,-15,8,-15,8,-14,10,-16,10,-15,11,0,0,-15,11,-16,10,-16,11,-15,11,-16,11,-16,12,-17,11,-16,12,-16,12,-15,12,-16,13,-16,12,-17,12,-18,13,-17,11,-18,13,-18,13,-18,13,-19,12,-18,11,-19,11,-20,10,-20,10,-20,11,-20,10,-21,9,0,0,8,10,8,10,8,9,8,10,7,9,7,9,6,9,6,8,6,8,6,7,7,8,7,7,7,7,7,7,6,7,7,6,6,6,6,6,6,5,6,6,6,6,6,5,5,5,6,3,6,4,6,4,0,0,6,2,6,2,7,2,6,1,7,1,7,0,7,0,7,0,7,-1,7,-1,8,-3,8,-2,9,-3,10,-2,10,-2,12,-3,12,-3,12,-3,13,-2,13,-2,14,-1,14,0,15,0,16,-1,16,1,16,1,0,0]"
CSI_DATA: 12,4,3,3,2,2,3,0,-21,-39,1013.377,1014.390,56.806,1234.902,248.324,60.898,"[-13,-5,-13,-5,-14,-4,-15,-6,-14,-5,-14,-5,-14,-6,-14,-5,-14,-5,-14,-4,-15,-4,-15,-4,-15,-4,-15,-3,-15,-4,-15,-3,-14,-3,-14,-3,-15,-2,-15,-3,-15,-3,-15,-3,-15,-3,-15,0,-17,-1,-16,-1,0,0,-16,0,-17,0,-17,0,-16,1,-17,0,-18,0,-18,0,-17,0,-18,0,-17,1,-19,2,-18,1,-19,1,-19,0,-19,0,-20,0,-20,0,-20,-1,-20,-2,-19,-3,-20,-4,-19,-4,-20,-4,-20,-3,-19,-5,-19,-6,0,0,-7,-12,-7,-13,-7,-12,-8,-14,-8,-13,-8,-14,-8,-14,-7,-13,-8,-14,-8,-13,-9,-14,-10,-14,-10,-14,-9,-14,-8,-15,-10,-15,-9,-14,-9,-14,-9,-14,-8,-15,-7,-15,-8,-15,-7,-14,-9,-14,-8,-15,-9,-15,0,0,-8,-14,-8,-14,-8,-14,-7,-13,-7,-13,-6,-13,-6,-13,-5,-12,-6,-12,-6,-11,-6,-11,-5,-10,-5,-10,-5,-10,-5,-9,-5,-9,-5,-9,-5,-8,-4,-8,-4,-7,-4,-8,-3,-7,-3,-6,-4,-6,-3,-6,-3,-5,0,0]"
CSI_DATA: 13,5,4,4,2,3,3,0,-32,-21,626.453,1017.451,101.382,1305.116,318.538,131.112,"[15,6,16,6,15,5,17,6,15,5,16,5,16,5,15,4,15,5,15,3,17,4,17,3,17,3,16,2,16,4,16,1,16,1,15,2,17,1,16,1,16,2,16,1,15,1,16,-1,17,0,17,-1,0,0,16,-1,16,-1,17,-1,15,-1,17,-1,16,0,16,0,15,0,15,0,15,0,16,0,15,1,14,2,14,2,13,3,13,3,12,3,11,4,10,4,9,5,8,5,7,5,6,5,6,5,3,5,3,5,0,0,-10,10,-10,11,-9,11,-11,12,-10,11,-10,12,-10,11,-10,11,-10,12,-9,11,-9,13,-9,13,-9,14,-8,14,-10,13,-8,15,-8,14,-8,14,-8,15,-9,14,-10,15,-9,15,-9,14,-7,16,-9,17,-8,17,0,0,-8,17,-8,17,-8,18,-8,18,-8,18,-9,18,-9,17,-9,17,-8,18,-8,18,-8,19,-8,18,-8,18,-9,19,-8,18,-9,19,-9,18,-10,19,-10,19,-11,18,-11,18,-11,17,-12,17,-11,18,-13,18,-13,17,0,0]"
CSI_DATA: 14,6,3,3,2,2,3,0,-32,-17,1019.547,1020.560,156.875,1365.760,379.182,191.756,"[5,-2,5,-3,5,-3,6,-4,6,-5,6,-5,6,-6,7,-6,7,-6,7,-7,8,-8,8,-9,8,-9,9,-10,9,-9,9,-10,9,-10,9,-10,10,-11,10,-11,11,-11,10,-12,11,-11,9,-13,11,-14,11,-15,0,0,11,-14,12,-15,12,-15,11,-15,12,-15,13,-15,13,-15,13,-14,13,-15,12,-15,12,-16,12,-15,13,-15,13,-15,12,-14,13,-15,12,-14,13,-14,13,-13,13,-12,13,-12,13,-12,13,-12,12,-13,12,-11,12,-11,0,0,-10,-10,-11,-10,-11,-9,-12,-11,-12,-10,-13,-11,-12,-11,-12,-11,-12,-11,-13,-10,-14,-11,-14,-10,-14,-10,-14,-10,-14,-10,-15,-9,-15,-8,-14,-8,-16,-8,-16,-8,-16,-9,-17,-8,-16,-8,-18,-5,-19,-7,-20,-6,0,0,-20,-6,-20,-6,-22,-6,-21,-5,-22,-6,-22,-6,-22,-6,-22,-6,-23,-6,-23,-5,-25,-4,-24,-5,-24,-5,-25,-6,-24,-6,-26,-6,-25,-6,-26,-6,-26,-8,-25,-8,-26,-9,-25,-10,-25,-9,-27,-8,-26,-11,-25,-11,0,0]"
CSI_DATA: 15,7,3,3,3,3,3,0,-32,-17,934.449,935.462,201.168,1436.929,450.351,262.925,"[4,8,4,8,5,7,5,8,4,7,5,7,5,7,5,6,5,6,5,6,6,6,7,6,7,6,7,6,6,7,7,6,6,6,6,5,6,5,6,5,6,5,6,5,6,4,7,4,7,4,7,3,0,0,7,2,8,2,8,1,8,1,9,1,9,1,10,0,10,0,11,-1,11,-1,13,-2,12,-1,13,-1,14,-2,14,-2,16,-2,16,-2,17,-1,17,-1,18,0,19,0,19,1,20,2,21,1,21,3,22,4,0,0,-4,-19,-3,-20,-4,-19,-3,-21,-3,-20,-3,-20,-2,-20,-2,-19,-1,-19,-2,-18,-2,-19,-3,-18,-3,-17,-4,-16,-3,-16,-5,-16,-6,-16,-5,-15,-7,-15,-6,-16,-6,-17,-7,-16,-6,-16,-9,-16,-9,-17,-9,-18,0,0,-9,-18,-10,-18,-10,-18,-10,-18,-9,-18,-9,-19,-8,-19,-8,-18,-9,-19,-9,-18,-10,-19,-9,-18,-9,-18,-9,-19,-8,-18,-9,-19,-9,-18,-8,-18,-7,-18,-7,-18,-6,-18,-6,-18,-6,-18,-7,-18,-6,-18,-5,-18,0,0]"
CSI_DATA: 16,4,4,4,3,3,4,0,-24,-45,1403.381,1404.412,56.829,1622.237,185.308,58.239,"[-8,-13,-8,-12,-9,-12,-9,-13,-9,-13,-9,-12,-9,-13,-9,-12,-9,-12,-9,-11,-10,-13,-10,-12,-11,-12,-11,-12,-10,-12,-12,-12,-11,-11,-11,-11,-11,-10,-11,-11,-11,-11,-12,-10,-11,-11,-13,-9,-14,-11,-14,-10,0,0,-14,-10,-15,-10,-15,-10,-15,-9,-15,-10,-16,-10,-16,-11,-15,-10,-16,-11,-15,-11,-17,-11,-16,-11,-16,-12,-16,-12,-16,-12,-16,-12,-17,-12,-15,-13,-15,-13,-14,-13,-14,-14,-13,-14,-14,-15,-14,-15,-12,-15,-11,-15,0,0,-2,-21,-3,-22,-4,-21,-3,-23,-3,-21,-4,-21,-4,-21,-5,-20,-5,-21,-6,-19,-7,-21,-8,-21,-8,-21,-8,-21,-7,-22,-10,-22,-10,-21,-8,-21,-10,-21,-9,-22,-8,-22,-9,-21,-8,-21,-10,-20,-10,-22,-11,-21,0,0,-10,-20,-9,-20,-10,-20,-10,-19,-9,-19,-9,-20,-8,-19,-7,-18,-8,-19,-7,-18,-8,-19,-6,-17,-5,-17,-5,-18,-4,-17,-4,-17,-3,-16,-2,-16,-1,-15,0,-14,1,-14,1,-13,1,-12,2,-11,3,-11,4,-10,0,0]"
CSI_DATA: 17,5,5,5,3,4,4,0,-27,-25,1406.442,1407.473,101.393,1687.285,250.356,123.287,"[19,8,18,7,19,7,19,9,18,9,18,9,18,9,17,9,17,9,17,8,18,8,18,8,18,8,17,8,16,9,18,8,15,7,15,8,15,7,15,8,15,8,15,7,14,7,15,6,15,7,15,6,0,0,14,5,16,6,15,5,15,5,15,5,15,6,15,5,14,5,14,5,15,5,15,4,14,5,14,4,14,4,14,4,14,4,15,4,14,4,14,4,14,5,14,5,14,5,14,5,15,5,14,5,14,5,0,0,-14,1,-14,2,-13,3,-14,2,-14,2,-14,3,-14,3,-13,3,-14,3,-13,4,-14,4,-14,5,-14,6,-14,6,-14,5,-14,7,-14,7,-14,7,-14,8,-15,7,-16,7,-15,8,-15,8,-14,9,-17,9,-16,10,0,0,-16,10,-16,10,-17,11,-16,11,-16,10,-17,11,-17,10,-17,10,-17,12,-17,11,-17,12,-17,11,-17,11,-18,11,-18,12,-18,13,-19,13,-18,13,-19,12,-19,12,-21,11,-20,11,-21,10,-22,11,-22,10,-23,9,0,0]"
CSI_DATA: 18,6,4,4,3,3,4,0,-27,-15,1409.550,1410.581,156.819,1748.651,311.722,184.653,"[-1,9,0,10,1,10,1,11,1,11,1,12,1,12,2,12,2,12,2,12,2,14,2,14,2,14,2,14,2,14,3,14,3,13,3,14,3,14,3,15,2,15,3,15,3,15,5,15,4,16,4,16,0,0,4,16,4,16,4,16,5,16,4,16,4,18,4,17,4,16,4,17,4,16,4,17,3,16,3,17,3,17,3,16,4,17,3,17,3,16,2,17,2,16,2,16,1,15,1,16,2,16,0,16,1,16,0,0,-9,-13,-9,-13,-10,-13,-10,-15,-10,-14,-10,-14,-10,-14,-10,-14,-10,-14,-10,-14,-11,-15,-11,-14,-11,-14,-11,-13,-11,-14,-13,-13,-13,-12,-13,-13,-13,-12,-14,-12,-13,-13,-15,-12,-15,-13,-16,-11,-17,-13,-18,-12,0,0,-18,-11,-19,-12,-19,-12,-20,-12,-19,-12,-20,-12,-20,-12,-20,-13,-21,-12,-21,-13,-23,-13,-21,-13,-21,-14,-22,-14,-22,-14,-22,-14,-23,-15,-22,-14,-22,-15,-21,-15,-22,-17,-21,-17,-21,-18,-21,-17,-20,-19,-19,-19,0,0]"
CSI_DATA: 19,7,4,4,4,4,4,0,-28,-21,1324.453,1325.484,201.194,1816.613,379.684,252.615,"[-11,-6,-11,-5,-11,-5,-11,-6,-11,-5,-11,-5,-11,-5,-11,-4,-11,-4,-11,-4,-12,-4,-12,-4,-12,-4,-11,-4,-11,-5,-11,-4,-10,-4,-10,-4,-10,-3,-10,-3,-9,-3,-10,-3,-9,-2,-9,-1,-10,-1,-10,0,0,0,-9,1,-10,1,-10,2,-10,3,-10,2,-10,3,-10,3,-10,4,-11,4,-11,5,-12,6,-11,5,-12,6,-13,6,-13,6,-14,7,-14,8,-15,7,-16,7,-16,6,-17,6,-17,6,-18,6,-18,7,-19,5,-20,4,0,0,17,2,18,2,18,1,19,3,18,3,18,3,18,3,17,3,17,4,16,3,17,4,16,3,15,3,14,2,13,2,14,0,13,-1,13,-1,13,-2,14,-2,14,-2,14,-3,14,-2,14,-4,16,-4,16,-4,0,0,16,-5,16,-4,17,-5,16,-5,16,-4,17,-3,17,-3,17,-3,17,-3,16,-3,17,-4,16,-2,16,-2,16,-2,16,-2,16,-2,16,-2,15,-2,15,-1,14,-1,14,0,14,0,14,0,14,0,13,0,13,0,0,0]"
CSI_DATA: 20,4,5,5,4,4,5,0,-25,-65,1793.373,1794.461,56.851,2012.264,195.651,58.265,"[9,-8,8,-9,8,-9,9,-10,8,-9,8,-9,7,-9,7,-9,7,-9,7,-10,7,-10,6,-11,6,-11,6,-11,7,-11,5,-11,5,-11,5,-11,4,-11,5,-11,5,-11,4,-12,4,-12,3,-12,4,-13,3,-14,0,0,2,-14,3,-14,2,-15,2,-14,3,-15,3,-15,3,-15,3,-16,3,-16,3,-16,3,-17,4,-16,4,-16,4,-17,4,-16,4,-17,4,-17,5,-17,5,-17,6,-16,7,-16,7,-15,8,-15,7,-15,9,-14,9,-14,0,0,-35,11,-37,5,-62,29,-64,32,-69,19,-70,18,-38,11,-37,7,-43,6,-67,22,-63,33,-77,42,-95,49,-67,25,-60,24,-90,31,-93,41,-71,26,-68,24,-47,21,-64,16,-54,31,-64,0,-56,19,-66,36,-70,31,0,0,-64,61,-74,50,-81,52,-64,73,-50,41,-67,50,-60,38,-52,49,-62,48,-58,69,-58,91,-41,44,-57,57,-56,69,-53,89,-67,94,-81,86,-75,73,-59,80,-73,78,-73,69,-52,67,-71,45,-57,53,-55,53,-66,52,0,0]"
CSI_DATA: 21,3,5,5,6,4,6,0,-22,-27,2186.546,2187.550,9.68,2356.538,344.274,12.539,"[-10,-10,-11,-11,-11,-10,-11,-12,-11,-11,-11,-11,-11,-11,-10,-11,-11,-11,-11,-10,-12,-11,-12,-10,-12,-11,-12,-10,-11,-11,-12,-10,-12,-10,-12,-9,-12,-10,-12,-10,-12,-10,-13,-10,-11,-10,-13,-9,-14,-10,-14,-9,0,0,-14,-9,-14,-9,-15,-9,-14,-8,-14,-9,-14,-9,-15,-10,-14,-9,-15,-9,-15,-9,-16,-9,-15,-9,-15,-9,-16,-9,-15,-9,-16,-9,-17,-9,-16,-10,-16,-11,-15,-11,-15,-11,-16,-12,-16,-12,-17,-12,-15,-13,-15,-13,0,0,-4,-14,-4,-14,-4,-14,-3,-15,-4,-15,-4,-15,-4,-15,-4,-15,-4,-15,-4,-14,-4,-16,-5,-15,-5,-16,-5,-16,-4,-16,-6,-17,-6,-15,-6,-15,-6,-15,-7,-16,-7,-16,-7,-16,-7,-16,-9,-15,-9,-17,-10,-17,0,0,-10,-16,-10,-17,-11,-17,-12,-16,-11,-17,-12,-17,-12,-17,-12,-17,-13,-17,-13,-17,-14,-18,-13,-17,-13,-18,-14,-18,-14,-19,-14,-19,-15,-19,-14,-19,-14,-20,-13,-19,-13,-20,-12,-20,-12,-21,-12,-21,-10,-21,-10,-22,0,0]"
CSI_DATA: 22,4,6,6,5,5,6,0,-19,-31,2183.386,2184.390,54.790,2423.19,410.755,79.20,"[-6,-13,-7,-13,-7,-11,-7,-13,-7,-12,-8,-12,-8,-12,-8,-12,-8,-12,-8,-11,-9,-12,-10,-11,-10,-11,-10,-11,-10,-12,-11,-11,-11,-10,-10,-10,-11,-9,-11,-10,-11,-10,-12,-10,-11,-10,-13,-8,-14,-10,-14,-9,0,0,-15,-9,-15,-9,-16,-9,-15,-8,-16,-9,-17,-9,-17,-10,-16,-9,-17,-10,-17,-9,-18,-9,-18,-10,-18,-10,-19,-11,-18,-10,-19,-11,-19,-11,-19,-12,-18,-13,-17,-13,-17,-14,-16,-15,-16,-15,-17,-15,-15,-16,-15,-17,0,0,1,-17,1,-17,0,-17,1,-18,1,-17,1,-17,1,-17,1,-16,1,-16,0,-16,1,-17,0,-17,0,-17,0,-16,1,-16,0,-17,-1,-15,0,-15,-1,-14,-1,-15,0,-14,-1,-14,-1,-14,-3,-14,-2,-15,-3,-15,0,0,-4,-15,-4,-15,-5,-15,-5,-15,-5,-15,-6,-16,-5,-16,-6,-15,-6,-16,-6,-16,-7,-17,-6,-16,-7,-17,-7,-17,-7,-18,-7,-19,-8,-19,-7,-19,-6,-20,-6,-19,-5,-20,-4,-20,-5,-21,-5,-21,-3,-22,-2,-22,0,0]"
CSI_DATA: 23,5,6,6,5,5,6,0,-24,-20,2186.447,2187.451,99.332,2496.259,483.995,152.260,"[12,4,13,4,12,3,14,4,13,4,13,4,12,4,12,4,13,4,12,3,13,3,13,3,13,3,13,3,13,4,13,2,13,2,12,2,13,1,13,2,13,2,13,2,12,2,13,0,14,1,14,1,0,0,14,0,14,0,14,0,13,-1,14,0,14,0,14,0,14,0,15,0,14,0,16,-1,14,0,15,0,15,0,15,0,16,0,16,1,16,1,16,1,15,2,15,2,15,3,15,4,15,3,15,4,15,4,0,0,12,-4,12,-4,12,-5,13,-5,12,-5,12,-5,12,-5,11,-6,11,-5,11,-6,12,-6,11,-7,11,-7,11,-7,12,-7,12,-9,10,-9,11,-8,11,-8,11,-8,12,-8,11,-9,11,-8,10,-10,12,-10,12,-11,0,0,11,-11,12,-11,12,-11,11,-11,12,-11,12,-11,12,-11,12,-11,12,-12,12,-12,12,-13,12,-12,12,-12,12,-12,12,-12,13,-13,13,-13,13,-13,14,-13,14,-12,15,-12,15,-11,15,-11,16,-12,17,-10,17,-10,0,0]"
CSI_DATA: 24,6,5,5,5,4,6,0,-21,-19,2189.556,2190.560,154.852,2558.131,545.867,214.132,"[-9,5,-9,5,-8,6,-9,6,-9,6,-9,6,-9,6,-8,6,-9,7,-8,7,-9,8,-8,8,-8,9,-8,9,-9,9,-8,10,-7,9,-7,10,-7,11,-8,10,-8,10,-8,11,-8,11,-6,12,-7,13,-7,13,0,0,-7,13,-7,13,-7,14,-7,14,-7,14,-8,15,-8,14,-8,15,-8,14,-8,14,-7,16,-8,15,-8,15,-8,16,-8,16,-8,16,-8,17,-9,16,-10,16,-10,15,-11,15,-11,15,-11,15,-11,16,-12,14,-12,14,0,0,-13,10,-13,10,-12,11,-14,11,-14,11,-14,11,-14,11,-13,11,-14,10,-13,11,-14,11,-13,12,-13,12,-12,12,-13,11,-12,13,-11,12,-11,12,-10,13,-11,13,-11,13,-11,14,-11,13,-9,15,-10,16,-9,17,0,0,-9,16,-10,17,-9,17,-9,17,-9,17,-9,18,-9,18,-9,18,-9,19,-8,20,-9,21,-9,20,-9,20,-9,20,-10,21,-10,21,-9,21,-10,21,-11,22,-11,21,-12,22,-13,20,-13,22,-13,21,-15,21,-16,20,0,0]"
CSI_DATA: 25,7,5,5,5,5,6,0,-27,-20,1714.446,2105.464,591.212,2624.42,611.778,280.43,"[3,-13,2,-14,2,-14,3,-14,2,-14,2,-14,2,-13,2,-13,2,-13,1,-13,1,-14,0,-14,1,-14,0,-14,1,-14,0,-14,-1,-13,-1,-13,-1,-13,-1,-13,-1,-13,-2,-14,-1,-13,-3,-13,-3,-15,-4,-14,0,0,-5,-14,-5,-15,-6,-15,-6,-14,-6,-16,-7,-15,-7,-16,-7,-16,-7,-16,-7,-16,-9,-17,-8,-18,-8,-18,-9,-19,-9,-18,-10,-19,-10,-20,-9,-21,-9,-21,-8,-21,-8,-23,-8,-23,-7,-24,-9,-25,-6,-25,-6,-26,0,0,-10,-5,-10,-5,-10,-5,-10,-6,-10,-5,-9,-6,-9,-5,-9,-5,-9,-5,-8,-5,-8,-5,-8,-4,-8,-4,-8,-3,-8,-3,-8,-2,-8,-2,-8,-2,-8,-1,-9,-2,-9,-2,-9,-1,-9,-2,-9,-1,-10,-1,-10,-1,0,0,-10,-1,-11,-1,-11,-1,-10,-1,-11,-1,-11,-1,-11,-1,-10,-1,-11,-1,-11,-1,-11,-1,-11,-1,-11,-1,-11,-1,-11,-2,-11,-1,-11,-1,-11,-2,-11,-2,-10,-2,-11,-2,-11,-3,-11,-3,-11,-2,-11,-4,-11,-4,0,0]"
CSI_DATA: 26,3,6,6,7,5,7,0,-21,-27,2584.330,2587.593,21.197,2756.667,132.625,22.670,"[11,10,12,10,12,9,13,11,12,10,12,10,12,10,12,10,12,10,12,9,13,10,13,10,13,10,13,10,13,10,14,9,13,9,12,9,14,8,13,9,13,9,14,8,12,9,14,7,15,8,15,8,0,0,15,7,15,7,16,7,15,7,16,7,16,7,16,7,16,7,16,7,16,6,18,6,17,7,17,7,18,7,17,7,19,7,18,7,18,7,18,8,18,8,18,9,18,9,18,10,19,10,17,11,17,11,0,0,15,8,15,8,15,7,16,9,15,8,15,9,15,9,14,8,15,9,15,8,16,8,16,7,16,7,16,6,15,7,17,6,16,5,16,5,16,4,16,5,17,6,17,4,16,5,17,2,18,3,19,3,0,0,18,2,19,1,19,1,20,0,20,1,21,1,20,1,20,1,21,0,21,0,22,-1,21,0,21,0,22,1,22,0,23,0,24,0,23,1,23,2,22,3,22,4,22,4,22,4,22,4,21,6,20,5,0,0]"
CSI_DATA: 27,4,7,7,6,6,7,0,-23,-27,2581.171,2584.434,66.855,2802.231,178.189,68.234,"[-6,11,-5,11,-4,11,-6,12,-5,11,-5,12,-5,11,-4,11,-4,11,-3,11,-4,12,-3,12,-3,12,-3,12,-3,12,-2,12,-1,11,-1,11,-1,12,-1,12,-1,12,0,12,0,11,1,12,1,13,2,13,0,0,2,13,2,13,3,14,3,13,3,14,3,14,3,14,4,14,4,15,4,14,5,16,4,15,4,16,4,16,4,16,4,18,4,17,3,18,3,18,2,18,1,18,1,18,0,18,0,19,-1,19,-2,19,0,0,-17,-2,-17,-2,-17,-1,-18,-2,-17,-1,-17,-2,-17,-2,-17,-2,-17,-2,-16,0,-18,0,-18,0,-18,1,-18,1,-17,-1,-18,0,-17,1,-17,1,-16,2,-17,1,-17,1,-17,2,-17,2,-17,5,-18,3,-18,4,0,0,-18,4,-18,4,-18,6,-18,6,-18,5,-19,5,-19,5,-19,5,-19,5,-19,6,-20,8,-19,6,-20,6,-20,6,-21,6,-21,6,-21,7,-22,5,-22,4,-22,3,-23,3,-22,2,-22,2,-22,4,-23,1,-23,0,0,0]"
CSI_DATA: 28,5,7,7,6,6,7,0,-28,-21,2584.232,2587.494,111.427,2863.401,239.359,129.404,"[2,14,2,15,3,14,2,16,2,15,2,15,2,15,2,14,1,15,2,14,2,15,2,15,2,16,2,14,1,15,2,14,2,14,2,13,3,14,2,14,1,14,2,14,1,13,3,13,3,15,3,15,0,0,3,14,2,14,3,15,3,13,3,14,3,14,3,14,3,13,3,14,3,13,3,14,3,13,3,14,3,14,2,13,3,14,2,13,2,14,1,13,1,13,1,13,0,13,0,12,1,13,0,12,0,12,0,0,-16,5,-16,5,-15,6,-16,5,-16,5,-15,5,-15,5,-15,5,-15,5,-14,5,-15,7,-15,8,-15,7,-14,7,-15,6,-15,9,-14,8,-14,8,-14,8,-15,8,-16,8,-15,9,-15,8,-14,10,-15,10,-15,11,0,0,-15,10,-16,11,-15,11,-15,12,-15,11,-16,11,-16,11,-16,10,-16,11,-16,12,-16,14,-15,12,-16,12,-17,12,-17,13,-17,13,-18,13,-18,13,-19,12,-19,12,-20,11,-20,10,-21,11,-21,12,-22,10,-22,10,0,0]"
CSI_DATA: 29,6,6,6,6,5,7,0,-21,-19,2587.341,2590.604,166.824,2925.242,301.200,191.245,"[-8,-4,-9,-4,-9,-3,-10,-3,-10,-3,-10,-3,-10,-3,-10,-2,-11,-2,-11,-2,-12,-2,-12,-1,-12,-1,-12,-1,-13,-1,-13,0,-13,0,-12,0,-13,1,-14,1,-14,0,-14,1,-14,1,-14,3,-15,2,-16,3,0,0,-16,3,-16,3,-17,4,-16,4,-17,4,-18,4,-18,4,-18,4,-18,4,-18,4,-20,5,-19,4,-19,4,-20,4,-19,4,-21,5,-20,4,-21,5,-21,4,-21,3,-22,2,-21,2,-21,2,-22,2,-22,1,-22,0,0,0,-13,2,-13,3,-13,3,-14,3,-14,3,-15,3,-15,3,-15,3,-15,3,-14,3,-16,4,-15,4,-16,4,-15,4,-15,3,-16,6,-14,6,-14,5,-14,6,-15,6,-16,6,-15,7,-15,7,-14,9,-16,9,-16,10,0,0,-16,10,-17,10,-16,11,-16,11,-16,11,-18,11,-18,11,-17,12,-18,12,-17,13,-18,14,-18,12,-18,13,-19,13,-19,14,-19,14,-19,14,-20,14,-21,13,-20,13,-22,13,-22,11,-22,12,-22,13,-24,11,-23,10,0,0]"
CSI_DATA: 30,7,6,6,6,6,7,0,-20,-22,2502.246,2505.509,211.197,2992.216,368.174,258.219,"[3,16,4,17,5,15,4,18,4,16,4,16,4,16,4,15,3,15,4,15,4,16,4,15,4,16,4,15,3,15,4,14,4,14,3,13,5,14,4,14,4,14,4,13,3,12,5,12,5,14,5,13,0,0,6,12,6,12,7,13,6,11,6,12,7,12,7,12,7,12,8,12,7,11,8,12,7,12,8,12,9,13,8,12,9,13,9,13,9,13,9,13,8,13,8,14,8,15,8,15,8,16,6,16,7,17,0,0,7,16,7,16,8,15,7,17,6,16,5,16,5,16,5,15,4,16,4,14,4,15,4,14,4,13,4,12,3,12,5,12,5,10,5,10,6,10,5,10,5,11,6,10,5,10,7,9,7,11,7,11,0,0,7,10,7,10,7,10,7,10,6,10,6,11,6,11,6,10,6,10,6,10,6,10,5,9,5,9,5,9,5,9,5,9,5,9,4,9,4,8,4,8,4,8,4,7,4,7,5,7,4,7,4,7,0,0]"
CSI_DATA: 31,3,7,7,10,6,10,0,-21,-26,3746.521,3747.594,11.121,3916.696,924.480,12.689,"[-13,6,-13,7,-12,7,-14,7,-13,7,-13,7,-13,7,-12,7,-13,7,-12,8,-13,8,-12,9,-13,9,-12,9,-13,9,-12,10,-12,10,-11,9,-12,11,-12,10,-12,10,-12,11,-12,10,-11,11,-13,11,-12,12,0,0,-12,13,-12,12,-13,14,-11,13,-13,13,-13,13,-13,13,-13,13,-13,13,-13,13,-13,15,-14,13,-14,13,-14,14,-14,13,-15,14,-15,14,-15,14,-15,13,-15,12,-16,12,-17,11,-17,11,-17,12,-18,10,-18,10,0,0,-17,-3,-17,-2,-18,-1,-19,-2,-18,-2,-18,-2,-18,-2,-17,-2,-18,-2,-17,-2,-19,-2,-18,-2,-18,-1,-18,-1,-17,-1,-18,1,-17,1,-17,1,-17,2,-18,2,-17,1,-17,2,-17,1,-17,3,-18,3,-18,4,0,0,-17,5,-18,5,-18,6,-18,6,-18,6,-19,7,-18,7,-18,7,-18,8,-18,7,-20,9,-19,7,-20,7,-20,8,-20,9,-21,9,-21,9,-21,9,-22,9,-21,8,-22,7,-21,7,-23,6,-24,6,-24,4,-24,4,0,0]"
CSI_DATA: 32,4,8,8,9,7,10,0,-24,-28,3743.365,3744.438,56.755,3974.08,981.792,70.01,"[-4,10,-4,11,-3,10,-3,11,-3,10,-3,11,-3,10,-3,10,-3,10,-2,10,-2,11,-1,11,-1,11,-1,10,-2,11,0,11,0,10,0,10,1,10,0,10,0,10,1,10,1,10,2,10,2,11,3,11,0,0,3,10,3,11,4,11,4,11,4,11,4,12,4,12,4,12,5,12,5,12,6,13,5,12,5,13,5,13,5,13,6,14,5,14,5,15,4,15,4,15,3,15,3,16,2,16,3,16,1,16,1,16,0,0,-3,-13,-3,-13,-4,-13,-3,-13,-4,-13,-4,-13,-4,-13,-4,-12,-5,-12,-5,-12,-5,-13,-6,-12,-6,-12,-6,-12,-6,-12,-8,-12,-8,-11,-8,-12,-8,-11,-9,-11,-9,-12,-9,-11,-9,-11,-11,-11,-11,-11,-12,-11,0,0,-13,-11,-14,-11,-14,-11,-15,-11,-15,-12,-15,-13,-15,-12,-15,-12,-17,-12,-16,-13,-18,-13,-17,-13,-17,-14,-17,-14,-18,-14,-18,-15,-19,-15,-18,-16,-18,-17,-17,-17,-16,-18,-15,-17,-15,-18,-16,-18,-14,-20,-14,-20,0,0]"
CSI_DATA: 33,5,8,8,9,7,10,0,-25,-21,3746.425,3747.498,101.312,4040.879,1048.663,136.872,"[13,12,14,12,14,11,15,13,13,12,13,12,13,12,12,11,12,12,12,11,13,12,13,11,13,11,13,10,12,11,14,10,13,9,12,9,14,9,13,9,13,10,13,9,12,9,14,8,13,9,14,9,0,0,14,8,14,8,15,7,14,7,15,8,15,8,14,8,14,8,14,7,15,7,16,7,15,7,15,7,15,7,15,7,16,7,16,7,16,7,15,8,15,8,15,9,15,9,15,10,16,10,14,10,14,11,0,0,-15,4,-15,5,-14,5,-16,5,-15,6,-15,6,-15,6,-14,6,-15,6,-13,6,-15,7,-14,8,-14,8,-14,8,-14,8,-14,10,-14,9,-14,9,-13,10,-14,10,-15,10,-14,11,-14,10,-13,11,-15,12,-14,13,0,0,-14,13,-14,13,-15,13,-14,13,-14,13,-15,14,-15,14,-14,13,-14,15,-13,14,-15,16,-15,14,-15,14,-15,15,-15,15,-16,17,-16,16,-16,17,-17,16,-17,15,-18,16,-18,14,-19,14,-20,15,-21,14,-22,13,0,0]"
CSI_DATA: 34,6,7,7,9,6,10,0,-22,-17,3749.535,3750.608,156.847,4105.20,1112.804,201.13,"[-10,2,-10,3,-9,4,-11,3,-11,4,-11,4,-11,4,-11,4,-11,5,-11,5,-12,6,-12,6,-12,6,-12,7,-13,7,-12,8,-11,8,-11,8,-12,9,-12,9,-13,8,-12,10,-13,9,-12,10,-14,11,-13,11,0,0,-13,11,-13,12,-14,13,-13,12,-14,12,-14,12,-15,12,-14,12,-14,12,-14,12,-14,14,-15,12,-15,13,-15,13,-15,13,-15,14,-16,14,-16,13,-16,13,-16,11,-17,11,-17,11,-17,11,-17,12,-18,11,-18,10,0,0,5,-7,4,-8,4,-8,5,-8,5,-8,5,-8,4,-9,4,-9,4,-9,4,-9,5,-9,4,-9,4,-10,4,-9,4,-9,3,-11,3,-10,3,-10,2,-11,2,-11,3,-11,2,-11,3,-11,1,-12,2,-12,1,-13,0,0,1,-13,1,-13,0,-14,0,-14,0,-14,0,-14,0,-14,0,-14,0,-15,0,-14,0,-16,1,-15,1,-15,0,-16,0,-16,0,-17,0,-16,0,-17,1,-17,1,-16,2,-17,2,-16,2,-17,2,-17,4,-17,4,-17,0,0]"
CSI_DATA: 35,7,7,7,8,7,10,0,-20,-20,3274.455,3665.515,201.211,4169.956,1177.740,265.949,"[-9,-15,-9,-15,-9,-14,-9,-16,-8,-15,-8,-15,-8,-15,-7,-14,-7,-14,-8,-14,-8,-15,-8,-14,-8,-14,-8,-14,-7,-14,-8,-13,-8,-12,-7,-12,-8,-12,-7,-12,-7,-12,-8,-11,-7,-11,-8,-10,-8,-11,-9,-11,0,0,-9,-10,-9,-11,-10,-10,-10,-9,-9,-10,-10,-10,-10,-10,-10,-10,-10,-9,-10,-9,-12,-10,-11,-10,-11,-10,-12,-10,-11,-10,-13,-10,-13,-10,-13,-11,-12,-11,-12,-11,-12,-12,-12,-13,-12,-14,-12,-14,-11,-15,-11,-15,0,0,17,-5,16,-5,16,-6,18,-6,17,-5,17,-5,17,-5,16,-4,17,-4,16,-4,17,-3,16,-4,16,-3,14,-3,14,-3,14,-5,12,-5,12,-5,12,-6,12,-6,13,-5,12,-6,12,-6,12,-7,13,-7,13,-8,0,0,12,-8,13,-8,13,-9,13,-8,13,-8,14,-8,13,-7,13,-7,13,-8,13,-7,14,-7,13,-6,13,-6,13,-6,12,-6,12,-6,12,-5,12,-5,12,-5,11,-4,11,-3,10,-3,10,-3,10,-3,9,-2,9,-2,0,0]"
CSI_DATA: 36,4,9,9,11,8,12,0,-24,-39,4523.674,4524.409,54.594,4742.298,572.342,58.290,"[7,-10,6,-11,5,-11,7,-12,6,-11,6,-12,6,-11,5,-11,5,-11,4,-11,5,-12,4,-12,5,-12,4,-12,4,-12,3,-12,3,-12,3,-11,3,-12,3,-12,3,-12,2,-12,3,-12,1,-12,2,-13,1,-13,0,0,0,-13,1,-13,0,-15,0,-13,0,-14,0,-15,0,-15,0,-15,0,-15,0,-14,-1,-17,0,-16,0,-16,0,-17,0,-16,0,-18,0,-17,1,-17,1,-18,3,-17,3,-17,4,-17,4,-17,4,-17,6,-17,6,-17,0,0,0,4,0,5,1,5,1,6,1,6,1,6,1,6,1,7,1,7,2,7,3,8,3,8,3,8,3,8,3,8,5,8,4,7,4,7,5,7,5,8,5,8,5,7,5,7,7,6,7,7,8,6,0,0,8,5,10,5,10,5,11,4,11,5,12,4,13,4,12,4,14,3,14,3,17,2,16,3,17,2,18,2,19,3,20,2,20,2,21,3,22,4,22,5,23,5,23,5,24,6,25,5,24,8,24,9,0,0]"
CSI_DATA: 37,5,9,9,11,8,12,0,-25,-26,4526.734,4527.469,99.160,4788.64,618.108,104.56,"[-13,12,-13,13,-12,13,-14,13,-13,12,-14,12,-13,12,-12,12,-13,12,-12,11,-13,13,-12,13,-12,13,-12,13,-13,12,-12,13,-11,13,-11,12,-11,13,-12,12,-12,12,-11,13,-11,11,-9,13,-11,14,-10,14,0,0,-10,14,-10,13,-10,15,-9,13,-10,14,-10,14,-10,14,-9,14,-9,15,-9,13,-9,15,-10,14,-10,14,-10,15,-10,14,-10,16,-9,15,-10,15,-10,14,-10,13,-11,14,-11,13,-11,13,-11,14,-12,13,-12,12,0,0,6,-13,6,-14,5,-13,7,-15,6,-14,6,-15,6,-14,6,-14,6,-14,4,-14,5,-15,4,-15,4,-16,4,-15,5,-16,3,-17,2,-17,3,-16,3,-17,4,-17,4,-18,4,-18,4,-17,2,-18,3,-20,3,-20,0,0,3,-20,4,-20,3,-20,2,-19,4,-20,4,-20,4,-20,4,-19,4,-20,4,-19,3,-21,4,-19,3,-19,3,-20,3,-19,3,-21,2,-20,3,-21,3,-21,4,-20,5,-21,5,-21,5,-21,4,-22,6,-22,7,-22,0,0]"
CSI_DATA: 38,6,8,8,11,7,12,0,-23,-19,4529.845,4530.580,154.666,4855.512,685.556,171.504,"[-5,-1,-5,0,-5,0,-6,0,-6,0,-6,0,-6,0,-5,0,-6,0,-5,0,-6,0,-6,0,-6,0,-6,1,-6,1,-6,1,-6,1,-6,1,-6,1,-6,1,-6,1,-6,2,-6,1,-6,2,-7,2,-6,2,0,0,-6,3,-6,2,-7,3,-6,3,-7,3,-7,3,-7,3,-7,3,-7,3,-7,3,-7,3,-7,3,-7,3,-7,3,-7,3,-8,3,-8,3,-8,3,-8,3,-7,3,-8,2,-8,2,-8,2,-8,2,-8,1,-8,1,0,0,11,5,12,4,12,4,13,5,12,5,13,4,12,4,12,4,13,4,12,4,13,4,13,3,13,3,13,2,13,3,14,1,13,1,13,1,14,1,14,1,15,1,14,0,14,0,15,-2,16,-1,17,-2,0,0,17,-3,17,-3,17,-3,17,-3,18,-3,19,-3,19,-3,19,-3,19,-3,20,-4,21,-5,20,-4,20,-4,21,-4,21,-4,22,-4,22,-4,23,-4,23,-2,23,-1,24,-1,23,0,24,0,24,0,25,2,24,2,0,0]"
CSI_DATA: 39,7,8,8,10,8,12,0,-19,-17,4444.753,4445.488,199.43,4912.456,742.500,228.448,"[-11,-14,-12,-14,-12,-14,-12,-16,-11,-14,-12,-15,-11,-14,-11,-14,-11,-14,-11,-13,-12,-14,-12,-13,-12,-14,-12,-13,-11,-14,-12,-13,-12,-12,-11,-12,-12,-12,-12,-12,-11,-13,-12,-12,-11,-12,-13,-11,-13,-12,-13,-11,0,0,-13,-11,-14,-11,-14,-11,-13,-10,-14,-11,-14,-11,-14,-11,-14,-11,-14,-11,-14,-10,-15,-11,-14,-11,-15,-11,-15,-11,-15,-10,-16,-11,-16,-11,-16,-11,-15,-12,-15,-12,-15,-13,-14,-13,-15,-14,-16,-14,-14,-14,-14,-15,0,0,-6,16,-6,17,-5,17,-6,18,-6,17,-6,17,-6,17,-6,16,-7,17,-6,15,-6,17,-6,16,-5,16,-5,15,-5,15,-3,16,-3,15,-3,14,-2,15,-2,16,-3,16,-1,16,-2,15,0,16,-1,17,0,18,0,0,1,17,1,18,1,18,1,18,1,18,0,19,0,18,0,18,0,19,0,18,1,20,-1,18,-1,18,-1,19,-1,19,-1,19,-1,19,-1,19,-2,18,-2,18,-3,18,-3,16,-4,17,-3,17,-4,16,-5,16,0,0]"
CSI_DATA: 40,3,8,8,13,7,13,0,-25,-36,4918.03,4927.547,21.71,5096.596,184.140,22.597,"[0,11,0,11,2,11,1,13,1,11,1,12,1,12,1,12,1,12,2,11,2,13,2,13,2,13,2,13,2,13,3,13,3,13,3,12,4,13,3,13,3,14,4,13,3,13,5,13,5,14,5,14,0,0,6,14,6,14,6,15,6,13,6,15,6,16,7,15,6,15,6,15,6,14,8,16,6,15,7,16,7,16,6,15,7,17,7,16,6,17,6,17,5,17,4,17,4,16,4,16,5,16,4,16,3,17,0,0,-10,-4,-10,-4,-9,-3,-10,-4,-9,-3,-8,-3,-8,-3,-7,-3,-7,-3,-6,-3,-7,-3,-6,-3,-6,-3,-6,-3,-6,-3,-6,-3,-6,-3,-5,-3,-5,-2,-5,-3,-5,-3,-5,-3,-5,-3,-5,-2,-6,-3,-6,-3,0,0,-6,-3,-6,-3,-6,-3,-6,-3,-6,-3,-6,-3,-7,-3,-6,-3,-7,-3,-7,-3,-8,-3,-8,-3,-8,-3,-8,-3,-8,-3,-9,-3,-8,-3,-9,-3,-9,-3,-9,-4,-9,-4,-9,-4,-9,-4,-9,-3,-9,-4,-9,-4,0,0]"
CSI_DATA: 41,4,10,10,12,9,13,0,-27,-35,4914.849,4924.393,66.876,5144.706,232.250,70.707,"[-13,1,-14,1,-13,2,-14,1,-13,2,-13,2,-12,2,-12,2,-12,2,-11,3,-12,3,-12,3,-12,4,-11,4,-11,4,-11,5,-10,5,-9,5,-10,5,-10,5,-10,5,-9,6,-9,6,-8,8,-9,8,-8,9,0,0,-7,9,-8,10,-8,11,-7,10,-8,11,-8,12,-8,12,-8,12,-8,13,-8,13,-8,15,-9,13,-9,14,-9,15,-9,14,-10,16,-10,16,-10,16,-11,15,-12,14,-13,14,-14,13,-14,14,-15,14,-16,13,-16,12,0,0,-4,9,-4,10,-4,10,-5,11,-5,10,-5,11,-5,10,-5,10,-5,10,-4,10,-4,12,-3,12,-3,12,-4,12,-4,12,-4,12,-3,12,-3,11,-3,12,-3,12,-3,13,-2,13,-2,12,0,13,-1,14,0,15,0,0,1,15,0,16,2,17,2,15,1,17,1,18,0,18,1,18,1,18,2,18,4,20,3,19,3,19,2,21,2,21,3,23,3,21,2,22,0,22,-1,21,0,22,-2,21,0,21,1,22,-1,22,-2,22,0,0]"
CSI_DATA: 42,5,10,10,12,9,13,0,-21,-23,4917.909,4927.453,111.434,5206.716,294.260,132.717,"[-10,-13,-11,-14,-11,-12,-11,-15,-11,-13,-11,-14,-11,-13,-11,-13,-11,-13,-11,-12,-12,-13,-12,-13,-12,-13,-12,-13,-12,-13,-12,-12,-12,-11,-12,-11,-13,-11,-12,-12,-12,-12,-13,-11,-12,-11,-14,-10,-14,-12,-15,-11,0,0,-15,-10,-15,-11,-16,-11,-15,-9,-15,-11,-16,-11,-16,-11,-16,-11,-16,-11,-15,-10,-17,-10,-16,-11,-16,-11,-17,-12,-16,-11,-17,-12,-17,-12,-16,-12,-16,-13,-15,-13,-15,-13,-14,-14,-14,-14,-15,-14,-13,-15,-13,-15,0,0,7,-12,8,-13,6,-12,7,-13,7,-12,8,-13,7,-12,7,-12,7,-12,5,-12,6,-14,5,-14,4,-14,4,-14,6,-14,5,-15,4,-15,4,-14,4,-16,4,-15,5,-16,5,-16,5,-15,2,-16,4,-17,3,-18,0,0,3,-17,4,-18,3,-19,2,-17,4,-18,4,-18,4,-18,3,-18,3,-19,2,-18,2,-20,2,-19,2,-19,2,-20,2,-20,2,-22,2,-21,2,-22,4,-22,4,-21,5,-23,7,-22,6,-22,5,-24,8,-23,9,-23,0,0]"
CSI_DATA: 43,6,9,9,12,8,13,0,-25,-16,4921.20,4930.564,166.837,5279.625,367.169,205.626,"[-6,3,-6,4,-6,4,-7,5,-7,5,-7,5,-7,6,-6,6,-7,6,-6,7,-7,8,-7,8,-6,8,-6,9,-7,9,-6,9,-6,10,-6,10,-5,11,-6,11,-7,12,-6,13,-6,12,-5,13,-6,14,-6,15,0,0,-6,15,-7,16,-6,17,-6,15,-7,17,-7,17,-7,17,-7,18,-7,17,-7,17,-7,19,-7,18,-8,18,-9,19,-8,19,-9,19,-8,19,-9,19,-10,19,-10,17,-11,18,-11,18,-12,17,-11,18,-12,17,-12,17,0,0,0,-13,0,-14,-1,-14,0,-15,-1,-14,0,-15,-1,-14,-1,-15,-1,-15,-1,-14,-2,-15,-3,-15,-3,-15,-3,-15,-2,-15,-3,-15,-4,-15,-3,-14,-4,-15,-4,-15,-4,-16,-4,-16,-4,-15,-7,-15,-7,-16,-8,-16,0,0,-7,-17,-7,-17,-8,-18,-8,-16,-8,-18,-7,-18,-8,-19,-8,-18,-8,-19,-9,-18,-10,-20,-9,-19,-9,-19,-9,-20,-8,-20,-9,-21,-9,-20,-8,-21,-7,-22,-6,-21,-6,-23,-5,-22,-6,-22,-7,-22,-5,-23,-4,-23,0,0]"
CSI_DATA: 44,7,9,9,10,9,13,0,-19,-21,4444.753,4845.472,211.226,5346.874,434.418,272.875,"[-11,-14,-12,-14,-12,-14,-12,-16,-11,-14,-12,-15,-11,-14,-11,-14,-11,-14,-11,-13,-12,-14,-12,-13,-12,-14,-12,-13,-11,-14,-12,-13,-12,-12,-11,-12,-12,-12,-12,-12,-11,-13,-12,-12,-11,-12,-13,-11,-13,-12,-13,-11,0,0,-13,-11,-14,-11,-14,-11,-13,-10,-14,-11,-14,-11,-14,-11,-14,-11,-14,-11,-14,-10,-15,-11,-14,-11,-15,-11,-15,-11,-15,-10,-16,-11,-16,-11,-16,-11,-15,-12,-15,-12,-15,-13,-14,-13,-15,-14,-16,-14,-14,-14,-14,-15,0,0,17,9,17,9,17,8,19,10,17,9,17,10,16,10,16,10,15,11,15,9,15,10,15,9,14,9,13,8,12,8,13,6,13,5,12,5,13,4,13,5,13,5,14,5,13,4,14,2,15,3,15,3,0,0,15,3,15,3,16,3,14,3,15,3,15,4,15,4,14,4,15,4,14,3,14,3,13,4,13,4,13,4,12,4,12,4,12,4,11,4,10,5,9,5,9,5,9,5,8,4,8,3,7,4,7,4,0,0]"
CSI_DATA: 45,3,9,9,14,8,14,0,-20,-40,5306.488,5307.537,11.77,5479.318,132.444,15.318,"[-13,2,-14,2,-13,3,-15,3,-14,3,-14,3,-14,3,-14,3,-14,3,-13,3,-15,4,-14,4,-15,4,-15,4,-15,4,-15,5,-14,5,-14,5,-15,6,-15,5,-15,5,-15,6,-14,5,-14,7,-15,7,-15,7,0,0,-15,7,-15,7,-16,8,-15,8,-16,8,-17,8,-16,8,-16,8,-16,8,-16,8,-17,9,-17,8,-17,8,-18,8,-17,8,-18,9,-18,8,-18,8,-18,7,-18,7,-19,6,-19,6,-19,5,-19,6,-19,4,-19,4,0,0,2,11,2,10,3,9,2,9,2,8,2,8,2,7,2,7,2,6,1,5,2,5,2,4,1,4,1,4,1,3,2,3,2,3,1,3,1,3,1,2,1,2,1,2,0,2,1,2,0,2,0,2,0,0,0,2,-1,2,-1,2,-1,2,-1,3,-1,2,-2,2,-2,3,-2,3,-2,2,-2,3,-2,3,-3,3,-3,3,-3,3,-3,3,-3,3,-3,3,-3,3,-3,3,-4,3,-4,3,-4,4,-4,4,-4,4,-4,3,0,0]"
CSI_DATA: 46,4,11,11,13,10,14,0,-24,-34,5303.335,5304.384,56.782,5525.84,178.210,61.84,"[8,7,8,7,9,6,9,6,9,6,9,6,9,6,9,5,9,5,9,4,10,5,10,4,10,4,10,3,10,3,11,2,10,2,10,2,11,1,11,1,11,1,11,0,11,1,11,-1,13,0,12,-1,0,0,13,-2,13,-2,14,-3,13,-3,14,-3,14,-3,15,-3,14,-4,15,-4,15,-4,16,-5,16,-4,16,-4,17,-4,16,-4,18,-5,18,-4,18,-4,18,-3,18,-3,19,-2,19,-2,19,-1,20,-1,19,1,19,1,0,0,0,9,1,10,1,10,1,11,1,10,1,11,1,11,1,11,2,12,2,11,3,13,3,13,3,13,3,13,2,13,4,13,4,13,4,13,5,13,5,13,4,14,6,13,5,13,8,13,7,14,9,14,0,0,10,13,10,14,12,14,12,13,12,14,13,15,13,15,13,15,14,15,14,15,16,16,15,16,15,16,16,17,16,17,17,18,17,18,17,20,16,20,15,20,14,20,13,19,13,20,14,21,12,21,11,22,0,0]"
CSI_DATA: 47,5,11,11,13,10,14,0,-28,-22,5306.395,5307.443,101.339,5583.361,236.487,119.361,"[-2,21,-1,21,0,21,-2,23,-2,21,-2,21,-2,20,-2,20,-3,20,-2,19,-2,20,-2,20,-2,20,-2,19,-3,20,-1,19,-1,18,-1,17,-1,19,-2,18,-2,18,-1,18,-2,17,0,17,-1,18,0,17,0,0,0,17,0,17,1,17,1,16,1,17,1,17,1,16,2,16,2,16,2,15,3,16,3,16,3,16,3,17,3,16,4,18,4,17,4,18,3,18,3,17,2,19,2,19,2,19,3,20,1,20,0,20,0,0,10,7,10,7,11,6,12,7,11,7,11,6,11,6,11,6,11,6,11,5,12,5,13,4,13,4,13,4,12,4,14,3,13,3,13,3,14,3,14,4,14,4,14,3,13,3,15,2,15,2,16,2,0,0,15,1,16,2,16,1,16,1,17,1,17,2,17,1,17,1,17,1,17,0,18,0,17,1,18,0,18,1,18,0,19,0,20,0,20,1,20,2,20,2,20,3,20,3,21,3,22,3,21,5,21,6,0,0]"
CSI_DATA: 48,6,10,10,13,9,14,0,-19,-16,5309.506,5310.555,156.754,5640.385,293.511,176.385,"[-8,8,-8,8,-7,9,-8,10,-8,9,-7,9,-7,9,-7,9,-7,10,-6,10,-7,11,-6,11,-6,12,-6,11,-7,12,-6,12,-5,12,-5,12,-5,13,-6,12,-6,13,-5,13,-5,13,-4,13,-5,14,-4,14,0,0,-4,15,-5,15,-4,16,-4,15,-4,16,-5,16,-5,16,-5,16,-5,16,-4,16,-4,17,-5,17,-5,17,-5,18,-5,17,-5,18,-6,18,-6,18,-7,18,-7,17,-8,17,-8,17,-9,17,-8,18,-10,16,-10,16,0,0,-14,2,-15,2,-14,3,-16,2,-15,2,-16,2,-16,2,-16,2,-16,2,-15,3,-17,3,-17,4,-16,3,-16,4,-17,3,-17,5,-16,5,-15,5,-16,6,-17,6,-17,6,-17,6,-16,6,-16,9,-18,8,-18,9,0,0,-17,9,-18,9,-18,10,-17,10,-19,11,-19,10,-19,10,-19,11,-19,11,-19,11,-20,13,-20,11,-20,11,-21,12,-20,12,-22,12,-21,11,-22,13,-22,11,-22,11,-23,10,-23,9,-24,9,-24,10,-25,9,-25,8,0,0]"
CSI_DATA: 49,7,10,10,11,10,14,0,-20,-23,5224.415,5225.464,201.139,5705.669,358.795,241.669,"[5,-15,5,-15,4,-15,5,-16,4,-15,5,-15,5,-14,5,-14,5,-14,4,-13,4,-15,3,-14,4,-15,3,-14,4,-14,3,-14,2,-14,2,-13,2,-15,2,-14,3,-14,2,-14,2,-13,0,-14,1,-15,1,-15,0,0,0,-15,0,-15,-1,-15,-1,-14,-1,-16,0,-15,-1,-16,-1,-15,-1,-16,-1,-15,-2,-17,-1,-16,-2,-16,-2,-17,-2,-16,-2,-18,-2,-18,-1,-18,-1,-18,0,-18,0,-19,1,-19,1,-19,1,-20,3,-19,3,-19,0,0,17,-7,17,-7,17,-7,19,-6,17,-6,18,-5,17,-5,17,-4,16,-3,16,-3,16,-2,15,-3,14,-2,12,-2,12,-2,11,-4,10,-5,10,-5,10,-6,10,-5,11,-5,10,-6,10,-6,10,-7,11,-7,11,-7,0,0,11,-7,11,-7,11,-7,11,-7,11,-6,11,-6,11,-6,10,-5,10,-6,10,-6,10,-6,9,-5,9,-5,9,-4,9,-5,9,-5,8,-5,8,-5,8,-5,7,-5,7,-5,7,-5,7,-5,6,-6,7,-5,7,-6,0,0]"
CSI_DATA: 50,3,10,10,15,9,15,0,-21,-34,5696.499,5697.575,11.207,5866.613,160.944,12.614,"[-14,-1,-15,0,-14,1,-16,0,-14,0,-15,0,-15,0,-14,0,-15,0,-14,1,-16,1,-15,2,-16,2,-15,2,-16,1,-15,2,-15,2,-14,2,-16,3,-16,2,-16,2,-16,3,-15,2,-15,4,-16,4,-17,5,0,0,-17,5,-16,5,-18,6,-16,5,-18,6,-18,6,-18,6,-18,6,-18,6,-17,6,-19,7,-18,6,-19,6,-20,6,-18,5,-20,6,-20,6,-20,6,-20,5,-20,4,-21,3,-21,3,-20,3,-21,3,-21,2,-21,1,0,0,8,7,8,7,9,6,9,8,8,7,8,8,8,8,8,8,8,8,8,8,9,8,9,8,9,8,9,7,9,8,10,7,9,6,10,7,10,6,10,7,10,7,11,7,10,7,12,5,12,6,12,6,0,0,12,5,13,5,13,5,13,5,12,4,13,5,13,5,13,5,13,5,14,4,14,4,13,4,13,4,14,4,14,4,14,4,14,4,14,4,14,5,14,6,13,6,13,6,13,6,14,5,13,7,12,7,0,0]"
CSI_DATA: 51,4,12,12,14,11,15,0,-22,-34,5693.347,5694.422,56.860,5913.508,207.839,59.509,"[-10,7,-10,8,-9,8,-10,9,-10,8,-9,9,-9,9,-9,8,-9,9,-8,9,-9,9,-8,10,-8,10,-8,10,-8,9,-7,10,-6,10,-6,10,-6,11,-6,11,-6,11,-5,11,-5,11,-4,12,-5,12,-4,13,0,0,-4,13,-4,13,-3,14,-3,14,-4,14,-3,15,-3,15,-3,15,-3,15,-3,15,-3,17,-4,16,-4,16,-4,17,-4,17,-3,18,-4,18,-4,18,-5,17,-5,17,-6,17,-7,17,-8,17,-8,18,-9,16,-9,16,0,0,-12,7,-11,7,-11,7,-12,7,-12,8,-11,7,-12,7,-11,7,-12,7,-11,8,-11,9,-11,9,-11,9,-11,9,-11,8,-11,11,-10,9,-10,9,-10,10,-11,10,-11,9,-11,10,-11,10,-9,12,-10,12,-10,13,0,0,-9,13,-10,14,-10,14,-9,14,-10,13,-11,14,-11,14,-11,13,-11,14,-11,14,-10,16,-10,14,-11,15,-11,14,-12,16,-11,16,-12,16,-12,15,-13,14,-13,14,-14,14,-14,13,-14,14,-13,14,-14,14,-15,13,0,0]"
CSI_DATA: 52,5,12,12,14,11,15,0,-23,-24,5696.406,5697.482,101.433,5979.454,273.785,125.455,"[18,-7,18,-7,16,-7,19,-7,17,-6,18,-6,17,-6,16,-6,16,-6,15,-6,17,-7,16,-8,16,-8,16,-7,16,-6,15,-7,15,-8,14,-7,15,-8,14,-7,15,-7,14,-7,14,-7,13,-9,14,-9,14,-10,0,0,14,-10,13,-10,14,-10,12,-10,14,-10,14,-10,14,-10,13,-10,14,-10,13,-10,14,-12,14,-11,14,-11,15,-12,14,-10,15,-11,14,-11,16,-11,15,-10,16,-9,16,-9,16,-8,16,-8,16,-9,17,-8,17,-7,0,0,-10,-10,-10,-10,-11,-9,-11,-10,-11,-10,-11,-10,-11,-10,-11,-10,-11,-10,-11,-9,-12,-9,-13,-9,-13,-8,-13,-8,-13,-9,-15,-8,-14,-8,-14,-8,-15,-8,-15,-9,-14,-10,-15,-9,-14,-9,-16,-8,-17,-9,-17,-8,0,0,-16,-9,-17,-9,-18,-9,-17,-8,-17,-9,-17,-10,-17,-10,-16,-10,-17,-10,-17,-9,-18,-9,-17,-9,-17,-9,-17,-9,-17,-10,-18,-9,-18,-9,-18,-9,-17,-10,-17,-11,-17,-12,-17,-11,-18,-11,-18,-11,-17,-13,-17,-13,0,0]"
CSI_DATA: 53,6,11,11,14,10,15,0,-23,-20,5699.518,5700.593,156.927,6051.867,346.198,197.868,"[9,0,10,0,9,-1,11,-1,10,-1,11,-1,11,-1,11,-2,11,-2,11,-2,12,-2,12,-3,12,-3,12,-3,13,-3,12,-4,12,-5,12,-4,13,-5,13,-5,14,-5,13,-6,14,-5,13,-7,15,-7,15,-8,0,0,15,-8,15,-8,16,-8,15,-8,17,-8,16,-8,16,-9,16,-8,17,-8,16,-8,17,-9,17,-8,17,-8,18,-8,17,-7,18,-8,17,-7,18,-7,18,-6,18,-6,18,-5,18,-5,17,-4,18,-5,18,-4,18,-4,0,0,7,-16,7,-15,6,-16,7,-16,7,-16,7,-15,7,-15,8,-15,7,-15,6,-15,6,-16,6,-16,5,-16,4,-16,6,-15,4,-17,3,-15,3,-16,2,-16,3,-16,3,-17,2,-17,2,-17,-1,-17,0,-18,-1,-18,0,0,-1,-19,-2,-20,-2,-20,-2,-20,-2,-20,-2,-21,-1,-22,-1,-21,-2,-22,-3,-23,-4,-23,-3,-23,-3,-23,-2,-24,-3,-25,-3,-25,-3,-26,-2,-26,0,-26,1,-26,2,-28,2,-27,3,-28,1,-27,4,-28,5,-27,0,0]"
CSI_DATA: 54,7,11,11,12,11,15,0,-25,-16,5614.428,5615.503,201.208,6117.211,411.542,263.212,"[-11,-7,-12,-6,-12,-5,-13,-7,-12,-6,-12,-6,-12,-5,-11,-5,-11,-5,-11,-4,-12,-4,-12,-4,-12,-4,-12,-4,-12,-4,-12,-3,-12,-3,-11,-3,-12,-2,-12,-2,-12,-2,-12,-2,-11,-2,-11,0,-12,-1,-12,0,0,0,-12,1,-12,1,-13,2,-12,2,-13,2,-13,3,-13,3,-13,3,-14,4,-13,4,-15,5,-14,4,-15,4,-16,5,-15,5,-17,6,-17,6,-18,5,-18,5,-18,5,-19,3,-19,3,-20,2,-21,3,-21,1,-22,0,0,0,-17,-5,-17,-5,-17,-4,-18,-5,-17,-5,-17,-5,-17,-6,-16,-6,-16,-6,-15,-5,-17,-5,-16,-4,-16,-4,-15,-4,-15,-4,-16,-2,-15,-2,-14,-2,-15,-1,-15,-2,-16,-2,-16,-1,-15,-2,-16,1,-17,0,-17,1,0,0,-17,1,-18,1,-18,1,-17,2,-18,0,-19,0,-18,0,-18,-1,-18,0,-18,0,-19,1,-18,0,-18,0,-19,-1,-18,-1,-19,0,-18,0,-19,-1,-18,-2,-18,-3,-18,-3,-17,-3,-17,-3,-18,-2,-17,-4,-17,-4,0,0]"
CSI_DATA: 55,4,13,13,15,12,16,0,-24,-45,6083.652,6084.368,56.898,6302.217,185.06,58.218,"[-8,-10,-9,-10,-9,-9,-10,-10,-10,-10,-10,-10,-10,-10,-9,-9,-10,-9,-10,-9,-11,-9,-11,-9,-11,-9,-11,-8,-11,-9,-12,-8,-11,-7,-11,-7,-12,-6,-12,-7,-12,-8,-12,-6,-12,-7,-13,-5,-14,-6,-14,-5,0,0,-14,-5,-15,-5,-16,-5,-15,-5,-16,-5,-16,-6,-16,-6,-16,-6,-16,-6,-16,-6,-18,-5,-17,-6,-17,-6,-17,-6,-17,-6,-18,-6,-18,-6,-17,-7,-17,-8,-16,-8,-16,-9,-16,-9,-16,-9,-16,-10,-15,-10,-14,-11,0,0,-17,-3,-17,-2,-17,-1,-19,-2,-18,-2,-19,-2,-19,-2,-18,-2,-19,-2,-18,-2,-21,-2,-20,-2,-20,-1,-20,-2,-20,-4,-20,-2,-19,-2,-18,-2,-18,-2,-18,-2,-16,-3,-16,-2,-14,-2,-14,0,-14,0,-14,1,0,0,-12,3,-12,4,-11,5,-10,6,-10,7,-10,7,-9,8,-9,9,-8,11,-8,12,-8,14,-8,14,-8,15,-8,17,-8,19,-8,21,-9,21,-10,24,-11,24,-12,23,-14,25,-14,25,-16,25,-16,27,-19,26,-20,26,0,0]"
CSI_DATA: 56,5,13,13,15,12,16,0,-26,-22,6086.712,6087.428,101.440,6362.479,245.268,118.480,"[16,-3,16,-3,15,-5,17,-3,15,-4,15,-3,15,-3,14,-2,14,-2,14,-3,15,-3,14,-4,14,-3,14,-3,14,-2,14,-4,13,-4,12,-3,13,-4,13,-3,13,-3,12,-4,12,-3,12,-5,13,-5,13,-5,0,0,12,-5,12,-5,12,-6,12,-6,12,-6,12,-6,12,-5,12,-6,12,-6,12,-6,13,-7,12,-6,12,-6,13,-6,12,-6,13,-6,13,-6,13,-6,13,-5,13,-5,13,-5,13,-5,13,-4,14,-5,14,-3,14,-3,0,0,-15,3,-15,4,-14,5,-16,4,-15,5,-15,5,-15,5,-15,4,-15,5,-14,5,-15,7,-15,8,-15,8,-14,8,-15,7,-14,9,-14,9,-14,9,-14,10,-15,9,-16,10,-15,11,-15,10,-14,12,-16,12,-16,14,0,0,-15,13,-15,13,-16,15,-15,15,-16,15,-16,15,-16,15,-16,15,-16,16,-16,16,-16,18,-16,16,-16,16,-17,17,-17,17,-18,18,-18,17,-19,18,-19,17,-20,16,-21,16,-21,15,-22,15,-22,17,-23,15,-24,14,0,0]"
CSI_DATA: 57,6,12,12,15,11,16,0,-24,-17,6089.824,6090.539,156.858,6429.428,312.217,185.429,"[2,-10,1,-11,0,-11,0,-12,0,-11,-1,-11,-1,-11,-1,-11,-2,-12,-2,-12,-3,-13,-3,-12,-3,-13,-3,-13,-3,-13,-5,-13,-5,-12,-5,-13,-6,-13,-6,-13,-6,-14,-6,-14,-6,-14,-8,-14,-8,-15,-9,-14,0,0,-9,-15,-9,-16,-10,-16,-10,-15,-10,-16,-10,-17,-10,-17,-10,-17,-10,-18,-10,-17,-11,-18,-10,-19,-10,-19,-10,-19,-9,-18,-9,-19,-10,-19,-9,-19,-9,-19,-7,-19,-8,-19,-6,-20,-6,-20,-7,-20,-6,-20,-5,-19,0,0,15,0,16,0,15,-1,17,0,15,0,16,0,16,0,16,0,16,0,15,0,17,-1,17,-2,17,-2,16,-2,17,-1,17,-4,16,-4,16,-3,16,-4,17,-4,17,-3,17,-4,16,-4,17,-8,18,-7,18,-8,0,0,18,-8,18,-8,19,-9,18,-9,19,-9,20,-9,20,-9,20,-9,20,-10,20,-10,22,-12,22,-10,22,-10,23,-10,22,-10,24,-11,23,-10,25,-10,25,-9,24,-8,26,-7,25,-6,25,-6,26,-7,27,-4,27,-4,0,0]"
CSI_DATA: 58,7,12,12,13,12,16,0,-25,-21,6004.734,6005.450,201.226,6498.763,381.552,254.764,"[-11,9,-11,9,-9,10,-11,10,-10,10,-10,10,-10,10,-10,10,-10,10,-9,11,-10,12,-10,12,-10,12,-10,12,-10,11,-10,12,-9,11,-9,11,-9,12,-9,11,-10,11,-9,11,-9,10,-7,12,-8,13,-7,13,0,0,-6,13,-6,14,-6,15,-5,14,-6,15,-6,15,-5,16,-5,16,-5,16,-5,16,-5,18,-5,17,-5,18,-5,19,-5,18,-5,20,-5,21,-6,20,-6,20,-7,20,-8,20,-9,21,-10,21,-9,22,-11,21,-12,21,0,0,13,16,14,16,14,14,14,17,13,16,13,17,12,16,11,16,11,16,10,15,11,17,11,15,10,14,10,13,9,13,11,12,11,11,11,11,12,10,12,11,12,12,13,11,12,11,14,9,14,11,14,11,0,0,14,10,14,10,15,10,14,10,15,11,14,11,14,11,13,11,14,11,13,10,15,11,13,10,13,10,13,11,13,10,14,10,13,10,13,11,12,11,11,10,11,11,11,10,11,10,11,10,10,11,10,11,0,0]"
CSI_DATA: 59,4,14,14,16,13,17,0,-22,-37,6473.341,6474.390,56.887,6692.307,193.544,58.310,"[-12,-9,-13,-9,-13,-7,-14,-9,-13,-8,-13,-8,-13,-8,-13,-7,-13,-8,-13,-7,-14,-8,-14,-7,-14,-7,-13,-7,-14,-7,-14,-6,-13,-6,-13,-5,-14,-5,-14,-5,-14,-5,-14,-5,-13,-5,-14,-4,-15,-4,-15,-3,0,0,-15,-3,-15,-4,-17,-3,-15,-3,-16,-3,-17,-3,-17,-3,-17,-3,-17,-3,-16,-3,-18,-2,-17,-3,-18,-4,-19,-4,-17,-4,-19,-4,-18,-4,-18,-5,-18,-5,-17,-6,-18,-6,-17,-7,-17,-8,-18,-7,-16,-9,-16,-9,0,0,4,6,4,6,4,5,4,6,5,5,5,5,5,4,5,4,5,4,5,3,6,3,6,2,6,2,6,1,6,2,7,0,7,-1,7,0,7,-1,8,-1,8,-1,8,-2,9,-2,9,-3,10,-3,10,-4,0,0,10,-5,11,-5,11,-6,11,-6,12,-6,12,-7,12,-7,12,-7,14,-8,13,-8,14,-9,14,-8,15,-8,15,-9,16,-9,17,-10,17,-10,17,-10,18,-10,19,-9,20,-9,20,-9,21,-9,22,-10,23,-7,24,-7,0,0]"
CSI_DATA: 60,5,14,14,16,13,17,0,-25,-25,6476.401,6477.449,101.453,6746.609,247.846,112.612,"[8,-15,9,-16,7,-16,9,-17,8,-16,9,-16,8,-16,8,-15,9,-15,7,-15,9,-16,8,-16,8,-16,8,-15,9,-15,8,-16,8,-15,8,-14,7,-15,8,-14,8,-14,7,-14,8,-13,6,-14,7,-15,7,-15,0,0,6,-15,6,-14,6,-15,5,-14,6,-15,6,-14,6,-15,5,-14,6,-14,5,-14,6,-15,5,-14,6,-14,5,-15,5,-13,6,-15,5,-14,6,-14,6,-14,6,-13,6,-14,6,-14,6,-13,6,-14,7,-13,7,-13,0,0,-9,11,-9,11,-8,11,-9,12,-9,12,-9,12,-8,12,-8,12,-9,12,-8,12,-8,13,-7,13,-7,13,-7,14,-8,14,-7,15,-6,14,-7,15,-6,15,-7,15,-8,15,-7,16,-7,15,-6,17,-7,17,-7,18,0,0,-6,18,-7,18,-7,18,-6,18,-7,18,-7,18,-7,18,-7,17,-7,18,-6,17,-6,19,-7,18,-7,18,-7,19,-6,19,-6,20,-6,20,-7,20,-7,20,-8,19,-9,20,-9,19,-10,19,-9,20,-12,20,-12,20,0,0]"
CSI_DATA: 61,6,13,13,16,12,17,0,-25,-17,6479.513,6480.561,156.855,6810.848,312.85,176.851,"[9,-3,9,-4,9,-4,11,-4,10,-4,11,-5,10,-5,10,-5,11,-5,11,-6,12,-6,12,-7,12,-7,12,-7,12,-7,12,-8,11,-8,11,-8,12,-9,12,-9,13,-9,12,-9,13,-9,12,-11,14,-11,13,-12,0,0,13,-12,14,-12,14,-13,13,-12,15,-13,15,-12,15,-13,15,-13,15,-13,14,-13,15,-14,15,-13,15,-13,16,-14,15,-12,16,-14,16,-13,16,-13,17,-13,17,-12,18,-12,18,-12,17,-11,18,-13,18,-11,18,-11,0,0,-6,-7,-6,-7,-7,-6,-7,-7,-7,-7,-7,-7,-7,-7,-7,-7,-7,-7,-7,-7,-8,-7,-8,-7,-8,-7,-8,-6,-8,-7,-9,-6,-9,-5,-9,-5,-10,-5,-10,-6,-10,-6,-11,-5,-10,-6,-12,-5,-12,-5,-13,-5,0,0,-13,-5,-13,-5,-14,-5,-14,-4,-14,-5,-14,-5,-14,-5,-14,-5,-15,-5,-14,-5,-16,-5,-15,-6,-15,-6,-16,-6,-15,-6,-16,-6,-16,-6,-16,-6,-16,-7,-15,-7,-15,-8,-15,-8,-15,-8,-16,-8,-15,-9,-15,-10,0,0]"
CSI_DATA: 62,7,13,13,14,13,17,0,-25,-19,6394.424,6395.472,201.230,6880.141,381.378,246.144,"[7,-11,7,-11,6,-11,7,-12,6,-12,6,-12,6,-11,6,-12,6,-12,5,-12,6,-13,5,-14,5,-14,5,-14,6,-13,6,-13,5,-13,5,-12,4,-13,4,-12,5,-13,4,-13,4,-13,2,-14,3,-15,2,-15,0,0,2,-15,2,-15,1,-16,1,-15,1,-16,1,-17,1,-17,1,-17,1,-18,1,-17,0,-19,0,-19,0,-19,1,-20,1,-20,1,-21,0,-21,1,-21,2,-21,3,-21,4,-23,5,-22,5,-23,4,-24,6,-23,7,-23,0,0,-13,-16,-14,-16,-14,-15,-15,-18,-14,-17,-14,-17,-14,-18,-13,-17,-13,-18,-12,-17,-13,-18,-13,-17,-13,-17,-12,-15,-12,-15,-14,-14,-14,-12,-13,-12,-15,-12,-15,-12,-15,-13,-17,-12,-15,-13,-18,-11,-18,-13,-19,-12,0,0,-19,-12,-19,-12,-20,-13,-19,-12,-19,-13,-19,-14,-19,-14,-18,-13,-19,-13,-18,-13,-19,-14,-17,-14,-17,-14,-17,-14,-17,-13,-18,-14,-17,-14,-17,-14,-16,-14,-14,-14,-14,-14,-13,-14,-13,-14,-14,-13,-12,-14,-11,-14,0,0]"
CSI_DATA: 63,3,11,11,18,10,18,0,-19,-30,6866.487,6867.562,11.136,7036.637,156.496,12.637,"[3,-13,3,-14,2,-14,3,-16,2,-15,2,-15,2,-15,2,-14,2,-15,1,-15,1,-16,1,-16,1,-16,1,-16,1,-16,0,-17,0,-16,0,-16,-1,-17,0,-17,1,-17,0,-17,0,-17,-2,-17,-1,-18,-2,-18,0,0,-2,-18,-2,-19,-3,-19,-3,-18,-2,-19,-2,-20,-2,-19,-2,-19,-2,-20,-2,-19,-4,-21,-3,-20,-2,-20,-3,-21,-3,-20,-3,-21,-3,-21,-2,-21,-1,-21,-1,-20,0,-21,1,-20,1,-21,0,-21,1,-21,2,-21,0,0,4,-11,4,-11,4,-12,5,-12,5,-12,5,-12,5,-12,5,-11,6,-11,5,-11,5,-13,5,-13,5,-13,5,-13,6,-12,5,-14,4,-13,5,-13,4,-14,5,-13,5,-14,5,-14,5,-14,3,-15,5,-16,4,-16,0,0,4,-16,4,-16,4,-16,4,-16,5,-16,5,-17,5,-16,5,-16,5,-17,5,-16,4,-18,5,-16,5,-16,5,-16,5,-16,5,-16,5,-15,5,-15,5,-15,5,-14,5,-14,6,-13,5,-13,5,-13,6,-13,6,-13,0,0]"
CSI_DATA: 64,4,15,15,17,14,18,0,-21,-34,6863.337,6864.413,56.924,7091.704,211.563,67.704,"[-16,-4,-16,-4,-16,-3,-17,-4,-16,-3,-16,-4,-16,-4,-16,-4,-16,-4,-16,-3,-17,-3,-17,-3,-17,-2,-17,-2,-17,-3,-17,-2,-16,-2,-16,-2,-17,-1,-17,-2,-17,-3,-17,-2,-16,-2,-17,0,-18,-1,-17,0,0,0,-17,0,-18,0,-19,1,-17,1,-18,0,-18,0,-19,-1,-18,0,-18,0,-17,0,-19,1,-18,0,-19,0,-20,0,-18,-1,-20,0,-19,0,-19,-1,-19,-2,-18,-3,-19,-3,-18,-4,-18,-4,-19,-3,-18,-5,-18,-6,0,0,-7,-3,-7,-3,-7,-2,-8,-3,-8,-3,-9,-2,-9,-2,-9,-2,-9,-2,-9,-1,-11,-1,-10,0,-10,0,-11,0,-11,0,-12,1,-12,1,-12,1,-12,2,-13,1,-13,1,-13,2,-13,1,-14,3,-15,2,-15,3,0,0,-15,3,-15,3,-16,3,-15,4,-16,3,-16,3,-16,3,-16,3,-17,4,-16,4,-17,4,-16,3,-16,3,-17,4,-17,4,-18,4,-18,4,-18,4,-18,3,-18,3,-19,2,-18,2,-18,2,-19,2,-19,1,-19,0,0,0]"
CSI_DATA: 65,5,15,15,17,14,18,0,-24,-26,6866.396,6867.472,101.466,7158.787,278.646,134.787,"[16,-3,17,-3,15,-4,18,-3,16,-3,16,-2,16,-2,15,-2,15,-2,14,-3,16,-2,16,-3,15,-2,15,-2,15,-2,15,-3,14,-3,13,-2,14,-3,14,-2,14,-2,14,-3,13,-2,13,-4,14,-3,14,-4,0,0,13,-4,13,-4,13,-5,12,-5,13,-4,13,-4,13,-4,12,-4,13,-4,12,-4,13,-5,13,-4,13,-5,13,-5,12,-5,13,-5,13,-5,13,-4,13,-4,13,-4,13,-3,13,-3,12,-3,13,-4,13,-2,13,-2,0,0,10,10,10,9,11,9,11,10,11,10,11,10,11,10,11,9,11,10,11,9,12,10,13,9,13,9,13,9,12,10,15,9,14,8,13,9,15,8,15,9,15,10,16,10,15,10,17,8,17,10,17,10,0,0,17,10,17,10,17,10,17,10,17,10,17,11,17,11,17,11,17,11,17,10,18,11,16,10,17,10,17,10,17,10,18,11,18,11,19,11,18,12,17,11,18,13,17,12,18,13,19,13,18,15,17,16,0,0]"
CSI_DATA: 66,6,14,14,17,13,18,0,-28,-16,6869.508,6870.584,156.868,7221.465,341.324,197.465,"[5,-2,5,-2,5,-3,6,-3,6,-4,7,-3,7,-4,7,-4,8,-4,8,-4,9,-4,9,-5,9,-5,9,-5,10,-5,10,-6,10,-6,10,-6,10,-7,11,-6,12,-6,11,-7,12,-6,11,-8,13,-8,13,-9,0,0,13,-9,13,-9,14,-9,13,-9,14,-9,14,-9,15,-9,14,-9,15,-9,15,-9,15,-10,15,-9,15,-9,15,-9,15,-8,16,-9,16,-9,15,-8,15,-8,15,-7,15,-7,15,-7,15,-7,15,-7,15,-6,15,-7,0,0,-16,4,-16,4,-16,5,-17,4,-16,4,-17,5,-17,5,-17,5,-18,5,-16,5,-18,6,-17,6,-17,6,-16,7,-17,6,-17,8,-16,9,-16,8,-15,9,-17,9,-17,9,-17,10,-17,10,-16,13,-17,13,-17,14,0,0,-17,14,-18,14,-18,15,-17,15,-18,15,-19,15,-19,15,-19,15,-19,16,-19,17,-20,17,-20,16,-20,16,-21,16,-21,16,-21,16,-22,16,-22,16,-22,15,-22,15,-24,14,-23,13,-24,13,-23,14,-25,12,-24,12,0,0]"
CSI_DATA: 67,7,14,14,15,14,18,0,-26,-19,6784.420,6785.496,201.254,7287.89,406.948,263.89,"[7,-9,7,-10,6,-10,7,-11,6,-10,6,-11,6,-11,5,-11,5,-11,5,-11,5,-13,5,-13,5,-13,5,-13,6,-13,5,-13,5,-13,4,-12,4,-12,4,-12,4,-12,3,-12,3,-12,1,-13,2,-14,1,-14,0,0,0,-14,0,-15,-1,-16,-1,-15,-1,-16,-1,-16,-1,-17,-2,-17,-1,-17,-2,-17,-3,-19,-2,-18,-2,-19,-3,-20,-2,-19,-3,-21,-3,-21,-2,-22,-1,-22,0,-22,0,-23,1,-22,1,-23,0,-25,3,-23,4,-24,0,0,-18,3,-17,3,-18,5,-19,3,-19,4,-19,4,-19,3,-18,3,-19,3,-18,3,-19,2,-18,3,-18,3,-17,3,-16,2,-16,4,-15,4,-15,4,-15,6,-15,5,-16,5,-15,6,-15,6,-15,8,-16,8,-16,8,0,0,-16,9,-17,9,-17,9,-16,9,-17,9,-18,9,-18,9,-17,8,-18,9,-17,8,-18,9,-17,8,-18,8,-18,8,-18,8,-18,8,-18,8,-18,7,-18,6,-17,5,-18,5,-17,4,-18,4,-18,5,-17,3,-17,3,0,0]"
CSI_DATA: 68,3,12,12,19,11,19,0,-22,-34,7256.487,7257.542,10.657,7426.617,139.528,12.618,"[-12,4,-13,4,-12,5,-14,5,-13,5,-13,5,-13,5,-13,5,-14,5,-13,6,-14,7,-14,7,-14,7,-14,7,-15,7,-14,9,-13,8,-14,8,-14,9,-15,8,-15,8,-15,9,-15,8,-14,10,-16,10,-15,11,0,0,-15,11,-15,11,-16,12,-14,12,-15,12,-16,12,-16,11,-16,12,-16,12,-15,12,-16,13,-16,12,-16,12,-17,12,-16,12,-16,13,-17,12,-17,12,-17,11,-17,11,-18,10,-18,10,-18,10,-18,11,-18,9,-18,8,0,0,6,-7,6,-7,6,-7,7,-7,7,-7,7,-7,7,-7,7,-6,7,-7,7,-7,8,-7,7,-7,7,-7,7,-7,7,-7,7,-8,7,-8,7,-8,6,-8,7,-8,7,-8,7,-8,7,-8,6,-9,7,-9,6,-10,0,0,7,-10,7,-10,7,-10,7,-10,7,-10,8,-10,8,-10,7,-9,8,-9,8,-9,7,-10,7,-9,7,-9,7,-9,7,-9,7,-9,7,-9,7,-8,7,-8,6,-7,7,-7,6,-7,6,-7,6,-7,6,-6,6,-6,0,0]"
CSI_DATA: 69,4,16,16,18,15,19,0,-25,-35,7253.338,7254.394,56.343,7478.907,191.818,64.908,"[-3,-14,-4,-14,-4,-13,-4,-15,-4,-14,-4,-14,-4,-14,-4,-14,-4,-14,-5,-13,-5,-15,-6,-14,-5,-14,-6,-14,-5,-14,-6,-14,-6,-13,-6,-13,-6,-13,-6,-14,-6,-14,-7,-13,-6,-13,-8,-13,-8,-14,-8,-14,0,0,-8,-14,-9,-14,-9,-14,-9,-13,-9,-14,-9,-14,-9,-14,-9,-14,-9,-14,-9,-14,-10,-14,-9,-14,-9,-14,-10,-14,-9,-15,-10,-15,-9,-15,-9,-15,-8,-15,-7,-16,-7,-16,-6,-16,-6,-16,-7,-16,-5,-16,-5,-17,0,0,6,-3,6,-4,5,-4,5,-4,4,-4,4,-4,3,-4,2,-4,2,-4,1,-5,0,-5,-1,-5,-1,-5,-2,-5,-2,-5,-4,-6,-4,-5,-5,-6,-6,-6,-6,-6,-7,-7,-7,-7,-7,-7,-9,-6,-9,-7,-10,-6,0,0,-11,-6,-12,-7,-13,-7,-14,-6,-14,-7,-15,-7,-15,-7,-15,-7,-16,-6,-16,-6,-18,-6,-17,-7,-18,-7,-19,-7,-20,-7,-20,-7,-21,-7,-22,-8,-22,-9,-21,-9,-22,-10,-21,-11,-23,-12,-24,-11,-23,-13,-22,-14,0,0]"
CSI_DATA: 70,5,16,16,18,15,19,0,-30,-25,7256.397,7257.453,100.905,7548.653,261.564,134.654,"[21,3,21,3,21,1,23,3,21,3,21,4,21,4,20,4,20,5,20,3,21,4,21,4,21,4,20,4,20,6,21,4,19,3,19,4,19,4,19,5,19,6,19,5,18,5,18,3,19,5,19,4,0,0,18,3,18,4,18,3,17,3,17,3,17,4,17,4,17,3,17,3,16,2,18,2,16,2,17,2,17,2,17,1,17,1,17,1,17,1,17,1,17,1,18,2,18,2,18,3,19,1,19,3,20,4,0,0,5,14,5,15,6,13,6,15,6,15,6,14,5,14,5,14,6,14,6,13,7,14,8,14,8,13,8,13,8,13,10,13,10,13,9,13,10,13,10,13,9,14,10,13,10,14,12,12,12,14,13,13,0,0,13,13,13,14,14,13,15,13,14,13,13,15,14,14,13,14,14,14,15,14,17,14,15,14,15,13,15,14,16,15,17,15,17,15,17,16,15,17,15,17,15,19,14,18,15,19,16,19,14,20,13,21,0,0]"
CSI_DATA: 71,6,15,15,18,14,19,0,-30,-16,7259.509,7260.565,156.409,7606.703,319.614,192.704,"[6,0,6,0,6,-1,8,-1,8,-1,8,-2,8,-1,8,-2,9,-1,9,-2,10,-2,11,-2,11,-2,11,-3,11,-2,12,-3,11,-3,11,-3,12,-4,12,-3,13,-2,13,-3,13,-2,13,-4,14,-3,14,-4,0,0,14,-4,14,-4,15,-4,14,-4,15,-4,15,-3,15,-3,14,-3,15,-3,14,-3,15,-4,14,-4,14,-4,15,-4,14,-4,15,-5,15,-4,15,-4,15,-4,15,-3,16,-3,15,-3,15,-2,16,-3,16,-2,16,-1,0,0,-13,9,-14,9,-13,10,-14,10,-14,10,-14,10,-15,9,-14,9,-15,9,-14,10,-15,11,-14,11,-14,11,-13,11,-14,10,-14,12,-13,12,-13,12,-13,13,-13,12,-14,12,-13,13,-13,13,-12,15,-13,15,-12,16,0,0,-13,16,-13,16,-13,17,-13,17,-13,17,-14,17,-14,17,-14,17,-14,18,-13,18,-14,20,-14,18,-14,18,-15,18,-15,19,-15,19,-15,19,-16,19,-17,18,-17,18,-19,18,-18,16,-19,17,-18,18,-20,17,-21,16,0,0]"
CSI_DATA: 72,7,15,15,16,15,19,0,-30,-21,7174.422,7175.478,200.684,7673.919,386.830,259.920,"[8,8,8,8,8,7,8,8,7,8,7,7,7,7,7,7,7,7,7,6,8,6,8,6,8,6,8,6,7,6,8,5,7,5,7,5,7,5,7,5,7,5,7,4,7,4,8,3,8,3,8,2,0,0,8,2,9,2,9,1,9,1,9,1,10,1,10,1,10,0,11,0,11,0,12,-1,12,0,12,0,13,-1,13,-1,14,-1,14,0,15,-1,15,0,16,0,17,1,17,2,17,2,18,2,19,3,19,4,0,0,-21,0,-20,0,-20,1,-22,0,-21,-1,-21,-1,-21,-2,-19,-3,-19,-2,-19,-3,-19,-2,-18,-2,-17,-2,-16,-1,-15,-2,-16,1,-15,2,-15,1,-15,2,-16,2,-17,1,-16,2,-16,2,-17,5,-18,4,-18,4,0,0,-18,4,-19,4,-19,4,-19,4,-19,3,-19,3,-19,2,-18,2,-18,2,-19,2,-19,3,-18,2,-18,2,-18,1,-18,2,-18,2,-18,1,-17,1,-17,0,-16,0,-17,-1,-16,-1,-16,0,-16,1,-16,0,-16,-1,0,0]"
CSI_DATA: 73,3,13,13,20,12,20,0,-23,-35,7648.427,7657.573,21.204,7826.557,152.638,22.558,"[1,12,1,12,2,13,1,14,1,13,1,14,1,13,1,13,1,14,2,13,2,15,2,14,2,15,2,14,1,15,3,15,3,14,2,14,3,15,2,15,2,15,3,14,2,14,4,14,4,15,4,15,0,0,5,15,5,15,6,15,6,15,5,15,5,16,6,15,5,15,6,15,6,15,8,16,6,16,7,15,7,16,7,16,7,17,7,17,7,18,7,18,6,17,5,18,5,18,5,18,6,19,4,19,4,19,0,0,-10,8,-10,8,-10,8,-12,8,-12,8,-12,8,-12,7,-12,7,-12,7,-11,7,-12,7,-12,8,-12,7,-12,8,-12,7,-12,9,-11,8,-11,7,-11,8,-12,7,-13,7,-12,8,-12,7,-11,8,-12,8,-12,8,0,0,-12,8,-11,8,-12,8,-11,7,-11,7,-12,7,-11,6,-11,6,-10,6,-10,6,-10,6,-9,5,-9,4,-8,5,-8,5,-8,5,-7,4,-6,4,-6,4,-5,3,-5,3,-4,4,-3,3,-2,3,-3,4,-2,4,0,0]"
CSI_DATA: 74,4,17,17,19,16,20,0,-24,-36,7645.279,7654.425,66.873,7873.569,199.650,69.570,"[-15,4,-15,4,-15,6,-16,5,-15,5,-16,5,-15,5,-15,5,-15,5,-14,6,-15,6,-15,7,-15,7,-15,7,-16,6,-15,7,-14,7,-14,6,-14,8,-15,7,-15,7,-14,7,-14,6,-13,8,-14,8,-14,9,0,0,-13,9,-13,9,-14,10,-12,10,-14,10,-14,10,-14,9,-13,10,-13,10,-13,10,-13,11,-14,10,-14,10,-14,11,-13,10,-14,11,-14,11,-15,11,-15,10,-15,9,-15,8,-15,8,-15,8,-16,8,-16,7,-16,6,0,0,6,2,6,3,6,3,6,4,6,4,6,4,6,4,6,5,6,5,6,5,7,5,7,6,7,6,7,5,7,7,8,6,8,6,8,7,8,6,8,7,8,7,9,7,8,7,10,6,11,7,11,7,0,0,11,7,11,7,13,6,12,6,13,6,13,7,13,7,13,6,14,7,13,6,15,6,14,6,14,6,15,6,15,6,16,6,15,5,15,6,15,6,15,7,15,7,15,7,15,7,15,7,14,8,14,9,0,0]"
CSI_DATA: 75,5,17,17,19,16,20,0,-32,-24,7648.338,7657.484,111.431,7932.384,258.465,128.385,"[-2,-22,-2,-22,-3,-22,-2,-24,-2,-22,-1,-22,-1,-22,-1,-21,0,-20,-1,-20,-1,-22,-1,-21,-1,-21,-1,-20,1,-20,-1,-20,-1,-19,0,-18,-1,-19,0,-18,1,-18,0,-18,0,-16,-2,-17,-1,-18,-2,-17,0,0,-2,-17,-2,-17,-3,-17,-3,-16,-2,-17,-2,-17,-2,-17,-2,-16,-2,-16,-3,-16,-4,-17,-3,-16,-3,-16,-3,-17,-3,-16,-3,-17,-3,-17,-3,-17,-2,-16,-2,-16,-2,-16,-2,-17,-1,-16,-2,-17,-1,-17,-1,-17,0,0,-7,14,-7,15,-6,14,-7,16,-7,15,-7,15,-7,15,-7,14,-7,15,-6,14,-6,15,-6,15,-6,15,-5,15,-7,15,-5,17,-5,15,-6,15,-5,16,-6,16,-6,16,-6,16,-6,15,-5,16,-6,17,-5,17,0,0,-5,17,-5,17,-5,17,-5,17,-6,17,-6,17,-6,16,-6,17,-5,17,-5,16,-4,18,-5,16,-5,16,-5,17,-5,17,-5,18,-5,18,-5,18,-6,18,-6,17,-7,18,-7,17,-8,17,-7,18,-9,18,-9,17,0,0]"
CSI_DATA: 76,6,16,16,19,15,20,0,-29,-15,7651.450,7660.597,166.923,8000.291,326.372,196.292,"[8,0,8,-1,8,-2,10,-1,9,-2,10,-1,10,-2,10,-2,11,-2,10,-2,12,-2,12,-3,12,-3,12,-3,12,-3,13,-4,12,-4,12,-4,13,-5,13,-5,14,-4,13,-5,14,-4,14,-6,15,-6,15,-6,0,0,16,-6,16,-7,16,-7,17,-7,17,-7,18,-7,18,-7,17,-6,18,-7,18,-7,19,-7,18,-6,19,-6,19,-6,18,-6,19,-7,19,-6,19,-6,19,-6,19,-5,19,-4,19,-5,19,-4,19,-5,19,-3,19,-3,0,0,6,-15,5,-15,5,-15,6,-16,5,-16,6,-16,6,-16,6,-15,6,-16,5,-16,5,-18,5,-18,4,-17,4,-17,5,-17,3,-19,2,-17,3,-17,2,-18,3,-19,4,-19,2,-19,3,-19,-1,-20,1,-21,0,-21,0,0,0,-21,0,-22,0,-22,-1,-22,-1,-22,0,-23,0,-23,0,-24,0,-24,-1,-25,-2,-26,-1,-25,-1,-25,0,-25,0,-26,-1,-26,0,-27,0,-27,2,-27,2,-27,3,-27,3,-26,4,-27,3,-27,5,-27,6,-27,0,0]"
CSI_DATA: 77,3,14,14,21,13,22,0,-22,-30,8426.456,8427.505,11.200,8596.597,596.306,12.592,"[9,-10,9,-11,8,-11,10,-12,9,-11,9,-11,8,-11,8,-11,8,-11,7,-11,9,-12,8,-13,8,-13,8,-12,8,-13,7,-13,7,-13,7,-12,7,-14,7,-13,7,-14,7,-14,7,-13,6,-15,7,-15,7,-16,0,0,6,-16,7,-15,6,-17,6,-16,7,-17,7,-17,7,-17,7,-16,7,-17,7,-16,7,-18,8,-16,8,-17,8,-18,8,-16,8,-18,8,-17,9,-17,9,-17,9,-16,10,-16,10,-15,10,-14,10,-15,11,-14,11,-14,0,0,15,-8,15,-8,14,-9,16,-8,15,-8,16,-7,15,-7,15,-7,15,-6,14,-7,15,-7,14,-7,14,-7,14,-7,14,-6,14,-8,13,-8,13,-7,13,-8,13,-7,13,-7,13,-7,12,-6,12,-9,13,-8,13,-9,0,0,12,-9,13,-9,13,-10,12,-9,13,-9,13,-9,13,-9,13,-9,13,-9,13,-9,13,-10,13,-9,13,-9,13,-9,13,-9,13,-10,12,-10,13,-9,13,-9,13,-9,14,-9,14,-9,14,-9,14,-10,15,-8,15,-8,0,0]"
CSI_DATA: 78,5,18,18,20,17,22,0,-28,-26,8426.368,8427.418,101.487,8687.465,687.174,103.460,"[-16,-7,-17,-7,-15,-6,-17,-8,-15,-7,-16,-8,-15,-7,-15,-7,-15,-7,-14,-6,-15,-7,-15,-7,-15,-7,-15,-6,-14,-7,-14,-6,-14,-6,-13,-6,-14,-6,-14,-6,-14,-6,-13,-5,-12,-6,-14,-5,-14,-5,-15,-5,0,0,-14,-4,-13,-4,-15,-5,-13,-3,-15,-4,-14,-4,-15,-4,-14,-4,-15,-4,-13,-3,-15,-3,-14,-4,-14,-4,-15,-4,-14,-3,-16,-3,-16,-3,-16,-4,-16,-4,-15,-4,-16,-5,-15,-5,-15,-5,-16,-6,-16,-7,-16,-7,0,0,-17,-8,-18,-8,-17,-7,-18,-8,-17,-7,-18,-8,-18,-8,-17,-8,-17,-8,-17,-7,-19,-8,-18,-7,-18,-7,-18,-7,-18,-7,-19,-6,-19,-6,-18,-6,-19,-5,-19,-6,-19,-7,-19,-6,-18,-7,-19,-5,-20,-6,-21,-5,0,0,-20,-5,-20,-5,-21,-5,-20,-5,-20,-6,-20,-5,-20,-6,-19,-5,-20,-5,-19,-5,-20,-5,-19,-5,-19,-5,-20,-5,-19,-5,-20,-5,-19,-4,-19,-5,-19,-5,-18,-5,-19,-5,-18,-6,-18,-6,-19,-5,-18,-7,-18,-7,0,0]"
CSI_DATA: 79,6,17,17,20,16,22,0,-34,-16,8429.481,8430.531,156.991,8749.456,749.165,165.451,"[-1,-5,-1,-5,-2,-4,-2,-5,-3,-5,-3,-4,-4,-5,-4,-4,-5,-5,-5,-4,-6,-5,-6,-4,-6,-4,-7,-5,-7,-5,-7,-5,-8,-4,-8,-4,-9,-4,-9,-5,-9,-5,-10,-5,-10,-5,-11,-4,-11,-5,-12,-4,0,0,-12,-5,-12,-6,-13,-6,-13,-5,-13,-6,-13,-6,-13,-7,-13,-6,-14,-7,-13,-6,-14,-6,-14,-7,-14,-8,-15,-7,-13,-8,-15,-7,-15,-7,-15,-7,-15,-8,-14,-8,-14,-9,-14,-9,-14,-9,-15,-9,-14,-10,-14,-10,0,0,-8,-13,-9,-14,-9,-13,-9,-15,-9,-13,-9,-14,-9,-14,-9,-14,-9,-14,-9,-13,-10,-15,-10,-14,-11,-15,-11,-14,-10,-15,-12,-13,-12,-13,-11,-13,-13,-13,-13,-13,-12,-14,-13,-13,-13,-13,-15,-12,-15,-14,-17,-13,0,0,-17,-12,-16,-13,-18,-13,-17,-12,-18,-13,-18,-14,-18,-14,-18,-13,-19,-13,-19,-13,-21,-14,-19,-14,-19,-14,-20,-15,-20,-14,-21,-15,-21,-15,-21,-16,-20,-16,-19,-17,-19,-18,-18,-17,-18,-18,-19,-18,-18,-20,-17,-20,0,0]"
CSI_DATA: 80,3,15,15,22,14,23,0,-20,-31,8816.452,8817.566,11.237,8986.571,237.115,12.572,"[-7,-12,-7,-12,-8,-11,-8,-13,-8,-13,-8,-13,-8,-13,-8,-12,-8,-13,-8,-12,-9,-13,-9,-13,-10,-13,-10,-13,-9,-13,-10,-12,-10,-12,-9,-12,-11,-12,-10,-13,-10,-13,-11,-12,-10,-12,-12,-11,-12,-13,-13,-12,0,0,-12,-12,-12,-12,-13,-13,-13,-12,-13,-13,-13,-13,-13,-13,-13,-12,-13,-13,-13,-12,-14,-13,-13,-13,-13,-13,-14,-14,-12,-13,-14,-14,-14,-13,-14,-14,-13,-14,-12,-15,-12,-15,-11,-15,-11,-15,-12,-15,-10,-16,-10,-16,0,0,18,-10,18,-10,17,-10,20,-10,18,-8,19,-8,18,-7,18,-7,18,-6,16,-6,18,-7,17,-7,17,-6,16,-6,16,-5,16,-6,15,-6,15,-5,15,-6,15,-5,15,-5,14,-5,14,-4,13,-7,14,-6,14,-7,0,0,13,-6,13,-6,13,-6,12,-6,13,-6,13,-6,12,-6,12,-6,12,-6,11,-6,11,-7,10,-6,10,-7,10,-7,10,-7,10,-8,10,-8,10,-8,10,-8,10,-8,11,-9,10,-9,11,-10,11,-11,12,-10,12,-10,0,0]"
CSI_DATA: 81,4,18,18,21,17,23,0,-24,-39,8813.306,8814.421,56.803,9047.930,298.474,73.931,"[1,13,1,13,2,12,2,14,2,13,2,14,2,13,2,13,2,13,3,12,3,14,4,13,3,13,4,13,3,14,4,13,5,13,4,12,5,13,5,13,5,13,5,13,5,12,7,12,7,13,8,13,0,0,8,12,8,12,9,13,9,12,9,13,9,13,9,13,9,13,9,14,9,13,11,14,9,13,10,14,10,15,9,14,10,15,9,14,9,15,8,16,7,16,7,16,6,16,6,15,7,16,5,15,5,16,0,0,-1,7,-1,7,0,7,0,9,0,8,0,9,1,9,1,9,1,10,2,9,2,11,3,11,3,11,4,11,3,12,4,12,5,11,4,11,5,12,5,12,4,13,5,12,5,12,6,12,6,13,6,13,0,0,6,12,6,12,7,12,7,12,6,12,6,12,5,12,5,11,5,12,5,11,6,12,4,11,4,10,4,11,3,11,4,11,3,11,3,10,2,10,2,10,1,10,1,9,1,9,1,9,-1,10,-1,10,0,0]"
CSI_DATA: 82,5,19,19,21,18,23,0,-35,-19,8816.365,8817.479,101.464,9102.389,352.933,128.390,"[-16,12,-16,12,-15,13,-18,12,-16,11,-16,10,-16,9,-15,9,-16,8,-14,9,-15,9,-14,9,-14,9,-14,9,-14,7,-13,8,-13,7,-12,7,-12,7,-12,7,-12,6,-11,6,-10,5,-9,7,-10,6,-9,7,0,0,-8,6,-7,6,-7,6,-6,6,-6,6,-5,7,-5,7,-4,7,-4,8,-3,7,-2,9,-2,8,-2,9,-1,10,-1,10,-1,11,0,11,0,12,-1,13,-1,13,-1,14,-1,15,-1,15,-1,17,-3,17,-4,18,0,0,-7,-5,-8,-5,-8,-4,-8,-5,-8,-5,-8,-5,-8,-4,-8,-4,-8,-5,-8,-4,-8,-4,-8,-4,-8,-4,-8,-4,-8,-4,-9,-4,-9,-4,-8,-4,-9,-3,-9,-4,-9,-4,-9,-4,-8,-4,-9,-3,-9,-3,-9,-3,0,0,-9,-3,-9,-3,-10,-3,-9,-3,-9,-3,-10,-3,-9,-3,-9,-3,-10,-3,-9,-2,-10,-3,-9,-3,-10,-3,-10,-3,-10,-3,-11,-3,-11,-3,-11,-3,-10,-3,-10,-4,-10,-4,-10,-4,-10,-4,-11,-4,-10,-5,-10,-5,0,0]"
CSI_DATA: 83,6,18,18,21,17,23,0,-34,-18,8819.478,8820.593,156.868,9167.339,417.883,193.340,"[1,1,2,1,2,2,3,3,3,3,3,4,3,3,3,4,3,5,4,5,5,6,5,6,5,7,5,7,5,8,5,8,5,8,5,8,6,9,5,9,5,10,6,10,5,9,7,10,7,11,7,10,0,0,7,11,7,11,8,12,7,11,7,12,7,12,7,13,7,12,7,12,7,11,8,12,7,12,8,12,8,12,7,12,8,13,8,12,8,12,7,12,6,11,7,11,7,12,6,11,8,11,7,11,7,11,0,0,15,-7,15,-8,15,-8,17,-8,16,-8,16,-8,16,-8,16,-8,16,-7,15,-8,17,-9,16,-9,16,-9,15,-9,16,-8,15,-10,15,-11,14,-10,14,-11,15,-11,15,-11,14,-12,15,-11,13,-14,15,-14,14,-15,0,0,14,-15,15,-15,15,-16,14,-16,15,-16,15,-16,15,-16,15,-16,15,-17,15,-17,16,-19,16,-17,16,-17,16,-18,16,-17,17,-18,16,-18,17,-18,18,-18,18,-17,19,-17,19,-15,19,-16,19,-16,21,-15,21,-14,0,0]"
CSI_DATA: 84,7,17,17,18,17,23,0,-30,-21,8734.393,8735.508,201.351,9228.282,478.826,254.283,"[12,0,12,-1,12,-1,13,0,12,0,11,0,11,-1,11,-1,10,0,9,-1,10,-2,10,-2,10,-2,10,-2,10,-2,9,-2,9,-2,8,-2,8,-2,8,-2,8,-2,7,-2,7,-3,7,-4,7,-4,7,-5,0,0,6,-5,5,-6,5,-6,5,-6,5,-7,4,-7,4,-8,4,-8,4,-9,4,-9,3,-11,4,-11,4,-12,4,-13,4,-13,5,-14,4,-15,6,-15,7,-16,7,-15,8,-16,9,-16,9,-17,10,-18,11,-18,13,-18,0,0,11,-15,11,-15,10,-15,12,-16,11,-15,11,-15,12,-14,11,-13,11,-13,10,-12,11,-13,9,-13,9,-12,7,-12,7,-12,6,-14,5,-13,5,-13,4,-14,5,-14,6,-15,5,-15,5,-15,3,-16,5,-17,4,-18,0,0,4,-18,5,-18,5,-18,5,-18,5,-18,6,-18,6,-18,6,-17,6,-18,5,-18,5,-19,6,-17,6,-17,6,-18,6,-17,6,-18,6,-18,6,-17,7,-17,7,-16,8,-16,8,-15,8,-15,7,-16,8,-15,8,-15,0,0]"
CSI_DATA: 85,3,16,16,23,15,24,0,-19,-32,9206.436,9207.512,11.228,9376.516,148.234,12.517,"[2,-15,2,-16,1,-16,2,-17,2,-16,1,-16,1,-16,1,-16,1,-16,0,-16,1,-17,0,-16,0,-17,0,-16,1,-17,-1,-17,-1,-16,-1,-15,-1,-16,-1,-16,-1,-16,-2,-16,-1,-16,-3,-16,-2,-17,-3,-17,0,0,-4,-17,-4,-17,-4,-18,-5,-17,-4,-17,-5,-18,-5,-18,-5,-17,-5,-18,-5,-17,-6,-19,-5,-18,-5,-18,-6,-19,-5,-19,-6,-20,-6,-20,-5,-20,-5,-20,-4,-20,-4,-21,-3,-20,-3,-20,-4,-21,-2,-21,-1,-21,0,0,-10,8,-10,8,-9,9,-11,9,-11,8,-11,8,-11,8,-11,8,-12,8,-11,8,-12,9,-12,8,-12,8,-12,8,-12,8,-11,9,-11,9,-11,8,-11,9,-11,8,-12,8,-10,9,-11,8,-10,10,-11,10,-10,10,0,0,-10,10,-10,10,-10,11,-10,11,-10,10,-10,11,-10,10,-10,10,-10,10,-10,10,-10,11,-10,9,-10,9,-10,9,-10,9,-10,9,-9,9,-10,8,-10,8,-9,7,-10,7,-9,7,-9,7,-9,7,-9,6,-9,5,0,0]"
CSI_DATA: 86,5,20,20,22,19,24,0,-32,-21,9206.349,9207.426,101.508,9466.865,238.583,102.866,"[-24,-6,-25,-6,-24,-4,-25,-7,-23,-6,-23,-6,-22,-6,-22,-6,-22,-7,-21,-6,-22,-7,-22,-7,-21,-7,-20,-7,-20,-8,-21,-7,-19,-6,-18,-7,-18,-6,-18,-7,-17,-7,-17,-7,-16,-7,-17,-6,-17,-7,-17,-6,0,0,-15,-6,-15,-6,-15,-6,-14,-5,-14,-5,-13,-5,-13,-5,-12,-5,-13,-5,-11,-4,-12,-4,-11,-4,-11,-4,-10,-4,-9,-4,-9,-3,-9,-3,-8,-2,-8,-2,-7,-1,-7,-1,-7,0,-7,0,-7,2,-8,2,-8,2,0,0,11,-11,11,-12,10,-12,11,-12,10,-12,11,-12,10,-12,10,-12,10,-12,9,-12,10,-13,9,-14,9,-13,9,-14,10,-13,9,-15,8,-15,8,-14,8,-15,8,-15,9,-15,9,-15,9,-14,7,-16,9,-16,8,-17,0,0,7,-17,8,-17,8,-18,7,-18,8,-18,8,-18,8,-18,8,-17,8,-18,8,-17,8,-20,8,-18,9,-18,9,-19,8,-19,8,-20,8,-20,9,-20,9,-19,10,-19,11,-19,11,-18,11,-18,11,-19,13,-18,13,-18,0,0]"
CSI_DATA: 87,6,19,19,22,18,24,0,-29,-16,9209.463,9210.540,157.00,9524.460,296.178,160.461,"[-3,-4,-3,-4,-4,-4,-4,-5,-5,-5,-5,-5,-6,-5,-6,-5,-7,-5,-7,-5,-8,-6,-9,-5,-9,-6,-9,-6,-9,-6,-10,-5,-10,-5,-10,-5,-11,-5,-12,-6,-12,-6,-12,-6,-12,-6,-13,-5,-14,-7,-15,-6,0,0,-15,-6,-16,-6,-17,-6,-16,-6,-17,-6,-17,-7,-18,-7,-17,-6,-18,-7,-18,-7,-19,-7,-19,-8,-19,-8,-19,-8,-19,-7,-19,-8,-20,-8,-19,-8,-19,-8,-18,-9,-19,-10,-18,-10,-18,-10,-18,-9,-18,-11,-17,-11,0,0,-3,15,-3,15,-2,15,-3,16,-3,16,-3,16,-3,16,-3,16,-3,16,-3,16,-3,17,-2,17,-2,17,-1,17,-2,17,0,17,1,16,0,16,1,17,1,18,1,18,2,18,1,18,4,18,3,19,4,20,0,0,4,20,5,20,5,21,6,19,5,21,5,22,5,22,5,21,6,21,6,21,7,23,6,22,6,23,6,24,6,23,7,25,7,23,6,25,5,25,5,25,4,26,4,25,3,25,4,26,1,27,1,27,0,0]"
CSI_DATA: 88,7,18,18,19,18,24,0,-22,-20,9124.379,9125.455,201.275,9588.893,360.611,224.894,"[2,-15,2,-15,1,-15,2,-16,2,-15,2,-14,2,-14,2,-14,2,-14,1,-14,2,-15,1,-14,1,-14,1,-14,2,-13,1,-14,0,-13,1,-13,0,-13,0,-13,0,-13,-1,-13,0,-12,-2,-13,-1,-13,-2,-13,0,0,-2,-13,-3,-13,-3,-14,-3,-13,-4,-14,-4,-14,-4,-14,-4,-14,-4,-14,-4,-14,-5,-14,-4,-15,-4,-15,-5,-15,-5,-15,-5,-16,-5,-17,-5,-16,-4,-16,-4,-16,-3,-17,-3,-18,-2,-18,-3,-19,-1,-19,-1,-18,0,0,-17,-3,-18,-2,-17,-1,-19,-3,-18,-2,-18,-3,-18,-3,-17,-3,-18,-4,-16,-3,-18,-4,-17,-3,-17,-3,-16,-3,-16,-3,-16,-1,-15,0,-15,-1,-16,0,-16,0,-16,-1,-16,0,-15,0,-16,2,-17,1,-18,2,0,0,-17,2,-17,1,-18,2,-17,2,-18,1,-19,1,-18,1,-18,0,-18,1,-17,0,-18,1,-17,0,-17,0,-18,0,-17,0,-18,0,-17,0,-17,0,-16,-1,-16,-1,-17,-2,-16,-2,-16,-2,-16,-1,-15,-3,-15,-3,0,0]"
CSI_DATA: 89,3,17,17,24,16,25,0,-21,-32,9598.391,9607.554,21.264,9776.636,187.743,22.638,"[13,4,13,4,14,3,14,4,14,4,14,4,14,4,14,4,14,4,14,3,15,4,15,3,15,3,15,3,15,4,16,2,14,2,15,3,15,2,15,3,15,4,15,3,15,3,16,1,17,2,17,1,0,0,16,1,17,1,17,1,17,1,17,1,18,2,18,2,17,2,18,2,17,1,18,1,17,1,18,2,18,2,18,2,19,2,19,2,18,2,18,3,18,4,18,5,18,5,18,5,18,4,17,6,17,6,0,0,-6,7,-6,7,-6,7,-8,7,-7,7,-8,7,-8,7,-9,8,-9,7,-8,7,-9,8,-9,9,-9,9,-9,9,-10,8,-10,10,-10,9,-10,9,-10,10,-11,9,-11,10,-11,10,-11,9,-10,11,-11,11,-11,12,0,0,-11,11,-12,11,-12,12,-11,12,-12,11,-13,11,-13,11,-12,11,-12,11,-11,11,-12,12,-11,10,-11,10,-12,11,-11,10,-12,11,-10,10,-11,10,-11,10,-10,9,-11,9,-10,8,-9,9,-9,9,-9,9,-9,9,0,0]"
CSI_DATA: 90,4,19,19,23,18,25,0,-26,-39,9595.248,9604.410,66.837,9825.708,236.815,71.710,"[12,1,12,1,12,0,13,1,13,0,12,1,12,1,12,1,12,1,12,0,13,0,13,0,13,0,13,0,12,0,13,-1,12,-1,12,-1,12,-1,12,0,12,0,12,-1,11,0,12,-2,13,-2,13,-2,0,0,12,-2,13,-2,13,-3,12,-3,13,-2,13,-2,13,-2,12,-2,13,-2,12,-3,13,-3,12,-2,12,-2,13,-2,12,-2,13,-2,13,-2,13,-2,13,-1,12,0,12,0,12,0,13,1,13,0,12,1,12,1,0,0,2,-3,1,-3,1,-3,1,-3,0,-2,-1,-2,-1,-1,-2,-1,-3,-1,-3,-1,-4,0,-5,0,-5,0,-6,1,-7,0,-7,2,-7,1,-8,1,-8,2,-8,1,-10,2,-9,2,-10,2,-10,3,-11,3,-12,4,0,0,-12,5,-12,4,-13,5,-12,5,-13,5,-13,5,-13,5,-13,6,-14,7,-13,7,-14,8,-14,7,-14,8,-15,8,-15,8,-16,10,-16,9,-17,9,-17,9,-17,8,-18,8,-18,7,-18,8,-19,9,-21,8,-21,7,0,0]"
CSI_DATA: 91,5,21,21,23,20,25,0,-30,-19,9598.306,9607.469,111.501,9886.603,297.710,132.605,"[13,11,13,11,14,10,14,12,14,11,13,11,13,11,13,10,13,11,13,10,14,12,14,11,14,11,14,11,13,12,16,11,14,10,14,11,14,11,14,12,13,12,14,12,13,12,14,11,14,13,14,12,0,0,14,11,14,12,14,11,14,11,13,12,13,12,13,12,12,12,12,11,12,11,13,12,11,11,11,11,11,11,12,10,12,10,12,10,11,10,11,10,11,10,11,10,11,10,11,11,12,10,11,10,11,11,0,0,11,-9,11,-10,10,-10,12,-10,10,-9,11,-10,11,-10,10,-10,10,-10,9,-10,10,-12,9,-12,9,-12,9,-12,10,-11,9,-13,9,-13,9,-12,8,-13,9,-13,9,-12,9,-13,9,-12,7,-14,9,-15,8,-15,0,0,8,-15,8,-15,8,-16,7,-15,8,-15,8,-16,8,-16,8,-15,8,-16,7,-16,7,-17,8,-16,8,-16,9,-17,8,-16,9,-18,8,-17,9,-17,9,-17,10,-16,10,-16,11,-15,10,-15,10,-16,12,-15,12,-15,0,0]"
CSI_DATA: 92,6,20,20,23,19,25,0,-28,-18,9601.420,9610.583,166.993,9951.482,362.589,197.484,"[7,-6,7,-6,6,-7,7,-8,7,-8,6,-8,6,-8,6,-8,6,-9,5,-9,6,-11,5,-11,6,-12,5,-12,6,-12,5,-13,5,-12,5,-12,5,-14,6,-13,6,-14,5,-14,6,-14,4,-16,5,-16,5,-17,0,0,5,-17,5,-17,5,-18,5,-17,6,-19,6,-19,7,-19,7,-19,7,-18,6,-19,7,-20,7,-19,7,-19,7,-19,7,-19,8,-19,8,-20,8,-19,9,-19,9,-18,10,-18,10,-18,10,-18,10,-19,10,-18,11,-17,0,0,12,-8,12,-9,11,-9,13,-10,12,-9,13,-10,13,-9,13,-10,13,-9,12,-10,13,-11,12,-12,12,-11,11,-12,13,-11,12,-12,11,-13,11,-12,11,-13,11,-13,12,-13,11,-13,11,-13,9,-16,11,-16,10,-18,0,0,10,-17,10,-17,11,-18,9,-17,11,-18,11,-18,11,-18,11,-18,11,-19,10,-19,11,-21,11,-20,11,-20,12,-20,12,-19,13,-21,12,-20,13,-21,14,-20,14,-19,15,-20,15,-18,15,-19,15,-20,16,-18,17,-18,0,0]"
CSI_DATA: 93,7,19,19,20,19,25,0,-25,-20,9516.336,9525.499,211.259,10019.27,430.134,265.29,"[8,-14,8,-14,7,-14,8,-15,8,-14,8,-14,8,-13,7,-13,7,-12,7,-12,7,-14,7,-13,7,-13,6,-13,7,-12,6,-13,5,-12,5,-11,5,-12,5,-11,5,-11,4,-11,4,-10,2,-11,3,-11,2,-11,0,0,2,-11,1,-12,0,-12,0,-12,0,-12,0,-13,-1,-13,-1,-13,-1,-13,-2,-13,-3,-14,-2,-14,-2,-14,-3,-15,-3,-15,-3,-16,-3,-17,-3,-17,-3,-17,-2,-18,-1,-18,-1,-19,0,-20,-1,-21,0,-20,1,-20,0,0,1,-18,1,-19,0,-18,2,-20,2,-18,2,-18,2,-18,2,-17,3,-17,2,-16,2,-17,1,-17,1,-16,1,-16,2,-16,0,-16,-1,-16,0,-15,-1,-16,0,-16,0,-16,-1,-17,0,-16,-2,-17,-1,-18,-2,-18,0,0,-1,-18,-1,-17,-1,-18,-1,-17,-1,-17,0,-18,0,-17,0,-17,0,-17,0,-17,-1,-18,0,-16,0,-16,0,-17,0,-16,0,-17,0,-16,0,-16,1,-16,1,-15,2,-16,2,-15,2,-15,1,-15,2,-15,2,-15,0,0]"
CSI_DATA: 94,5,22,22,24,21,26,0,-26,-21,9986.492,9987.415,101.469,10247.641,228.614,103.643,"[16,4,16,4,15,3,17,4,15,4,16,4,15,4,14,4,15,4,14,3,15,3,15,3,15,3,15,3,15,4,15,2,14,1,14,2,15,2,14,2,15,3,15,2,13,2,14,0,15,1,16,1,0,0,15,0,15,1,16,0,14,0,16,1,16,1,16,1,16,1,16,1,15,0,17,0,16,1,16,0,17,1,16,1,18,0,16,1,18,1,18,2,17,2,18,2,17,3,17,3,18,3,18,4,18,5,0,0,-15,-7,-15,-7,-15,-6,-16,-7,-15,-6,-15,-7,-15,-7,-15,-7,-15,-6,-15,-6,-16,-6,-16,-5,-16,-5,-16,-5,-16,-5,-17,-4,-16,-4,-16,-4,-17,-3,-17,-4,-17,-5,-17,-4,-16,-4,-17,-2,-18,-3,-19,-2,0,0,-18,-2,-19,-2,-19,-2,-18,-1,-19,-2,-20,-2,-19,-3,-19,-2,-19,-2,-19,-2,-20,-1,-19,-2,-20,-2,-20,-2,-20,-2,-21,-2,-21,-2,-21,-2,-21,-3,-20,-3,-21,-4,-20,-4,-20,-5,-22,-5,-21,-7,-21,-7,0,0]"
CSI_DATA: 95,6,21,21,24,20,26,0,-28,-17,9989.606,9990.530,156.976,10302.301,283.274,158.303,"[5,-9,5,-10,4,-10,5,-11,5,-10,5,-11,4,-11,4,-10,4,-11,4,-11,5,-12,4,-12,5,-12,4,-12,5,-12,4,-12,4,-12,4,-12,3,-13,4,-12,4,-13,3,-13,4,-13,3,-13,4,-14,3,-14,0,0,3,-14,3,-14,3,-15,2,-14,4,-15,3,-15,3,-15,3,-15,4,-15,3,-15,3,-16,4,-15,4,-15,3,-16,3,-15,3,-16,4,-16,4,-16,4,-16,5,-15,5,-16,6,-15,6,-15,6,-16,7,-15,7,-15,0,0,-12,2,-12,3,-11,3,-13,3,-13,3,-13,4,-13,4,-13,4,-14,4,-13,4,-14,5,-14,6,-14,6,-14,6,-14,6,-14,7,-13,7,-13,7,-13,8,-14,8,-15,8,-14,9,-14,8,-13,11,-15,11,-14,12,0,0,-14,13,-15,12,-15,14,-14,14,-15,14,-16,14,-16,14,-15,14,-16,15,-15,16,-16,17,-17,16,-17,16,-18,16,-18,16,-19,17,-18,17,-19,17,-20,16,-20,15,-22,15,-22,14,-22,14,-22,15,-23,13,-23,13,0,0]"
CSI_DATA: 96,7,20,20,21,20,26,0,-27,-19,9904.523,9905.447,201.254,10367.283,348.256,223.285,"[3,-12,2,-13,2,-12,3,-14,2,-13,2,-13,2,-13,2,-12,2,-12,1,-13,1,-14,1,-14,1,-14,1,-14,2,-14,1,-14,1,-14,1,-13,1,-14,1,-13,2,-14,0,-13,1,-12,-1,-13,0,-14,-1,-14,0,0,-1,-14,-2,-14,-2,-15,-2,-13,-2,-14,-3,-15,-3,-15,-3,-15,-4,-15,-4,-15,-4,-16,-4,-16,-4,-17,-5,-18,-5,-17,-6,-19,-6,-19,-5,-19,-5,-20,-4,-20,-4,-21,-3,-22,-3,-22,-3,-24,-2,-24,-1,-25,0,0,-4,-20,-5,-20,-6,-19,-5,-21,-5,-20,-4,-20,-4,-20,-3,-19,-3,-19,-3,-18,-3,-20,-4,-19,-4,-18,-4,-17,-3,-17,-6,-17,-6,-16,-6,-16,-7,-16,-6,-16,-6,-17,-7,-17,-6,-16,-9,-16,-8,-18,-9,-18,0,0,-9,-17,-9,-18,-9,-18,-9,-17,-8,-18,-8,-18,-7,-18,-7,-17,-8,-18,-7,-17,-8,-18,-7,-17,-7,-17,-7,-17,-7,-17,-7,-17,-7,-16,-7,-17,-6,-17,-5,-16,-5,-16,-5,-16,-5,-15,-6,-16,-4,-16,-4,-16,0,0]"
CSI_DATA: 97,4,20,20,25,19,27,0,-23,-40,10373.289,10374.374,56.392,10592.411,225.128,58.412,"[11,6,11,6,12,5,13,6,12,6,12,5,12,5,11,5,12,5,12,4,13,5,12,4,13,4,13,4,12,4,13,3,12,2,12,2,13,2,13,2,13,2,13,1,12,2,13,0,14,1,14,0,0,0,13,-1,14,-1,14,-2,14,-2,15,-1,15,-1,15,-2,15,-2,15,-2,15,-2,16,-3,16,-2,16,-2,16,-2,16,-1,17,-2,17,-1,17,-1,17,0,17,0,17,1,17,2,17,2,18,2,17,4,17,4,0,0,13,-1,14,-1,13,-3,15,-2,13,-2,15,-2,14,-2,14,-2,14,-2,13,-3,15,-3,15,-3,15,-3,14,-3,14,-2,14,-4,14,-4,13,-3,13,-4,13,-3,13,-3,13,-4,12,-3,12,-5,13,-4,13,-5,0,0,11,-5,11,-4,12,-5,10,-5,11,-4,11,-4,10,-3,9,-3,9,-3,9,-3,9,-3,8,-2,7,-2,8,-1,7,-1,7,-1,7,0,6,1,6,1,5,1,5,2,4,2,4,3,4,3,3,4,2,4,0,0]"
CSI_DATA: 98,5,23,23,25,22,27,0,-23,-22,10376.346,10377.432,101.65,10640.00,272.717,106.01,"[-17,7,-17,8,-15,8,-18,8,-17,8,-17,8,-16,9,-16,8,-16,8,-15,8,-17,9,-16,10,-17,10,-16,10,-16,9,-16,11,-15,10,-15,10,-15,11,-16,11,-16,11,-15,11,-15,10,-14,12,-16,12,-15,13,0,0,-14,13,-15,12,-15,14,-14,13,-15,13,-15,14,-15,13,-14,13,-15,13,-14,13,-15,14,-15,13,-15,13,-16,13,-15,12,-16,13,-16,13,-16,13,-16,12,-15,12,-16,11,-15,11,-16,10,-16,11,-17,9,-17,9,0,0,13,-9,12,-10,12,-10,13,-10,12,-10,12,-11,12,-11,12,-11,12,-11,11,-11,13,-12,12,-12,12,-12,11,-12,11,-12,11,-15,10,-14,10,-14,10,-14,11,-15,11,-15,10,-15,11,-14,10,-16,11,-16,11,-17,0,0,10,-17,11,-17,10,-18,10,-18,11,-18,11,-18,11,-18,10,-17,10,-18,11,-18,12,-20,11,-18,11,-17,11,-19,11,-19,11,-19,12,-20,12,-19,12,-19,12,-19,14,-18,13,-17,15,-18,15,-18,16,-16,16,-17,0,0]"
CSI_DATA: 99,7,21,21,22,21,27,0,-29,-19,10294.379,10295.464,200.849,10736.730,369.447,202.731,"[-14,3,-14,3,-13,4,-14,3,-13,3,-13,3,-13,3,-13,3,-13,3,-12,4,-13,3,-13,4,-13,4,-13,4,-13,3,-12,4,-11,4,-11,4,-11,4,-11,4,-11,4,-10,4,-10,4,-9,6,-9,6,-9,6,0,0,-8,7,-8,7,-8,9,-7,8,-7,9,-8,10,-7,10,-7,10,-7,11,-7,11,-6,12,-7,12,-7,13,-7,14,-8,14,-8,16,-8,16,-8,16,-9,17,-9,16,-11,17,-11,17,-12,17,-12,19,-14,17,-15,18,0,0,6,9,6,8,7,8,6,9,6,9,6,9,6,9,5,9,5,9,5,8,5,9,5,8,5,8,5,7,5,7,6,7,6,6,6,6,6,6,6,6,6,7,6,6,6,7,7,6,7,6,8,7,0,0,8,6,8,6,8,6,8,6,8,7,8,7,7,7,7,7,8,7,7,7,8,7,7,7,7,7,7,7,7,7,7,7,7,7,7,7,6,7,6,7,6,7,5,7,5,7,6,7,5,7,5,7,0,0]"
CSI_DATA: 100,4,21,21,26,20,28,0,-23,-42,10763.289,10764.394,56.949,10982.491,245.761,58.490,"[11,1,12,1,11,0,13,0,12,0,12,0,12,0,11,0,11,0,11,-1,12,-1,12,-1,12,-1,12,-2,12,-1,12,-3,11,-3,11,-2,12,-3,12,-3,12,-3,12,-3,12,-3,12,-4,13,-4,13,-5,0,0,12,-5,13,-5,13,-6,12,-6,14,-6,14,-6,14,-6,14,-6,13,-6,13,-6,14,-7,14,-6,14,-5,15,-6,14,-5,15,-6,16,-5,16,-5,16,-5,15,-4,16,-4,16,-3,16,-2,16,-2,16,-1,16,0,0,0,-8,8,-8,8,-7,8,-9,8,-8,8,-8,8,-8,8,-8,8,-9,7,-7,7,-9,8,-8,8,-9,7,-8,7,-9,7,-8,7,-7,7,-7,6,-6,7,-7,6,-7,6,-6,7,-6,6,-5,8,-6,8,-6,8,0,0,-6,8,-6,8,-6,9,-5,8,-6,9,-6,9,-6,9,-6,9,-6,9,-5,9,-6,10,-7,9,-7,9,-7,9,-7,9,-7,9,-7,9,-7,9,-7,8,-8,9,-8,9,-8,8,-7,8,-8,8,-8,8,-9,9,0,0]"
CSI_DATA: 101,5,24,24,26,23,28,0,-23,-25,10766.347,10767.452,101.524,11030.341,293.611,106.340,"[1,-17,0,-18,-1,-17,1,-19,0,-18,1,-18,1,-18,1,-17,1,-17,0,-17,0,-18,0,-18,0,-18,0,-18,0,-18,-1,-18,-1,-17,-1,-16,-1,-18,-1,-18,0,-18,-1,-17,-1,-16,-2,-17,-2,-18,-2,-18,0,0,-2,-18,-2,-18,-3,-19,-3,-17,-2,-18,-2,-18,-2,-18,-2,-18,-2,-18,-2,-17,-3,-19,-2,-18,-2,-18,-2,-18,-1,-17,-2,-19,-2,-18,-1,-18,-1,-18,0,-17,1,-18,1,-17,1,-17,0,-19,2,-17,2,-17,0,0,-4,-15,-4,-15,-5,-14,-5,-16,-5,-14,-5,-14,-5,-14,-5,-14,-5,-14,-6,-13,-6,-15,-7,-14,-7,-14,-7,-14,-7,-15,-8,-14,-8,-14,-8,-13,-9,-14,-8,-14,-8,-15,-9,-14,-8,-14,-10,-13,-10,-15,-11,-15,0,0,-11,-14,-10,-15,-11,-15,-11,-14,-10,-15,-11,-15,-11,-15,-11,-15,-11,-15,-10,-14,-12,-16,-11,-15,-11,-16,-12,-16,-11,-16,-12,-17,-12,-16,-11,-17,-11,-17,-10,-17,-10,-18,-9,-18,-9,-18,-10,-18,-8,-19,-8,-19,0,0]"
CSI_DATA: 102,6,22,22,26,21,28,0,-24,-16,10769.462,10770.567,156.913,11104.77,367.347,180.76,"[10,4,10,4,11,3,12,4,11,4,12,4,11,3,11,3,12,4,12,3,13,3,13,3,13,3,13,2,14,3,14,2,14,2,14,2,14,1,15,2,15,2,15,2,14,3,15,1,16,2,16,1,0,0,16,1,16,1,17,1,16,1,17,2,17,2,17,2,16,2,17,2,16,1,17,1,16,2,16,2,17,2,16,2,17,2,17,2,17,2,17,3,16,3,16,4,16,4,16,4,16,4,16,6,16,6,0,0,-14,3,-15,4,-14,4,-16,4,-15,4,-16,4,-15,5,-15,5,-16,5,-14,5,-16,5,-16,6,-16,6,-15,6,-16,6,-15,8,-15,8,-14,7,-15,9,-15,8,-15,9,-15,9,-15,9,-14,11,-16,11,-16,13,0,0,-15,13,-16,12,-16,14,-15,13,-16,14,-17,14,-17,14,-17,15,-18,15,-17,15,-18,16,-18,15,-18,15,-20,16,-19,15,-20,17,-19,16,-20,16,-21,15,-21,15,-22,15,-22,13,-22,13,-23,14,-24,12,-25,12,0,0]"
CSI_DATA: 103,7,22,22,23,22,28,0,-26,-23,10684.380,10685.485,201.284,11166.518,429.788,242.517,"[-14,6,-14,6,-13,7,-15,7,-14,7,-14,6,-13,6,-13,6,-13,6,-11,6,-13,7,-12,7,-12,7,-11,7,-11,7,-11,7,-10,7,-10,7,-9,8,-9,8,-9,8,-9,8,-9,8,-8,9,-8,9,-8,10,0,0,-7,10,-7,10,-7,12,-6,11,-7,12,-7,13,-7,13,-6,12,-7,13,-6,13,-7,14,-7,14,-7,14,-7,15,-7,14,-8,16,-7,16,-8,16,-9,16,-9,16,-10,16,-10,16,-11,16,-11,17,-13,15,-13,15,0,0,12,-10,13,-11,12,-11,15,-12,13,-10,14,-11,14,-10,14,-10,15,-9,13,-9,15,-10,14,-9,14,-9,13,-9,13,-8,12,-10,11,-10,10,-9,10,-10,11,-10,11,-10,11,-11,10,-10,10,-12,11,-13,11,-13,0,0,11,-13,11,-13,12,-14,11,-13,12,-13,12,-13,12,-13,12,-12,12,-12,12,-12,12,-13,12,-11,12,-11,12,-12,12,-11,12,-12,12,-11,12,-10,11,-10,11,-9,11,-9,11,-8,11,-8,11,-9,10,-7,10,-8,0,0]"
CSI_DATA: 104,3,18,18,28,17,29,0,-23,-36,11156.418,11157.522,11.131,11326.652,160.134,12.652,"[5,-16,4,-17,3,-17,5,-19,5,-18,5,-18,5,-18,5,-17,5,-17,4,-17,5,-19,4,-19,5,-19,4,-18,5,-18,3,-19,3,-18,4,-18,3,-19,4,-18,4,-19,3,-19,4,-18,2,-19,2,-20,2,-20,0,0,1,-20,1,-20,1,-21,0,-20,1,-21,1,-21,1,-21,1,-21,0,-21,0,-21,0,-23,1,-22,1,-22,0,-23,0,-22,0,-23,0,-24,1,-23,2,-23,2,-22,3,-23,3,-22,4,-23,3,-23,5,-22,5,-22,0,0,4,-2,4,-2,3,-2,3,-2,3,-1,3,-1,2,-1,2,-1,2,-1,2,0,2,0,2,0,2,0,2,0,2,0,2,0,2,0,2,1,3,1,2,2,3,2,3,2,3,2,4,2,4,2,5,2,0,0,5,2,5,3,6,3,6,3,6,3,7,3,7,3,7,3,7,3,8,3,9,3,8,3,8,3,8,3,9,3,9,3,9,3,9,3,9,3,9,3,9,4,9,4,9,4,9,4,8,4,8,4,0,0]"
CSI_DATA: 105,4,22,22,27,21,29,0,-22,-42,11153.278,11154.382,56.934,11372.264,205.746,58.264,"[3,12,4,12,5,11,4,13,4,12,4,12,5,12,5,11,5,12,5,11,6,12,6,12,7,12,7,11,6,12,7,11,7,10,7,10,8,10,7,11,7,11,8,10,7,11,9,10,9,11,10,10,0,0,10,10,10,10,11,10,11,10,11,10,11,10,11,11,11,10,11,10,11,10,12,11,11,11,12,11,12,11,12,11,12,12,13,12,12,12,12,13,11,13,11,14,10,14,10,15,11,14,9,15,8,15,0,0,15,6,15,5,16,5,17,6,17,6,17,6,17,6,17,6,17,6,17,6,19,7,19,6,19,7,19,6,19,8,21,6,20,6,20,7,20,6,20,7,20,8,20,7,20,8,21,5,21,7,22,6,0,0,21,6,22,6,21,5,21,5,20,6,21,6,21,6,20,6,21,6,20,6,21,5,19,5,19,5,19,5,19,5,20,5,19,4,18,5,18,6,17,6,17,6,16,6,16,6,16,6,15,7,14,7,0,0]"
CSI_DATA: 106,5,25,25,27,24,29,0,-25,-34,11156.336,11157.439,101.509,11429.102,262.584,115.102,"[-16,10,-16,11,-14,11,-17,11,-16,11,-16,11,-16,11,-15,10,-15,10,-14,10,-16,11,-15,11,-15,12,-14,11,-15,11,-14,12,-13,12,-13,11,-13,12,-14,11,-14,12,-14,12,-14,11,-13,13,-14,13,-14,14,0,0,-13,14,-14,14,-14,14,-13,14,-14,14,-14,14,-14,14,-14,13,-14,14,-13,14,-14,15,-14,14,-14,13,-15,14,-14,13,-15,14,-15,14,-16,14,-16,13,-16,11,-16,11,-16,11,-17,11,-17,11,-17,9,-17,9,0,0,-8,6,-8,6,-8,7,-9,7,-9,7,-10,7,-10,8,-10,7,-11,8,-10,8,-12,10,-11,10,-12,10,-12,11,-13,10,-13,12,-13,11,-13,11,-13,12,-15,12,-15,11,-15,12,-15,12,-14,14,-16,14,-15,15,0,0,-15,15,-16,15,-16,16,-15,16,-16,16,-16,17,-16,16,-16,17,-16,18,-15,18,-16,20,-15,18,-15,19,-16,20,-16,20,-16,22,-16,22,-16,23,-18,22,-18,22,-19,22,-18,21,-19,22,-19,24,-21,22,-21,22,0,0]"
CSI_DATA: 107,6,23,23,27,22,29,0,-25,-22,11159.451,11160.555,156.897,11500.993,334.475,186.993,"[-9,0,-8,1,-8,2,-9,2,-9,2,-9,2,-9,3,-8,3,-8,3,-8,4,-8,4,-8,5,-8,5,-8,6,-8,6,-8,7,-7,7,-8,7,-8,9,-8,9,-8,9,-8,9,-8,9,-7,11,-8,11,-8,12,0,0,-8,12,-8,13,-9,14,-8,13,-9,14,-10,14,-10,15,-9,14,-10,15,-10,15,-10,16,-11,15,-11,15,-11,15,-11,15,-11,16,-12,16,-12,16,-13,15,-13,14,-14,14,-13,13,-14,13,-14,14,-15,13,-14,12,0,0,10,-12,10,-12,9,-13,10,-13,10,-13,10,-12,10,-13,10,-12,10,-12,10,-12,11,-13,10,-13,10,-13,9,-13,9,-13,9,-15,8,-14,8,-13,7,-15,8,-14,8,-14,8,-15,8,-15,6,-16,8,-17,7,-18,0,0,6,-17,7,-19,6,-19,6,-18,7,-18,7,-19,7,-19,7,-19,7,-19,7,-20,7,-21,7,-19,8,-20,8,-20,8,-20,8,-21,8,-20,8,-20,9,-20,10,-19,10,-20,10,-19,11,-19,10,-20,12,-18,12,-18,0,0]"
CSI_DATA: 108,7,23,23,24,23,29,0,-20,-20,11074.370,11075.473,201.260,11566.688,400.170,252.688,"[-15,-9,-15,-9,-15,-8,-16,-10,-15,-9,-15,-9,-14,-9,-14,-9,-14,-9,-13,-9,-14,-9,-14,-9,-14,-9,-13,-8,-13,-9,-14,-7,-13,-7,-13,-7,-14,-7,-13,-7,-13,-7,-13,-6,-12,-6,-13,-5,-14,-6,-14,-5,0,0,-13,-4,-14,-4,-15,-4,-14,-3,-14,-4,-15,-3,-15,-3,-14,-3,-15,-2,-15,-2,-16,-2,-15,-3,-16,-2,-17,-2,-17,-1,-18,-1,-18,-2,-19,-2,-19,-3,-18,-4,-19,-4,-19,-5,-19,-5,-21,-5,-20,-7,-20,-8,0,0,13,7,13,7,13,6,14,8,13,7,13,8,13,8,12,8,12,8,11,7,12,7,12,6,12,6,11,5,11,6,12,4,12,4,12,4,12,3,13,4,13,5,13,4,13,4,14,2,14,4,15,3,0,0,15,3,15,3,15,3,15,3,15,4,15,4,15,5,15,5,15,4,15,4,16,4,15,4,15,5,15,5,15,5,16,5,15,5,15,5,15,6,14,6,14,7,14,7,14,7,14,7,13,8,13,8,0,0]"
CSI_DATA: 109,5,26,26,28,25,30,0,-22,-34,11546.324,11547.472,101.488,11811.623,244.935,107.623,"[-16,6,-16,6,-15,7,-17,7,-16,6,-17,6,-16,6,-15,6,-16,6,-15,6,-16,6,-16,7,-16,7,-16,7,-16,6,-16,7,-15,7,-14,6,-15,8,-15,7,-15,7,-14,7,-14,6,-14,8,-15,8,-15,9,0,0,-14,9,-14,8,-14,9,-13,9,-14,9,-14,10,-14,9,-13,9,-14,9,-13,9,-14,10,-14,9,-14,9,-14,10,-14,9,-15,10,-14,10,-15,10,-15,9,-15,9,-15,8,-15,8,-15,8,-15,8,-16,7,-16,7,0,0,-8,-15,-8,-15,-9,-15,-9,-17,-8,-16,-8,-16,-9,-16,-8,-16,-8,-17,-9,-15,-10,-18,-10,-17,-10,-17,-9,-16,-8,-17,-10,-17,-10,-16,-9,-16,-10,-15,-10,-16,-9,-16,-10,-16,-9,-16,-12,-14,-11,-15,-12,-15,0,0,-12,-15,-12,-15,-13,-15,-13,-14,-12,-14,-13,-15,-13,-14,-12,-14,-13,-15,-13,-14,-15,-15,-13,-14,-14,-14,-14,-14,-14,-15,-15,-15,-15,-15,-14,-15,-14,-16,-14,-16,-14,-17,-13,-16,-13,-17,-13,-17,-12,-18,-11,-19,0,0]"
CSI_DATA: 110,6,24,24,28,23,30,0,-23,-27,11549.439,11550.588,156.903,11873.565,306.877,169.565,"[-4,-8,-4,-8,-5,-7,-5,-9,-5,-8,-6,-8,-6,-8,-7,-8,-7,-8,-7,-7,-8,-8,-9,-7,-9,-8,-9,-8,-10,-8,-11,-7,-11,-7,-10,-7,-11,-6,-12,-7,-12,-7,-12,-7,-12,-7,-13,-6,-15,-7,-15,-6,0,0,-15,-6,-16,-7,-17,-6,-16,-6,-17,-7,-18,-7,-18,-7,-18,-6,-19,-7,-18,-7,-19,-7,-19,-8,-19,-8,-20,-8,-19,-8,-20,-8,-20,-9,-20,-8,-20,-9,-19,-9,-19,-10,-18,-11,-18,-11,-18,-11,-18,-12,-18,-12,0,0,-15,-5,-15,-5,-15,-5,-16,-6,-15,-6,-15,-6,-16,-6,-15,-5,-16,-6,-16,-5,-17,-6,-17,-5,-17,-5,-17,-4,-16,-5,-18,-4,-17,-3,-17,-4,-17,-2,-18,-3,-18,-4,-18,-3,-19,-3,-19,-1,-20,-2,-20,0,0,0,-20,0,-21,0,-21,0,-21,1,-21,1,-21,1,-22,1,-21,1,-22,2,-23,3,-24,3,-23,3,-23,2,-24,3,-25,3,-25,3,-26,3,-26,3,-27,3,-27,2,-28,2,-27,1,-29,1,-29,1,-29,-1,-29,-3,0,0]"
CSI_DATA: 111,7,24,24,25,24,30,0,-20,-25,11464.358,11465.507,201.265,11944.63,377.375,240.63,"[12,11,13,11,13,10,13,12,12,11,12,11,12,10,12,10,11,11,12,10,12,11,13,10,13,10,12,10,12,11,13,10,12,9,12,9,13,9,12,10,12,10,12,10,11,9,12,8,12,10,13,9,0,0,13,8,13,9,13,8,12,7,12,8,13,8,13,8,13,8,13,8,13,7,14,7,13,7,13,7,14,7,13,7,14,7,14,7,15,8,15,8,14,8,15,8,15,9,15,9,16,9,15,10,15,11,0,0,0,15,0,15,1,15,0,16,0,15,-1,15,-1,15,-1,14,-1,14,0,13,-1,14,0,13,0,13,0,12,0,12,1,12,1,11,1,12,2,11,1,12,1,12,2,12,1,12,3,12,2,13,3,13,0,0,2,12,2,12,2,12,2,12,2,12,2,12,2,12,1,12,1,12,2,11,2,12,1,11,1,11,1,11,1,11,1,11,1,11,0,10,0,10,0,10,0,10,0,9,0,9,0,9,-1,9,-1,9,0,0]"
CSI_DATA: 112,5,27,27,29,26,31,0,-24,-31,11936.878,11947.430,111.495,12206.858,262.795,112.861,"[-16,9,-16,9,-15,10,-17,9,-16,9,-16,9,-16,8,-15,8,-16,8,-15,9,-16,9,-16,9,-16,9,-15,9,-15,8,-15,10,-14,9,-14,9,-14,10,-14,9,-14,9,-13,10,-14,8,-13,11,-14,10,-13,11,0,0,-13,11,-13,11,-13,12,-13,12,-13,11,-13,12,-13,11,-13,11,-13,12,-12,11,-13,13,-13,11,-13,11,-13,11,-13,11,-13,12,-13,12,-13,12,-13,11,-13,10,-14,10,-13,10,-14,9,-13,10,-14,9,-14,9,0,0,-13,-6,-13,-5,-13,-4,-14,-5,-14,-4,-14,-4,-14,-4,-14,-3,-14,-3,-14,-2,-15,-2,-15,-1,-16,-1,-16,-1,-16,-1,-17,0,-15,1,-15,1,-16,2,-17,1,-17,1,-17,2,-16,1,-17,4,-18,3,-18,5,0,0,-18,5,-19,5,-19,6,-18,7,-19,6,-21,6,-20,7,-20,7,-20,7,-20,7,-22,9,-21,7,-22,7,-23,8,-22,8,-24,8,-23,8,-24,7,-25,7,-24,6,-25,5,-25,5,-25,4,-26,5,-26,2,-26,2,0,0]"
CSI_DATA: 113,6,25,25,29,24,31,0,-25,-33,11939.994,11950.546,166.985,12264.102,320.39,170.105,"[-10,-5,-10,-5,-10,-4,-11,-5,-11,-5,-11,-5,-11,-5,-11,-4,-12,-4,-12,-4,-13,-5,-13,-4,-13,-4,-13,-3,-13,-4,-14,-3,-13,-2,-13,-2,-13,-2,-14,-2,-14,-2,-14,-1,-14,-2,-14,0,-15,-1,-16,0,0,0,-16,0,-17,0,-17,1,-17,1,-17,1,-18,1,-18,1,-18,1,-19,1,-19,1,-19,1,-19,0,-20,1,-20,0,-20,1,-21,1,-21,0,-21,0,-21,-1,-20,-2,-21,-2,-21,-3,-21,-4,-21,-3,-21,-4,-20,-5,0,0,4,-15,4,-15,2,-15,3,-15,3,-14,3,-13,2,-13,2,-12,2,-12,1,-11,1,-12,0,-12,-1,-12,-1,-11,-1,-11,-2,-12,-2,-11,-3,-11,-3,-11,-2,-12,-2,-12,-3,-12,-3,-11,-4,-11,-3,-13,-4,-13,0,0,-4,-12,-4,-13,-5,-13,-5,-12,-4,-13,-4,-13,-4,-13,-4,-13,-4,-13,-4,-13,-5,-14,-4,-13,-4,-14,-4,-14,-3,-14,-4,-15,-4,-14,-3,-15,-3,-15,-2,-15,-1,-16,0,-15,0,-15,0,-16,2,-16,2,-16,0,0]"
CSI_DATA: 114,3,19,19,31,18,32,0,-22,-31,12326.404,12327.508,11.106,12496.748,232.646,12.750,"[12,-6,12,-7,11,-7,13,-8,12,-7,13,-7,12,-8,12,-7,12,-7,12,-7,13,-8,12,-9,13,-9,12,-8,13,-8,12,-10,12,-9,11,-9,12,-10,12,-10,12,-9,12,-10,12,-9,12,-11,13,-11,12,-12,0,0,12,-12,12,-12,12,-13,11,-12,13,-13,13,-13,12,-14,12,-13,12,-14,12,-13,13,-15,13,-14,13,-14,14,-15,13,-15,14,-16,14,-15,14,-16,14,-15,14,-14,16,-14,16,-13,17,-13,17,-14,17,-12,18,-12,0,0,9,-1,9,-1,9,-1,10,-1,10,-1,10,-1,10,0,10,0,11,0,10,-1,11,0,12,-1,11,0,11,0,11,0,12,-1,11,-1,11,-1,11,-1,11,-1,12,0,11,-1,11,0,11,-2,12,-2,12,-3,0,0,12,-3,12,-3,12,-3,11,-4,12,-3,12,-3,12,-3,12,-4,12,-4,12,-4,13,-5,12,-5,12,-5,12,-5,13,-5,14,-6,13,-5,14,-5,14,-5,14,-5,15,-4,14,-4,14,-4,15,-4,15,-3,15,-2,0,0]"
CSI_DATA: 115,4,24,24,30,23,32,0,-23,-35,12323.267,12324.370,56.834,12552.143,288.41,68.145,"[-2,13,-2,13,0,13,-1,14,-1,13,-1,13,-1,13,0,12,-1,12,0,12,0,13,1,13,1,13,1,12,0,13,2,13,2,12,2,12,3,12,2,12,2,12,3,12,2,12,4,12,4,13,5,13,0,0,5,13,5,13,6,14,6,13,6,14,6,14,6,14,6,14,6,14,6,13,7,15,6,14,6,15,7,15,6,15,7,16,6,16,6,16,5,16,4,16,4,17,3,16,3,17,4,17,2,17,1,17,0,0,-6,-11,-6,-11,-7,-11,-7,-12,-7,-12,-7,-12,-7,-12,-7,-12,-7,-12,-7,-11,-8,-12,-9,-12,-8,-11,-8,-11,-8,-12,-9,-12,-9,-11,-9,-10,-10,-10,-9,-10,-9,-11,-10,-10,-10,-10,-11,-9,-12,-10,-13,-9,0,0,-13,-8,-13,-8,-14,-8,-14,-7,-15,-8,-15,-8,-16,-8,-15,-7,-17,-8,-17,-7,-19,-7,-18,-7,-18,-8,-19,-8,-18,-8,-20,-9,-20,-9,-20,-9,-20,-11,-19,-11,-19,-12,-18,-12,-18,-12,-19,-12,-17,-13,-16,-14,0,0]"
CSI_DATA: 116,5,28,28,30,27,32,0,-23,-29,12326.324,12327.427,101.496,12617.601,353.499,133.603,"[-3,-18,-3,-18,-4,-18,-3,-20,-4,-18,-3,-19,-4,-18,-3,-18,-3,-18,-4,-18,-4,-19,-4,-18,-4,-19,-4,-18,-4,-18,-5,-19,-5,-17,-4,-17,-6,-18,-5,-18,-5,-18,-5,-18,-4,-17,-6,-17,-6,-19,-7,-18,0,0,-7,-18,-7,-19,-8,-19,-7,-17,-7,-19,-8,-19,-7,-19,-7,-18,-7,-18,-8,-18,-8,-19,-7,-18,-7,-19,-7,-19,-7,-18,-7,-20,-7,-19,-6,-20,-6,-19,-5,-19,-4,-20,-4,-19,-4,-19,-4,-20,-3,-19,-2,-19,0,0,-19,-7,-19,-7,-19,-6,-21,-7,-19,-7,-20,-7,-19,-7,-18,-6,-19,-7,-18,-5,-19,-5,-19,-4,-19,-4,-19,-5,-19,-6,-19,-5,-18,-4,-17,-4,-18,-3,-17,-5,-18,-5,-17,-4,-16,-4,-17,-2,-18,-3,-18,-2,0,0,-17,-2,-18,-2,-18,-2,-16,-2,-17,-2,-17,-2,-17,-3,-16,-3,-17,-3,-16,-2,-17,-2,-16,-3,-16,-3,-16,-3,-15,-4,-16,-3,-15,-3,-15,-4,-14,-5,-13,-5,-13,-6,-13,-6,-12,-6,-12,-6,-11,-7,-10,-6,0,0]"
CSI_DATA: 117,6,26,26,30,25,32,0,-23,-26,12329.440,12330.544,156.902,12691.30,426.928,207.32,"[7,-2,7,-2,7,-3,8,-3,7,-3,8,-4,7,-4,7,-4,7,-5,7,-5,8,-6,7,-6,8,-6,7,-7,8,-7,7,-8,7,-7,7,-8,7,-9,7,-9,7,-9,7,-9,7,-9,7,-10,7,-11,7,-11,0,0,7,-12,7,-12,7,-13,7,-12,7,-13,7,-13,7,-14,7,-13,8,-14,7,-14,8,-15,8,-14,8,-15,9,-15,8,-15,9,-16,9,-15,9,-15,10,-15,10,-14,11,-14,11,-14,11,-14,11,-14,12,-13,12,-13,0,0,12,15,11,14,11,14,12,15,11,14,12,14,12,14,11,13,11,13,11,13,12,13,13,13,12,12,12,11,12,13,14,11,13,10,13,11,13,10,13,11,13,11,14,11,14,11,15,10,15,11,16,11,0,0,15,10,16,11,16,10,16,10,15,10,16,11,15,11,15,11,15,10,16,11,17,11,16,10,15,11,16,10,15,11,16,11,15,11,15,11,15,11,15,12,15,13,14,13,14,13,14,13,13,15,13,15,0,0]"
CSI_DATA: 118,7,25,25,26,25,32,0,-21,-30,12244.361,12245.464,201.374,12753.815,489.713,269.817,"[-8,4,-8,5,-7,5,-8,5,-8,4,-8,4,-8,4,-7,4,-8,4,-7,4,-8,4,-8,4,-7,4,-7,4,-8,4,-7,4,-7,4,-7,4,-7,4,-7,4,-7,3,-7,4,-7,3,-6,4,-7,4,-7,4,0,0,-6,4,-6,4,-6,4,-6,4,-6,4,-6,4,-6,4,-6,4,-5,4,-5,4,-5,5,-5,4,-5,4,-5,5,-5,5,-6,5,-6,5,-6,5,-6,5,-6,5,-6,5,-6,5,-7,5,-7,5,-7,5,-7,5,0,0,0,-7,-1,-7,-2,-7,-1,-8,-1,-8,-2,-8,-2,-8,-1,-8,-2,-8,-2,-8,-2,-9,-3,-8,-3,-8,-3,-7,-4,-7,-5,-6,-6,-5,-7,-5,-8,-6,-9,-6,-10,-6,-11,-6,-12,-6,-13,-5,-15,-7,-16,-6,0,0,-17,-6,-19,-7,-20,-7,-20,-7,-21,-8,-22,-8,-22,-9,-23,-9,-24,-9,-24,-9,-27,-9,-25,-10,-26,-10,-27,-11,-27,-11,-29,-11,-29,-11,-29,-11,-29,-12,-28,-13,-29,-14,-28,-14,-30,-14,-31,-13,-30,-15,-29,-15,0,0]"
CSI_DATA: 119,3,20,20,32,19,33,0,-19,-27,12716.400,12717.525,11.247,12886.612,132.797,12.612,"[-14,2,-14,2,-14,3,-16,3,-15,3,-15,3,-15,3,-14,3,-15,3,-14,4,-16,4,-15,4,-15,4,-15,4,-16,4,-15,5,-14,5,-14,5,-15,6,-15,5,-15,5,-15,6,-14,5,-15,7,-16,6,-15,7,0,0,-15,8,-16,7,-16,9,-14,8,-16,8,-16,9,-16,8,-16,8,-16,9,-15,8,-17,10,-17,8,-17,9,-18,9,-17,9,-18,10,-18,9,-18,9,-19,8,-18,8,-19,7,-19,6,-20,6,-20,7,-20,5,-21,5,0,0,-13,12,-13,12,-11,13,-13,13,-12,12,-12,12,-12,12,-11,11,-12,12,-11,11,-13,13,-11,13,-12,13,-11,12,-12,12,-11,13,-10,13,-10,12,-10,13,-11,13,-11,12,-10,13,-10,12,-9,13,-10,14,-10,15,0,0,-9,14,-9,15,-9,15,-8,15,-9,15,-9,15,-10,15,-9,15,-9,16,-9,15,-9,17,-10,15,-10,15,-9,16,-9,17,-10,17,-9,17,-10,17,-10,16,-11,15,-12,15,-11,14,-12,15,-11,15,-13,14,-13,14,0,0]"
CSI_DATA: 120,4,25,25,31,24,33,0,-25,-27,12713.264,12714.388,56.948,12943.260,189.445,69.260,"[3,11,3,11,4,10,5,12,4,11,4,11,4,11,4,10,4,11,5,10,6,11,6,11,6,10,7,10,6,10,7,10,7,9,7,9,7,9,7,9,7,9,8,9,7,9,9,8,10,9,10,8,0,0,10,8,10,8,12,8,11,7,11,9,11,9,11,9,11,9,12,9,11,8,13,9,12,9,12,9,12,10,12,9,13,10,12,10,12,11,11,11,10,12,10,12,10,12,9,13,10,13,8,13,8,13,0,0,-6,-14,-6,-14,-7,-13,-7,-14,-8,-13,-7,-12,-8,-13,-8,-12,-8,-11,-8,-11,-8,-12,-9,-11,-9,-10,-9,-10,-9,-10,-11,-10,-10,-8,-10,-8,-11,-7,-11,-8,-11,-8,-12,-7,-12,-8,-13,-6,-14,-7,-14,-6,0,0,-14,-5,-16,-5,-16,-5,-17,-4,-17,-5,-18,-5,-18,-5,-18,-5,-18,-5,-20,-6,-21,-6,-19,-6,-19,-6,-20,-6,-21,-7,-21,-6,-21,-7,-21,-7,-22,-9,-21,-9,-21,-10,-20,-10,-21,-11,-21,-10,-20,-13,-19,-13,0,0]"
CSI_DATA: 121,5,29,29,31,28,33,0,-23,-28,12716.321,12717.445,101.508,13008.183,254.368,134.183,"[-18,-5,-19,-5,-18,-4,-20,-6,-18,-5,-19,-5,-19,-5,-18,-5,-18,-5,-17,-4,-19,-5,-19,-4,-19,-4,-18,-4,-19,-5,-19,-3,-19,-3,-17,-3,-19,-2,-19,-3,-18,-4,-18,-3,-17,-3,-19,-1,-19,-2,-20,-1,0,0,-20,-1,-19,-1,-21,-1,-19,-1,-20,-1,-20,-1,-20,-2,-20,-1,-20,-1,-19,-1,-21,0,-20,-2,-20,-2,-21,-2,-20,-2,-22,-2,-20,-2,-21,-3,-20,-3,-19,-4,-20,-4,-19,-5,-19,-5,-19,-5,-18,-6,-18,-7,0,0,-5,-17,-5,-17,-6,-16,-6,-18,-6,-17,-6,-17,-5,-17,-5,-16,-5,-17,-5,-16,-6,-18,-5,-17,-5,-16,-6,-16,-5,-16,-7,-17,-6,-15,-6,-15,-7,-15,-6,-15,-5,-16,-7,-15,-5,-15,-7,-14,-7,-15,-7,-15,0,0,-8,-14,-8,-14,-8,-14,-8,-14,-8,-14,-9,-14,-9,-14,-8,-14,-9,-14,-9,-13,-10,-15,-9,-14,-9,-14,-9,-13,-10,-15,-10,-14,-11,-15,-10,-15,-10,-16,-9,-16,-8,-16,-8,-16,-8,-17,-8,-17,-7,-18,-6,-18,0,0]"
CSI_DATA: 122,6,27,27,31,26,33,0,-23,-26,12719.437,12720.562,156.914,13082.61,328.246,208.61,"[9,1,10,0,9,0,11,0,10,0,10,0,9,-1,9,-1,10,-1,9,-2,10,-1,10,-2,10,-2,10,-3,10,-2,10,-4,10,-4,9,-3,10,-4,10,-4,10,-4,10,-4,10,-4,10,-5,11,-5,11,-6,0,0,11,-6,11,-6,12,-7,11,-6,12,-7,12,-7,12,-6,12,-7,13,-7,12,-7,13,-8,13,-7,13,-7,14,-7,13,-7,14,-7,14,-7,15,-7,15,-6,15,-5,16,-5,15,-5,16,-4,15,-5,16,-3,16,-2,0,0,-15,-14,-15,-13,-15,-13,-15,-14,-15,-14,-14,-14,-14,-14,-13,-13,-13,-14,-13,-13,-13,-14,-13,-13,-13,-13,-13,-13,-12,-13,-14,-13,-13,-11,-13,-12,-13,-11,-13,-12,-12,-12,-13,-11,-11,-11,-12,-10,-12,-11,-12,-11,0,0,-12,-10,-13,-10,-12,-9,-13,-9,-12,-9,-13,-9,-12,-9,-12,-9,-12,-8,-12,-9,-13,-8,-11,-8,-12,-8,-11,-8,-12,-8,-12,-8,-13,-8,-12,-8,-12,-8,-11,-9,-11,-9,-10,-8,-11,-10,-10,-9,-10,-10,-9,-10,0,0]"
CSI_DATA: 123,7,26,26,26,26,33,0,-21,-23,12244.361,12635.483,201.287,13152.273,398.458,278.273,"[-8,4,-8,5,-7,5,-8,5,-8,4,-8,4,-8,4,-7,4,-8,4,-7,4,-8,4,-8,4,-7,4,-7,4,-8,4,-7,4,-7,4,-7,4,-7,4,-7,4,-7,3,-7,4,-7,3,-6,4,-7,4,-7,4,0,0,-6,4,-6,4,-6,4,-6,4,-6,4,-6,4,-6,4,-6,4,-5,4,-5,4,-5,5,-5,4,-5,4,-5,5,-5,5,-6,5,-6,5,-6,5,-6,5,-6,5,-6,5,-6,5,-7,5,-7,5,-7,5,-7,5,0,0,20,0,20,0,20,-2,21,0,20,0,19,0,19,-1,18,0,18,0,18,-1,19,-1,18,-2,18,-2,17,-2,17,-1,18,-4,17,-5,17,-4,17,-5,17,-4,18,-4,17,-6,17,-4,17,-7,19,-6,18,-7,0,0,18,-7,19,-7,19,-8,19,-8,19,-7,20,-7,20,-7,19,-6,19,-7,20,-7,21,-8,20,-6,20,-6,20,-6,20,-6,21,-6,20,-6,20,-4,20,-4,19,-3,20,-2,19,-2,19,-1,19,-1,18,0,18,1,0,0]"
CSI_DATA: 124,3,21,21,33,20,34,0,-21,-25,13108.505,13117.507,21.197,13286.572,134.299,22.573,"[-9,-11,-10,-11,-10,-10,-11,-13,-10,-11,-10,-12,-10,-11,-10,-11,-10,-11,-10,-11,-11,-11,-11,-11,-11,-11,-11,-11,-11,-11,-12,-10,-12,-10,-11,-9,-12,-9,-12,-10,-12,-10,-12,-9,-11,-9,-13,-8,-14,-9,-14,-9,0,0,-14,-9,-14,-9,-15,-9,-14,-8,-15,-9,-16,-8,-16,-8,-15,-8,-16,-8,-16,-8,-17,-8,-17,-8,-17,-9,-17,-9,-17,-8,-18,-9,-18,-9,-18,-10,-17,-10,-17,-10,-17,-11,-17,-12,-17,-13,-18,-12,-16,-14,-16,-14,0,0,2,12,2,12,4,12,3,12,3,12,4,12,4,11,4,11,4,11,5,11,6,12,6,11,7,11,7,10,6,11,8,10,8,9,8,9,9,9,9,10,9,10,10,9,10,9,11,8,12,9,13,8,0,0,14,8,14,8,15,7,16,7,16,8,17,8,16,8,17,8,18,8,18,8,21,8,19,8,19,9,20,9,21,10,22,10,22,10,21,11,21,12,20,13,20,14,19,14,19,15,20,15,19,16,17,17,0,0]"
CSI_DATA: 125,4,26,26,32,25,34,0,-23,-34,13105.370,13114.371,66.897,13343.173,190.900,79.174,"[8,-10,8,-11,7,-11,9,-12,8,-10,8,-11,7,-11,7,-11,7,-11,6,-10,7,-12,6,-12,6,-12,6,-12,6,-12,5,-13,5,-12,4,-12,4,-13,5,-12,5,-13,4,-13,4,-12,3,-13,4,-14,3,-14,0,0,2,-15,3,-14,2,-16,2,-15,2,-15,2,-15,3,-16,2,-16,2,-16,3,-16,2,-17,3,-16,3,-17,3,-17,3,-17,3,-18,3,-17,4,-18,4,-17,5,-17,6,-17,6,-17,7,-16,7,-16,8,-15,8,-15,0,0,-5,-18,-5,-18,-6,-18,-4,-19,-4,-18,-4,-17,-4,-17,-3,-16,-3,-16,-3,-16,-4,-16,-4,-16,-3,-15,-3,-15,-2,-14,-4,-15,-3,-13,-3,-13,-3,-12,-2,-12,-2,-12,-3,-11,-2,-11,-3,-10,-3,-10,-3,-10,0,0,-4,-8,-4,-8,-5,-7,-5,-7,-5,-6,-5,-6,-6,-6,-6,-5,-7,-5,-7,-5,-9,-4,-9,-4,-9,-4,-10,-3,-11,-4,-12,-4,-12,-3,-12,-4,-13,-4,-13,-5,-14,-5,-14,-6,-15,-6,-16,-7,-16,-9,-16,-9,0,0]"
CSI_DATA: 126,5,30,30,32,29,34,0,-24,-27,13108.426,13117.428,111.477,13410.463,258.190,146.464,"[5,-15,4,-16,3,-16,4,-17,4,-16,4,-16,4,-15,4,-15,4,-15,3,-15,4,-16,3,-16,4,-16,3,-16,3,-16,2,-16,2,-15,2,-15,1,-16,2,-16,2,-16,2,-16,2,-15,1,-16,1,-17,1,-17,0,0,1,-17,0,-17,0,-17,0,-16,1,-17,1,-17,0,-17,1,-16,1,-16,1,-16,1,-17,1,-16,1,-16,1,-17,1,-16,1,-17,1,-16,2,-16,2,-16,3,-15,3,-15,3,-15,4,-15,3,-14,4,-14,4,-13,0,0,12,-1,12,-2,12,-2,13,-2,12,-3,12,-3,13,-4,12,-4,12,-4,12,-4,13,-5,13,-6,13,-6,13,-6,14,-5,14,-8,13,-8,13,-7,13,-8,14,-8,14,-7,14,-8,14,-7,13,-10,15,-10,15,-10,0,0,14,-11,15,-11,15,-12,14,-12,15,-11,15,-12,15,-11,15,-11,16,-12,16,-12,16,-13,16,-12,16,-12,17,-11,17,-12,17,-12,18,-12,18,-11,18,-10,18,-9,19,-9,18,-9,19,-8,19,-8,19,-7,19,-6,0,0]"
CSI_DATA: 127,6,28,28,32,27,34,0,-24,-25,13111.543,13120.545,166.855,13476.843,324.570,212.844,"[6,8,7,8,7,7,8,8,8,7,8,7,8,7,8,6,9,6,9,5,10,6,10,5,11,5,11,5,11,5,12,4,12,4,12,4,12,3,12,4,13,4,13,3,13,3,14,2,14,3,15,2,0,0,15,2,15,2,16,1,16,1,17,2,17,1,17,1,17,1,18,1,18,1,20,1,19,1,19,2,20,2,20,2,21,2,20,2,21,3,21,3,21,4,21,5,21,5,21,6,21,6,21,7,21,8,0,0,-4,-8,-4,-8,-5,-8,-5,-9,-5,-9,-4,-10,-5,-10,-5,-10,-5,-11,-6,-11,-6,-13,-6,-12,-7,-12,-7,-12,-6,-13,-9,-13,-9,-12,-8,-13,-9,-13,-9,-14,-9,-15,-10,-14,-9,-15,-12,-14,-12,-16,-13,-15,0,0,-13,-15,-13,-16,-14,-16,-14,-16,-15,-16,-15,-17,-15,-17,-15,-17,-16,-17,-16,-17,-18,-18,-17,-17,-17,-18,-17,-19,-18,-19,-19,-19,-19,-19,-19,-20,-18,-20,-18,-21,-17,-22,-17,-22,-18,-23,-19,-23,-16,-24,-17,-24,0,0]"
CSI_DATA: 128,7,27,27,27,27,34,0,-21,-27,13026.465,13035.466,211.219,13542.424,390.151,278.425,"[14,-10,14,-10,13,-11,15,-11,14,-10,14,-10,14,-9,13,-9,14,-9,12,-9,14,-9,13,-9,13,-9,13,-8,13,-8,12,-9,11,-8,10,-8,10,-9,10,-8,10,-8,10,-9,9,-8,8,-10,9,-10,9,-11,0,0,8,-11,8,-11,8,-12,8,-12,8,-12,8,-12,8,-12,8,-12,8,-13,8,-13,8,-14,8,-14,8,-14,8,-15,8,-14,9,-15,9,-15,9,-15,10,-15,10,-14,11,-15,11,-15,11,-14,12,-15,13,-14,13,-14,0,0,0,-14,0,-14,0,-15,1,-16,1,-15,1,-15,1,-15,1,-14,1,-14,1,-14,0,-15,0,-15,-1,-15,-1,-14,-1,-14,-3,-16,-4,-15,-4,-15,-5,-16,-4,-17,-4,-18,-5,-18,-4,-18,-7,-18,-6,-20,-6,-21,0,0,-7,-21,-7,-22,-7,-22,-8,-22,-7,-22,-7,-23,-6,-23,-6,-23,-7,-23,-6,-23,-8,-24,-6,-23,-7,-23,-7,-23,-7,-23,-7,-24,-7,-24,-7,-24,-6,-24,-5,-24,-5,-25,-4,-24,-4,-24,-5,-24,-3,-24,-3,-24,0,0]"
CSI_DATA: 129,3,22,22,34,21,35,0,-21,-29,13496.386,13497.568,11.318,13667.603,125.179,13.604,"[-9,-12,-10,-13,-10,-12,-10,-14,-10,-12,-10,-13,-10,-13,-9,-13,-10,-13,-9,-12,-11,-13,-11,-13,-11,-13,-11,-13,-11,-13,-12,-12,-12,-12,-11,-11,-12,-12,-11,-12,-11,-13,-12,-12,-11,-12,-13,-11,-13,-13,-13,-12,0,0,-14,-12,-14,-12,-15,-12,-14,-11,-14,-12,-14,-12,-14,-12,-14,-12,-14,-12,-14,-11,-16,-12,-15,-12,-15,-12,-16,-13,-14,-12,-16,-13,-16,-12,-16,-13,-15,-14,-14,-14,-14,-15,-14,-15,-14,-15,-15,-15,-13,-16,-13,-16,0,0,6,-13,6,-14,5,-13,7,-14,6,-13,7,-14,6,-13,6,-13,7,-13,6,-13,6,-14,5,-13,6,-14,6,-13,6,-13,5,-14,5,-13,5,-13,4,-13,5,-13,5,-14,4,-14,4,-13,2,-14,3,-15,2,-15,0,0,2,-15,2,-16,2,-16,1,-15,2,-16,2,-16,2,-16,1,-16,1,-17,1,-16,1,-18,1,-17,1,-18,1,-19,2,-18,2,-19,1,-19,2,-19,3,-19,3,-19,4,-19,5,-19,4,-19,4,-19,6,-18,7,-18,0,0]"
CSI_DATA: 130,4,27,27,33,26,35,0,-23,-33,13493.252,13494.433,56.972,13729.515,187.91,75.516,"[-14,-4,-14,-4,-14,-2,-15,-3,-14,-3,-14,-3,-14,-3,-14,-3,-14,-2,-14,-2,-15,-2,-14,-1,-15,-1,-14,-1,-14,-1,-14,0,-14,1,-13,0,-14,1,-14,1,-14,1,-14,2,-14,1,-14,3,-15,2,-14,3,0,0,-15,4,-15,4,-16,5,-15,4,-16,4,-16,4,-16,4,-16,4,-16,5,-16,4,-17,5,-17,4,-17,4,-17,4,-17,4,-18,5,-18,4,-18,4,-18,3,-17,2,-18,1,-18,1,-18,0,-19,0,-18,-1,-18,-2,0,0,9,-19,9,-20,8,-19,10,-21,9,-19,9,-19,9,-19,8,-19,9,-19,7,-18,9,-20,7,-19,8,-19,8,-18,9,-18,8,-19,7,-18,7,-16,7,-17,7,-17,8,-16,7,-16,7,-15,5,-16,7,-16,6,-16,0,0,5,-15,6,-15,5,-14,5,-13,5,-13,5,-12,5,-12,5,-11,5,-11,4,-10,4,-11,4,-9,4,-9,4,-8,4,-8,4,-8,3,-7,3,-6,3,-6,3,-5,3,-4,3,-4,3,-3,2,-3,2,-1,2,-1,0,0]"
CSI_DATA: 131,5,31,31,33,30,35,0,-24,-35,13496.308,13497.490,101.532,13794.87,251.663,140.88,"[2,-16,2,-16,1,-16,2,-17,2,-16,2,-16,2,-16,2,-16,2,-15,1,-16,2,-17,1,-17,1,-16,1,-16,1,-16,0,-17,0,-16,0,-15,0,-16,0,-16,1,-17,0,-16,1,-16,-1,-16,-1,-18,-1,-17,0,0,-1,-17,-1,-17,-2,-18,-2,-17,-1,-17,-1,-18,-1,-18,-1,-18,-1,-17,-1,-17,-2,-18,-1,-17,-1,-18,-1,-18,-1,-18,-1,-18,0,-18,0,-18,0,-17,1,-17,1,-17,1,-17,2,-17,1,-17,3,-16,3,-16,0,0,-2,-15,-2,-15,-4,-14,-3,-15,-3,-14,-3,-14,-3,-13,-4,-13,-4,-13,-5,-12,-5,-13,-6,-13,-6,-13,-6,-13,-6,-13,-7,-13,-8,-12,-7,-12,-8,-13,-8,-13,-8,-14,-9,-13,-8,-13,-10,-13,-10,-14,-10,-14,0,0,-10,-14,-10,-15,-11,-15,-10,-14,-10,-15,-10,-16,-10,-16,-9,-16,-9,-16,-9,-15,-10,-16,-9,-16,-9,-16,-9,-16,-8,-16,-8,-17,-8,-16,-8,-16,-7,-16,-7,-16,-6,-17,-5,-16,-6,-16,-6,-16,-4,-16,-4,-16,0,0]"
CSI_DATA: 132,6,29,29,33,28,35,0,-22,-34,13499.425,13500.607,156.938,13865.462,323.38,211.463,"[8,0,8,0,8,-1,10,-1,9,-2,9,-2,9,-2,9,-2,10,-2,10,-3,11,-3,11,-4,11,-4,11,-5,12,-4,11,-6,11,-6,11,-5,11,-6,12,-6,12,-6,12,-7,12,-6,11,-8,13,-8,12,-9,0,0,12,-9,13,-10,13,-10,13,-10,13,-10,14,-10,14,-10,14,-11,14,-11,14,-11,14,-12,14,-12,15,-12,15,-12,15,-11,16,-13,15,-12,16,-12,16,-12,17,-11,18,-11,18,-10,18,-10,17,-11,18,-10,18,-9,0,0,14,-8,13,-8,12,-8,13,-8,11,-7,12,-8,11,-7,10,-7,10,-6,9,-7,9,-7,8,-8,8,-7,8,-7,7,-7,7,-8,6,-8,6,-7,6,-8,5,-8,6,-8,5,-8,5,-8,4,-9,5,-9,4,-10,0,0,4,-10,4,-11,5,-11,4,-11,4,-11,4,-12,5,-12,4,-12,5,-12,4,-12,5,-14,5,-13,5,-14,6,-14,6,-14,6,-15,6,-15,7,-15,8,-16,8,-16,9,-16,9,-15,9,-16,9,-16,11,-16,12,-16,0,0]"
CSI_DATA: 133,7,28,28,28,28,35,0,-21,-34,13414.347,13415.529,201.297,13929.643,387.219,275.644,"[-15,10,-15,10,-14,11,-16,10,-15,10,-15,9,-15,8,-14,8,-14,8,-13,8,-14,9,-14,9,-13,9,-12,9,-13,9,-12,10,-11,9,-12,9,-12,10,-12,10,-12,9,-12,10,-12,8,-11,10,-12,10,-12,10,0,0,-11,11,-12,10,-12,11,-11,11,-12,11,-12,11,-12,10,-12,10,-11,10,-11,10,-11,12,-11,10,-11,11,-12,11,-11,11,-12,12,-12,12,-12,12,-12,11,-12,11,-13,11,-13,11,-14,10,-14,11,-14,10,-15,9,0,0,-2,-15,-2,-15,-3,-14,-2,-15,-2,-14,-2,-14,-1,-14,-1,-13,-1,-13,-2,-12,-1,-13,-2,-12,-2,-12,-1,-12,-1,-11,-2,-11,-2,-11,-2,-10,-3,-10,-3,-10,-3,-10,-3,-10,-3,-10,-4,-10,-4,-11,-5,-10,0,0,-5,-10,-4,-10,-5,-10,-5,-10,-4,-10,-5,-10,-5,-10,-5,-9,-5,-10,-5,-9,-6,-10,-6,-9,-6,-10,-7,-10,-6,-10,-7,-11,-7,-11,-7,-11,-6,-12,-6,-12,-6,-13,-6,-13,-6,-13,-6,-13,-4,-14,-4,-14,0,0]"
CSI_DATA: 134,3,23,23,35,22,36,0,-21,-24,13886.372,13887.547,10.254,14056.620,126.977,12.621,"[-8,-13,-8,-14,-9,-13,-9,-15,-8,-13,-9,-14,-8,-14,-8,-13,-8,-14,-9,-13,-9,-14,-10,-13,-10,-14,-10,-13,-10,-14,-11,-13,-11,-13,-10,-12,-11,-12,-11,-13,-11,-13,-11,-12,-10,-12,-13,-11,-13,-13,-13,-12,0,0,-13,-12,-14,-12,-14,-12,-14,-11,-15,-12,-14,-12,-15,-12,-14,-12,-15,-12,-14,-11,-16,-12,-16,-12,-16,-12,-17,-13,-16,-12,-17,-13,-17,-13,-17,-13,-16,-14,-15,-14,-15,-15,-15,-15,-15,-15,-16,-15,-14,-16,-14,-17,0,0,-14,-6,-14,-6,-13,-5,-15,-7,-13,-5,-14,-5,-14,-5,-13,-5,-13,-5,-13,-4,-14,-4,-14,-3,-14,-2,-14,-2,-14,-3,-14,-2,-14,-1,-13,-1,-13,0,-14,-1,-14,-1,-14,0,-13,0,-14,3,-15,2,-15,3,0,0,-15,4,-15,4,-16,5,-15,5,-16,5,-17,5,-17,5,-17,6,-18,6,-17,7,-19,8,-18,7,-19,7,-20,7,-20,6,-22,7,-21,7,-22,7,-22,4,-22,4,-23,3,-22,2,-23,2,-23,3,-24,1,-24,0,0,0]"
CSI_DATA: 135,4,28,28,34,27,36,0,-23,-34,13883.238,13884.413,55.946,14119.574,189.931,75.575,"[-13,-4,-13,-4,-13,-3,-15,-4,-13,-3,-14,-3,-14,-3,-13,-2,-14,-2,-13,-2,-15,-2,-14,-1,-15,-1,-14,-1,-15,-1,-14,1,-14,0,-13,1,-15,1,-15,1,-15,1,-15,2,-14,1,-15,3,-16,3,-16,3,0,0,-15,4,-16,4,-17,5,-15,5,-17,5,-17,5,-17,5,-16,5,-17,5,-16,5,-18,6,-17,4,-18,5,-19,5,-17,5,-18,6,-18,5,-19,5,-19,4,-18,3,-19,3,-19,2,-19,1,-19,2,-19,0,-19,0,0,0,-16,-5,-16,-4,-15,-4,-16,-5,-14,-4,-14,-5,-14,-5,-13,-4,-13,-5,-12,-3,-13,-4,-12,-3,-12,-3,-11,-3,-11,-4,-11,-3,-10,-3,-9,-2,-9,-2,-9,-2,-8,-2,-8,-2,-7,-1,-7,0,-7,0,-7,0,0,0,-6,1,-5,1,-5,2,-4,2,-4,3,-4,4,-4,4,-3,5,-3,5,-2,5,-2,7,-2,7,-2,8,-2,9,-2,9,-2,11,-2,11,-3,12,-3,12,-4,13,-4,14,-5,14,-6,14,-6,16,-7,16,-8,16,0,0]"
CSI_DATA: 136,5,32,32,34,31,36,0,-24,-28,13886.295,13887.469,100.491,14185.56,255.413,141.57,"[16,8,16,9,16,7,17,9,16,8,16,9,16,8,15,8,15,8,15,7,17,8,17,7,16,7,16,7,16,8,17,6,16,6,15,6,17,6,16,7,16,7,16,6,15,6,17,5,17,6,17,5,0,0,17,5,17,5,18,5,16,4,17,5,17,5,17,5,16,5,17,5,16,4,18,4,17,5,16,5,17,5,16,5,17,5,17,5,16,6,15,6,15,6,15,7,15,7,14,7,15,7,13,7,13,7,0,0,-13,-8,-13,-8,-13,-7,-14,-8,-14,-7,-14,-7,-14,-7,-14,-7,-14,-7,-14,-6,-15,-6,-15,-5,-15,-5,-15,-5,-15,-6,-16,-5,-15,-4,-15,-5,-16,-4,-16,-5,-16,-5,-16,-4,-16,-4,-16,-2,-17,-3,-18,-2,0,0,-17,-3,-18,-3,-19,-3,-17,-2,-18,-3,-18,-3,-18,-4,-18,-3,-18,-3,-18,-3,-19,-2,-18,-3,-19,-3,-19,-4,-19,-4,-20,-4,-19,-4,-19,-5,-19,-6,-18,-6,-18,-7,-17,-8,-17,-8,-17,-7,-16,-9,-16,-9,0,0]"
CSI_DATA: 137,6,30,30,34,29,36,0,-22,-28,13889.412,13890.587,155.995,14249.377,319.734,205.378,"[-11,-1,-11,-1,-11,0,-12,0,-12,0,-12,0,-12,0,-11,1,-12,1,-12,2,-13,2,-13,2,-13,3,-13,3,-13,3,-13,4,-13,4,-12,4,-13,5,-14,5,-14,4,-13,5,-14,4,-13,6,-15,6,-14,7,0,0,-15,7,-15,7,-15,8,-14,8,-16,8,-16,8,-16,8,-16,8,-16,8,-16,8,-17,9,-17,8,-17,8,-18,8,-17,8,-18,9,-18,8,-18,8,-18,7,-18,6,-19,6,-18,5,-19,5,-19,6,-19,4,-19,3,0,0,-3,9,-3,9,-3,9,-4,10,-4,10,-4,10,-4,10,-4,10,-5,10,-4,10,-4,11,-4,11,-4,11,-4,12,-5,12,-4,12,-3,12,-4,12,-3,13,-4,13,-4,14,-3,14,-3,14,0,15,-1,16,0,16,0,0,0,16,-1,17,0,18,1,17,0,18,0,19,0,19,1,19,1,20,2,21,3,22,3,21,2,22,2,23,2,23,2,24,2,24,2,25,1,25,0,25,0,26,-1,25,-1,26,0,27,-2,28,-3,28,0,0]"
CSI_DATA: 138,7,29,29,29,29,36,0,-22,-28,13804.335,13805.510,200.271,14311.690,382.47,267.691,"[-11,13,-12,13,-10,13,-11,14,-11,12,-11,13,-11,12,-10,11,-11,12,-9,11,-10,12,-10,12,-9,12,-9,11,-9,11,-7,12,-7,11,-7,11,-6,12,-7,12,-7,12,-6,12,-6,11,-4,13,-5,13,-4,14,0,0,-4,14,-4,14,-3,15,-3,14,-3,15,-3,15,-3,15,-3,15,-3,15,-2,15,-2,16,-2,16,-2,17,-2,18,-1,17,-1,19,-1,19,-2,20,-2,19,-3,19,-4,20,-4,20,-5,21,-4,22,-6,21,-7,21,0,0,-11,6,-12,7,-11,7,-13,7,-12,7,-13,7,-13,7,-13,6,-13,6,-12,7,-13,8,-13,8,-12,8,-12,8,-13,8,-12,10,-12,10,-12,9,-12,11,-13,10,-13,10,-13,11,-13,10,-12,13,-13,13,-13,14,0,0,-13,14,-14,14,-14,14,-13,14,-14,14,-15,14,-15,14,-14,14,-15,15,-14,14,-14,17,-14,15,-14,16,-15,16,-15,16,-15,17,-14,17,-15,16,-16,15,-16,15,-17,15,-17,14,-16,14,-16,15,-18,14,-18,14,0,0]"
CSI_DATA: 139,3,24,24,36,23,37,0,-22,-20,14276.402,14277.496,10.508,14446.665,134.975,12.666,"[-8,11,-8,12,-7,12,-8,13,-8,12,-8,12,-8,12,-7,12,-8,12,-6,12,-7,13,-6,13,-7,13,-6,13,-7,13,-6,13,-5,13,-5,12,-5,13,-6,13,-6,13,-5,13,-5,13,-3,14,-4,15,-4,15,0,0,-3,15,-4,15,-3,16,-2,15,-3,16,-3,16,-3,16,-3,16,-3,17,-2,16,-2,18,-3,17,-3,17,-3,18,-3,17,-3,19,-4,19,-4,19,-4,19,-5,18,-6,19,-7,18,-7,18,-6,19,-8,18,-8,18,0,0,-14,2,-14,3,-13,3,-15,3,-14,3,-14,3,-14,4,-13,4,-14,4,-13,4,-14,5,-14,5,-14,6,-13,6,-13,5,-13,7,-12,7,-12,7,-13,8,-13,8,-13,7,-13,9,-13,7,-12,9,-13,10,-13,10,0,0,-12,11,-12,12,-12,12,-12,12,-12,12,-13,12,-13,12,-13,12,-13,13,-13,13,-14,14,-13,13,-14,13,-14,13,-14,14,-14,14,-15,14,-15,14,-16,13,-16,12,-17,12,-16,12,-18,11,-18,11,-19,9,-19,8,0,0]"
CSI_DATA: 140,4,29,29,35,28,37,0,-23,-23,14273.269,14274.363,56.240,14502.121,190.431,68.122,"[9,-9,9,-10,8,-10,10,-11,9,-10,9,-10,8,-10,8,-10,8,-10,7,-11,8,-12,7,-12,7,-12,7,-12,7,-11,6,-12,6,-12,6,-12,5,-13,6,-12,6,-13,5,-13,5,-12,4,-14,5,-14,4,-15,0,0,4,-15,4,-15,4,-16,3,-15,4,-16,4,-16,4,-16,4,-16,4,-16,3,-16,3,-18,4,-17,4,-17,5,-18,5,-16,5,-18,5,-17,6,-18,6,-17,6,-16,7,-16,8,-16,8,-15,8,-16,9,-15,9,-14,0,0,-16,-2,-16,-2,-16,-1,-17,-2,-16,-2,-16,-2,-16,-2,-15,-2,-16,-2,-15,-1,-16,-2,-16,-1,-16,-1,-15,-1,-15,-2,-16,-1,-15,0,-14,-1,-15,0,-15,-1,-15,-1,-15,0,-14,-1,-15,1,-15,0,-15,0,0,0,-15,1,-14,1,-15,1,-15,1,-14,1,-15,2,-15,1,-14,1,-14,2,-14,2,-15,2,-14,1,-15,2,-15,2,-15,2,-16,2,-15,2,-16,2,-16,1,-15,1,-16,1,-15,0,-16,0,-16,0,-16,-1,-16,-2,0,0]"
CSI_DATA: 141,5,33,33,35,32,37,0,-23,-23,14276.325,14277.419,100.793,14568.212,256.522,134.213,"[-1,-19,-2,-20,-3,-19,-2,-21,-2,-19,-2,-20,-2,-19,-2,-19,-2,-19,-2,-18,-3,-20,-4,-19,-3,-19,-3,-19,-2,-19,-4,-19,-4,-18,-3,-17,-5,-18,-3,-19,-3,-19,-4,-18,-3,-18,-6,-18,-5,-19,-6,-19,0,0,-6,-18,-6,-19,-6,-20,-6,-18,-5,-19,-6,-20,-6,-19,-5,-19,-5,-19,-6,-18,-7,-20,-5,-19,-5,-19,-6,-20,-4,-19,-5,-20,-5,-20,-4,-19,-4,-19,-3,-18,-3,-19,-2,-19,-2,-19,-3,-19,-1,-19,-1,-19,0,0,7,-13,7,-14,5,-14,6,-15,6,-14,6,-14,5,-14,5,-14,5,-14,4,-14,5,-16,4,-15,3,-15,3,-15,4,-15,2,-16,1,-16,2,-15,1,-16,2,-16,2,-16,1,-16,2,-16,0,-16,0,-17,0,-18,0,0,-1,-18,-1,-18,-2,-18,-2,-18,-2,-18,-2,-19,-2,-19,-2,-19,-2,-20,-2,-20,-3,-21,-2,-20,-2,-20,-2,-21,-2,-22,-3,-23,-2,-22,-2,-23,-1,-23,0,-22,1,-23,1,-22,2,-22,1,-23,4,-23,4,-23,0,0]"
CSI_DATA: 142,6,31,31,35,30,37,0,-21,-22,14279.443,14280.537,156.297,14638.877,327.187,204.878,"[6,-11,6,-11,5,-11,6,-13,6,-12,6,-12,5,-12,5,-12,6,-12,5,-12,5,-14,5,-14,5,-14,5,-14,5,-14,4,-15,4,-14,4,-14,4,-15,4,-15,5,-15,4,-16,4,-15,3,-16,4,-17,3,-17,0,0,3,-17,3,-17,3,-19,2,-17,3,-18,3,-19,3,-18,3,-18,4,-19,3,-18,3,-20,4,-19,4,-19,4,-20,5,-19,5,-20,4,-20,5,-20,6,-19,6,-18,7,-19,8,-18,8,-18,7,-19,8,-17,9,-17,0,0,4,13,4,14,5,13,5,15,5,14,5,14,5,14,5,14,5,14,5,13,6,15,6,14,6,14,7,13,6,14,8,14,8,12,8,13,9,13,9,13,8,14,9,13,9,13,11,12,11,14,12,13,0,0,13,13,13,13,14,13,14,12,14,13,14,14,14,14,14,14,15,14,15,14,17,14,15,14,16,15,16,15,16,15,17,16,17,15,17,17,16,17,15,18,15,19,15,18,14,19,14,19,13,21,12,21,0,0]"
CSI_DATA: 143,7,30,30,30,30,37,0,-20,-27,14194.367,14195.460,200.548,14701.128,389.438,267.129,"[-12,11,-12,12,-10,12,-12,13,-12,12,-12,12,-12,11,-11,11,-12,11,-10,11,-11,12,-11,12,-11,12,-11,12,-12,11,-11,11,-10,11,-10,10,-10,11,-10,11,-10,10,-9,11,-9,10,-7,11,-8,12,-8,12,0,0,-7,12,-7,12,-7,13,-6,12,-7,13,-7,13,-7,13,-6,13,-6,13,-5,13,-5,15,-5,14,-6,14,-6,15,-6,14,-6,16,-6,16,-7,17,-7,16,-7,16,-8,16,-9,16,-9,16,-9,18,-10,17,-11,17,0,0,-5,-16,-6,-16,-6,-15,-5,-17,-5,-16,-5,-16,-5,-16,-4,-15,-4,-15,-5,-14,-5,-15,-5,-15,-5,-14,-5,-14,-5,-13,-8,-13,-7,-13,-7,-13,-8,-12,-8,-13,-8,-14,-9,-13,-8,-14,-10,-13,-10,-15,-10,-15,0,0,-10,-14,-11,-14,-12,-14,-11,-14,-12,-15,-11,-15,-11,-15,-11,-15,-12,-15,-11,-15,-13,-16,-11,-15,-11,-16,-12,-17,-12,-16,-12,-17,-12,-17,-11,-17,-10,-17,-10,-17,-9,-18,-8,-17,-8,-18,-9,-18,-7,-18,-7,-18,0,0]"
CSI_DATA: 144,3,25,25,37,24,38,0,-19,-25,14666.372,14667.511,10.969,14836.604,135.476,12.601,"[12,5,12,4,12,3,13,4,13,4,13,4,13,3,12,3,13,3,13,3,14,3,14,2,14,2,14,2,14,2,14,1,14,0,13,1,14,0,15,1,15,1,15,0,14,0,15,-2,16,-1,16,-2,0,0,16,-3,16,-3,17,-3,16,-3,17,-3,17,-3,18,-3,17,-3,18,-4,17,-4,19,-4,18,-4,18,-3,19,-4,19,-3,20,-4,20,-4,20,-3,20,-2,20,-2,21,-1,20,-1,21,0,21,-1,20,1,20,1,0,0,-6,9,-6,10,-5,10,-6,11,-5,10,-5,11,-5,11,-5,10,-6,11,-4,11,-5,12,-4,12,-4,12,-4,12,-5,12,-4,13,-3,12,-3,12,-3,13,-4,12,-4,13,-4,13,-4,12,-2,13,-2,14,-2,14,0,0,-2,14,-2,14,-1,15,-1,14,-2,15,-2,15,-2,15,-2,15,-2,16,-1,15,0,17,-1,16,-1,16,-2,17,-2,16,-2,17,-1,17,-3,17,-3,17,-4,16,-5,16,-5,16,-5,16,-4,16,-6,15,-6,15,0,0]"
CSI_DATA: 145,4,30,30,36,29,38,0,-23,-24,14663.240,14664.379,56.661,14887.318,186.190,63.315,"[-12,5,-12,6,-11,6,-13,6,-12,6,-12,6,-12,7,-11,6,-12,7,-11,7,-12,8,-11,8,-12,8,-11,8,-12,8,-11,9,-10,9,-10,9,-10,9,-10,9,-10,9,-10,10,-10,9,-9,11,-10,11,-9,12,0,0,-9,12,-9,12,-9,13,-9,13,-9,13,-10,13,-10,13,-10,13,-9,14,-9,13,-10,15,-11,13,-11,14,-11,14,-11,14,-11,15,-12,15,-12,14,-12,14,-12,13,-14,12,-14,12,-14,12,-14,12,-15,10,-15,10,0,0,-16,3,-16,4,-15,5,-17,4,-16,4,-16,4,-16,4,-16,4,-16,4,-15,4,-16,4,-16,5,-16,5,-16,5,-16,4,-16,5,-15,5,-14,4,-15,5,-15,5,-15,4,-15,5,-14,4,-14,6,-15,5,-15,6,0,0,-14,6,-14,6,-14,6,-13,7,-14,6,-14,6,-14,6,-14,6,-14,6,-13,6,-14,7,-13,6,-13,7,-14,7,-14,6,-15,7,-14,7,-15,7,-15,6,-15,6,-15,5,-15,5,-15,4,-15,5,-15,3,-16,3,0,0]"
CSI_DATA: 146,5,34,34,36,33,38,0,-26,-21,14666.296,14667.435,101.222,14953.470,252.342,129.467,"[-7,18,-7,18,-5,18,-7,19,-6,18,-7,18,-7,18,-6,17,-6,17,-6,17,-6,18,-6,18,-6,18,-6,17,-6,17,-4,18,-4,17,-5,17,-4,17,-4,17,-5,17,-4,17,-5,16,-3,17,-4,18,-3,18,0,0,-3,18,-3,18,-2,18,-2,17,-3,18,-3,18,-3,18,-3,18,-3,18,-2,18,-2,18,-3,18,-3,18,-3,18,-3,17,-3,18,-3,18,-3,18,-4,17,-4,17,-4,17,-5,17,-6,17,-5,17,-6,16,-6,16,0,0,-2,-15,-2,-15,-4,-15,-3,-16,-3,-15,-3,-16,-3,-16,-3,-16,-3,-15,-4,-15,-5,-16,-5,-16,-5,-16,-5,-15,-4,-16,-6,-16,-7,-15,-6,-15,-7,-15,-6,-16,-6,-16,-7,-16,-6,-15,-9,-15,-9,-16,-9,-16,0,0,-10,-15,-10,-16,-11,-16,-11,-15,-10,-16,-10,-17,-10,-17,-10,-16,-11,-17,-11,-16,-13,-17,-11,-17,-11,-17,-11,-17,-12,-17,-12,-18,-12,-18,-11,-19,-10,-19,-9,-19,-9,-20,-8,-19,-8,-19,-9,-19,-7,-20,-7,-20,0,0]"
CSI_DATA: 147,6,32,32,36,31,38,0,-24,-19,14669.414,14670.553,156.742,15024.186,323.58,200.183,"[-5,-9,-6,-8,-6,-9,-6,-10,-7,-9,-7,-10,-7,-9,-7,-9,-8,-9,-8,-9,-8,-10,-9,-10,-9,-10,-9,-10,-9,-10,-10,-10,-10,-9,-10,-9,-10,-9,-11,-10,-11,-10,-11,-9,-11,-10,-12,-9,-12,-10,-13,-9,0,0,-13,-9,-14,-10,-14,-10,-14,-9,-14,-10,-15,-10,-15,-11,-15,-10,-15,-10,-15,-10,-16,-10,-15,-11,-15,-12,-16,-11,-16,-11,-16,-11,-16,-12,-16,-12,-16,-12,-15,-12,-15,-13,-14,-14,-14,-14,-14,-14,-13,-15,-13,-15,0,0,-14,-9,-15,-9,-14,-8,-15,-10,-14,-9,-15,-9,-15,-9,-14,-9,-15,-9,-14,-8,-16,-8,-16,-8,-16,-8,-15,-7,-15,-8,-16,-7,-16,-6,-15,-6,-16,-6,-16,-7,-16,-7,-16,-6,-16,-5,-17,-3,-18,-4,-19,-3,0,0,-18,-3,-19,-3,-20,-3,-18,-2,-20,-3,-20,-3,-20,-3,-20,-2,-21,-3,-20,-2,-22,-1,-21,-2,-21,-2,-22,-3,-22,-3,-23,-3,-23,-3,-23,-4,-23,-5,-23,-5,-23,-6,-22,-7,-22,-7,-23,-7,-22,-9,-22,-9,0,0]"
CSI_DATA: 148,7,31,31,31,31,38,0,-21,-24,14584.338,14585.477,200.985,15099.393,398.265,275.390,"[15,-10,15,-10,14,-11,16,-11,14,-10,15,-10,15,-10,14,-9,14,-9,14,-9,15,-10,15,-10,15,-10,14,-10,15,-9,14,-10,14,-9,13,-9,14,-9,14,-9,14,-8,13,-9,13,-8,12,-9,14,-9,13,-9,0,0,12,-9,12,-10,12,-10,11,-10,12,-10,12,-10,12,-10,11,-10,11,-10,11,-10,11,-12,11,-11,11,-11,11,-12,11,-12,11,-12,11,-13,12,-13,12,-12,12,-12,13,-12,13,-12,14,-12,15,-13,16,-12,16,-11,0,0,-1,-16,-1,-16,-2,-16,-1,-17,-1,-16,-1,-16,-1,-16,-1,-16,-1,-16,-2,-15,-3,-17,-3,-16,-3,-16,-4,-16,-3,-17,-5,-17,-5,-16,-4,-16,-5,-17,-4,-17,-3,-18,-4,-17,-4,-17,-6,-16,-5,-18,-6,-18,0,0,-6,-18,-6,-18,-6,-18,-7,-18,-6,-18,-6,-19,-5,-19,-5,-18,-6,-19,-6,-18,-7,-19,-5,-18,-6,-18,-5,-19,-5,-18,-5,-19,-5,-19,-5,-19,-4,-19,-3,-19,-2,-19,-2,-18,-2,-18,-3,-18,-1,-19,-1,-19,0,0]"
CSI_DATA: 149,3,26,26,38,25,39,0,-20,-22,15056.365,15057.504,11.287,15226.604,127.211,12.605,"[6,-12,6,-13,5,-13,7,-14,6,-13,6,-13,6,-13,6,-13,6,-13,5,-13,6,-15,5,-14,5,-15,5,-14,6,-14,5,-15,4,-14,4,-14,4,-15,5,-14,5,-15,4,-15,4,-14,3,-15,4,-16,3,-17,0,0,3,-16,3,-17,2,-18,2,-16,3,-17,3,-18,3,-18,3,-17,2,-18,2,-17,2,-19,2,-18,2,-19,3,-19,3,-19,2,-20,3,-20,3,-20,4,-19,4,-19,5,-20,6,-19,6,-19,5,-20,7,-19,7,-19,0,0,12,-7,13,-7,12,-9,14,-9,13,-8,13,-8,13,-8,12,-8,12,-8,12,-9,13,-10,12,-11,12,-11,12,-10,12,-10,12,-12,11,-12,11,-11,11,-13,11,-12,12,-12,11,-13,11,-12,9,-15,10,-15,10,-16,0,0,10,-15,10,-17,9,-18,9,-18,9,-18,10,-18,10,-19,10,-18,10,-19,9,-20,9,-22,9,-20,9,-20,10,-21,11,-21,11,-22,11,-22,12,-22,13,-21,13,-21,14,-20,14,-19,14,-20,14,-20,15,-19,16,-18,0,0]"
CSI_DATA: 150,4,31,31,37,30,39,0,-23,-32,15053.234,15054.373,57.03,15282.731,183.338,68.732,"[-11,6,-12,7,-10,7,-12,8,-11,7,-11,7,-11,7,-11,7,-11,7,-10,8,-11,9,-10,9,-10,9,-9,9,-10,9,-9,10,-8,9,-8,9,-8,10,-9,9,-9,10,-8,10,-8,10,-7,11,-8,11,-7,12,0,0,-7,12,-7,12,-7,13,-6,12,-7,13,-7,13,-7,13,-7,13,-7,14,-6,13,-7,15,-7,14,-8,14,-8,15,-7,14,-8,15,-8,15,-9,15,-9,14,-10,13,-11,14,-11,13,-11,12,-11,13,-12,12,-12,12,0,0,-23,7,-23,7,-22,8,-24,7,-23,6,-22,5,-22,4,-21,4,-22,4,-20,4,-23,4,-21,4,-21,4,-21,3,-20,1,-20,3,-19,3,-18,2,-18,2,-18,1,-18,0,-17,1,-16,0,-16,2,-16,1,-16,1,0,0,-14,1,-14,1,-14,2,-13,2,-12,1,-12,1,-11,1,-11,1,-10,2,-9,3,-9,3,-9,3,-9,3,-8,4,-8,4,-8,5,-8,5,-8,5,-7,5,-7,5,-8,6,-7,6,-8,6,-7,8,-7,7,-8,7,0,0]"
CSI_DATA: 151,5,35,35,37,34,39,0,-24,-30,15056.290,15057.429,101.564,15345.782,246.389,131.783,"[11,13,11,13,12,12,12,14,11,13,12,13,11,13,11,12,11,13,11,12,12,13,12,13,13,13,12,13,12,13,13,12,12,11,12,11,12,12,12,12,12,12,12,12,11,12,13,11,13,12,13,11,0,0,13,10,13,11,14,11,13,9,13,11,14,10,13,10,13,10,14,10,13,9,14,10,13,10,13,10,13,10,13,10,13,10,14,10,13,10,13,10,12,10,12,10,11,11,11,11,12,11,10,11,10,11,0,0,-5,-16,-6,-16,-7,-15,-7,-16,-7,-15,-7,-15,-7,-15,-7,-15,-8,-15,-8,-15,-9,-16,-10,-15,-10,-15,-10,-15,-10,-15,-12,-15,-11,-14,-10,-15,-12,-14,-11,-15,-11,-16,-12,-16,-11,-15,-13,-14,-14,-16,-14,-15,0,0,-13,-15,-14,-15,-15,-15,-14,-15,-14,-15,-14,-16,-14,-16,-13,-16,-14,-16,-14,-16,-16,-16,-14,-16,-15,-16,-15,-16,-15,-17,-15,-17,-15,-17,-15,-18,-14,-19,-13,-19,-12,-20,-12,-19,-12,-20,-13,-19,-10,-20,-9,-21,0,0]"
CSI_DATA: 152,6,33,33,37,32,39,0,-23,-25,15059.408,15060.547,156.953,15418.02,318.609,204.03,"[6,6,6,6,7,5,7,6,7,6,7,6,8,6,8,6,8,6,8,5,9,6,9,5,10,5,10,5,10,6,11,5,11,4,10,4,11,4,11,5,11,5,12,4,11,5,12,3,13,4,13,3,0,0,13,3,14,4,14,3,14,2,14,3,15,4,15,4,15,3,16,3,16,3,17,3,16,4,16,4,17,4,17,3,18,4,17,4,18,5,17,5,17,6,17,6,16,7,17,7,17,7,17,9,16,9,0,0,7,-16,6,-15,6,-16,8,-17,7,-16,7,-16,7,-15,7,-15,7,-15,6,-15,6,-16,6,-16,6,-16,5,-16,6,-16,4,-17,3,-16,4,-16,3,-16,3,-17,4,-17,3,-17,2,-17,0,-18,1,-19,-1,-19,0,0,0,-18,-1,-20,-1,-20,-1,-20,-2,-21,-1,-21,-1,-21,-1,-21,-2,-21,-2,-22,-3,-23,-3,-23,-2,-23,-2,-23,-2,-23,-2,-24,-2,-24,-2,-25,-1,-25,0,-25,1,-25,2,-24,1,-25,1,-25,3,-25,4,-25,0,0]"
CSI_DATA: 153,7,32,32,32,32,39,0,-22,-25,14974.333,14975.472,201.314,15478.116,378.723,264.117,"[16,-9,16,-9,15,-10,17,-9,16,-9,16,-8,15,-8,15,-7,15,-7,14,-8,15,-7,14,-8,14,-8,13,-8,14,-7,13,-8,12,-8,12,-7,12,-8,13,-7,13,-7,12,-8,12,-7,11,-9,12,-9,12,-9,0,0,11,-9,11,-9,12,-10,11,-9,11,-9,12,-10,12,-10,11,-9,11,-10,11,-10,11,-11,11,-10,11,-10,11,-11,11,-10,11,-11,11,-11,12,-11,12,-11,12,-10,13,-10,13,-10,14,-10,14,-11,15,-10,15,-10,0,0,7,-14,7,-15,7,-15,9,-16,8,-15,8,-15,8,-16,8,-15,8,-16,7,-16,8,-18,7,-18,8,-18,8,-18,10,-17,8,-19,7,-18,8,-17,8,-18,9,-18,9,-18,8,-18,8,-18,6,-19,8,-20,7,-21,0,0,7,-20,7,-21,7,-22,6,-21,7,-21,8,-21,8,-21,8,-21,8,-21,8,-21,7,-23,8,-21,8,-21,8,-21,8,-21,8,-22,8,-22,8,-22,9,-21,9,-21,11,-21,10,-19,10,-20,10,-21,11,-20,12,-19,0,0]"
CSI_DATA: 154,3,27,27,39,26,40,0,-20,-31,15446.348,15447.487,11.259,15616.671,138.555,12.668,"[-15,5,-15,6,-15,7,-16,6,-16,6,-16,6,-16,6,-15,6,-16,6,-15,7,-16,7,-16,8,-16,8,-16,8,-16,7,-16,8,-15,8,-15,8,-15,9,-16,8,-16,8,-15,9,-15,8,-14,10,-16,10,-15,11,0,0,-15,11,-15,11,-16,12,-14,11,-15,11,-16,12,-15,12,-15,12,-15,12,-15,12,-16,14,-16,12,-16,13,-16,13,-16,13,-17,13,-17,14,-17,13,-17,13,-17,12,-18,12,-19,11,-19,11,-19,12,-20,10,-20,10,0,0,-8,-5,-8,-4,-7,-4,-8,-4,-7,-4,-7,-4,-7,-3,-7,-3,-7,-2,-7,-2,-8,-2,-8,-1,-8,0,-7,0,-7,0,-8,1,-8,1,-7,2,-8,3,-8,3,-8,3,-8,4,-8,4,-8,5,-9,6,-9,7,0,0,-9,7,-10,8,-10,9,-10,9,-11,10,-11,11,-11,11,-11,11,-11,12,-11,12,-12,14,-13,13,-13,13,-14,14,-14,14,-15,15,-15,15,-15,15,-16,14,-16,14,-17,14,-17,13,-17,13,-18,13,-18,12,-18,11,0,0]"
CSI_DATA: 155,4,32,32,38,31,40,0,-23,-36,15443.218,15444.357,56.968,15673.217,195.101,69.214,"[13,4,13,4,13,3,14,4,13,3,13,3,13,3,13,3,13,3,13,2,13,2,13,2,14,1,13,1,13,2,14,0,13,0,13,0,13,-1,13,0,13,0,13,-1,13,-1,13,-2,15,-2,14,-3,0,0,13,-3,14,-3,14,-4,14,-4,15,-4,15,-4,15,-4,15,-4,15,-4,15,-5,16,-5,16,-4,16,-4,16,-4,17,-4,17,-5,18,-4,17,-4,17,-3,17,-3,18,-2,18,-1,18,-1,18,-1,18,0,17,1,0,0,-3,17,-3,17,-2,16,-3,18,-3,16,-3,16,-3,16,-3,15,-3,15,-3,14,-3,16,-3,15,-3,15,-3,15,-4,15,-3,16,-3,14,-3,14,-3,14,-3,14,-3,14,-3,14,-3,13,-2,14,-3,14,-2,14,0,0,-2,13,-2,13,-2,14,-1,13,-2,14,-2,14,-2,13,-1,13,-1,13,-1,13,-1,14,-2,13,-2,13,-2,13,-2,14,-1,14,-1,14,-2,14,-2,14,-2,13,-2,14,-3,13,-3,13,-3,14,-4,13,-4,13,0,0]"
CSI_DATA: 156,5,36,36,38,35,40,0,-24,-29,15446.274,15447.412,101.553,15735.267,257.151,131.264,"[-3,-16,-3,-16,-4,-16,-3,-18,-4,-17,-3,-17,-3,-16,-3,-16,-3,-16,-4,-16,-4,-17,-5,-16,-5,-17,-5,-17,-4,-17,-6,-17,-5,-16,-5,-16,-6,-16,-5,-17,-5,-17,-6,-17,-5,-16,-7,-16,-6,-17,-7,-17,0,0,-7,-16,-7,-17,-8,-17,-7,-16,-7,-17,-7,-17,-7,-17,-7,-17,-7,-17,-7,-16,-8,-17,-7,-17,-7,-17,-7,-17,-7,-17,-7,-17,-7,-18,-6,-17,-6,-18,-5,-17,-5,-17,-4,-18,-4,-18,-4,-18,-2,-17,-2,-17,0,0,17,0,18,0,17,-1,19,0,17,0,18,-1,18,-1,17,-1,17,-1,16,-2,18,-2,17,-2,18,-3,17,-3,17,-1,17,-3,16,-4,16,-3,16,-4,16,-3,17,-3,16,-3,15,-3,16,-5,16,-4,16,-5,0,0,16,-6,16,-5,17,-6,15,-6,16,-6,17,-6,16,-6,16,-6,16,-6,15,-6,17,-6,16,-5,16,-5,17,-5,16,-5,17,-5,17,-5,17,-5,17,-4,16,-4,17,-3,16,-2,16,-2,17,-2,16,0,16,0,0,0]"
CSI_DATA: 157,6,34,34,38,33,40,0,-23,-27,15449.392,15450.531,156.937,15803.669,325.553,199.666,"[-11,5,-11,6,-11,7,-12,6,-12,7,-12,6,-12,7,-11,7,-12,7,-12,8,-12,8,-12,8,-12,8,-12,9,-13,8,-12,10,-11,9,-11,10,-11,10,-12,10,-12,10,-12,11,-12,10,-11,12,-13,12,-12,12,0,0,-12,12,-12,13,-12,13,-12,13,-12,13,-13,14,-13,14,-12,14,-13,14,-13,14,-13,15,-13,14,-14,14,-14,14,-14,15,-14,15,-14,15,-15,14,-15,14,-15,13,-16,13,-16,13,-17,12,-16,13,-17,11,-17,11,0,0,-2,16,-1,16,-1,16,-1,17,-2,15,-1,15,0,15,-1,14,0,14,0,13,0,15,1,14,1,14,1,13,0,13,2,13,3,12,3,12,3,12,3,13,3,13,4,13,4,12,5,13,4,13,6,13,0,0,6,13,5,13,7,14,6,13,6,14,6,15,6,14,7,14,7,14,7,15,8,16,6,15,6,15,6,16,6,16,6,17,6,17,5,17,5,17,4,17,3,18,3,17,2,17,1,18,0,18,0,17,0,0]"
CSI_DATA: 158,7,33,33,33,33,40,0,-25,-25,15364.318,15365.456,201.301,15867.390,389.274,263.387,"[18,0,18,-1,18,-1,19,0,18,0,18,0,17,1,16,1,16,1,16,1,17,1,16,1,16,1,16,1,15,1,16,0,14,0,14,1,14,0,14,1,14,1,13,0,13,1,13,-1,13,0,13,-1,0,0,12,-1,12,-1,13,-2,12,-2,12,-2,12,-2,12,-2,11,-2,12,-3,11,-3,12,-4,11,-3,11,-4,12,-4,12,-5,13,-5,13,-5,13,-5,14,-5,14,-4,15,-4,15,-4,15,-4,16,-5,17,-3,17,-2,0,0,14,1,14,0,14,-1,15,0,15,0,16,-1,16,-1,16,-1,16,-1,16,-2,18,-1,18,-2,19,-1,18,0,18,0,18,-1,18,-1,16,-1,17,-3,17,-2,17,-2,17,-3,16,-3,17,-5,18,-5,18,-7,0,0,18,-7,19,-8,20,-9,19,-8,20,-8,21,-9,21,-9,21,-9,21,-9,21,-10,23,-10,21,-10,22,-10,23,-9,23,-9,25,-10,23,-10,25,-10,25,-9,25,-9,26,-7,25,-6,25,-6,26,-7,26,-5,27,-4,0,0]"
CSI_DATA: 159,5,37,37,39,36,41,0,-22,-45,15836.270,15837.463,101.564,16096.894,229.504,102.897,"[15,5,16,5,16,4,17,5,16,5,16,5,16,4,15,4,15,5,14,4,16,4,16,4,16,4,16,4,16,4,17,3,15,2,15,3,16,2,16,3,16,3,16,2,15,3,16,1,17,2,16,1,0,0,16,1,17,1,17,1,16,0,17,1,17,1,17,1,17,1,17,1,17,1,18,0,17,1,17,1,17,2,17,1,18,1,18,2,18,2,17,2,17,3,17,3,16,4,16,5,17,4,16,5,15,5,0,0,-7,-9,-6,-9,-7,-9,-6,-10,-6,-9,-5,-8,-4,-9,-4,-8,-4,-8,-4,-8,-4,-7,-3,-6,-3,-6,-4,-5,-4,-5,-4,-5,-4,-4,-4,-4,-5,-4,-5,-4,-4,-4,-5,-4,-5,-3,-6,-3,-5,-3,-6,-3,0,0,-5,-2,-6,-2,-6,-2,-6,-2,-6,-2,-6,-1,-6,-1,-7,-1,-6,0,-7,0,-7,1,-7,1,-8,1,-8,1,-8,3,-9,4,-10,3,-10,4,-11,4,-12,4,-13,4,-14,4,-15,4,-16,5,-17,4,-18,4,0,0]"
CSI_DATA: 160,6,35,35,39,34,41,0,-26,-28,15839.389,15840.582,156.944,16152.381,284.991,158.384,"[3,5,3,5,5,5,4,6,5,6,6,5,6,5,6,5,6,5,7,4,8,5,8,4,9,5,9,5,9,5,10,3,10,3,10,3,11,3,12,3,12,3,12,3,12,3,13,1,14,2,15,1,0,0,15,1,16,1,16,1,16,0,17,0,18,1,18,1,18,1,19,1,19,0,20,-1,20,1,20,1,21,1,21,1,22,1,22,1,22,2,22,2,21,3,22,4,21,4,21,5,22,4,22,6,22,6,0,0,10,14,10,14,11,13,10,14,9,13,10,13,9,13,9,13,9,13,9,12,10,13,10,12,9,12,9,11,9,11,11,10,10,9,10,9,10,9,10,9,10,9,11,9,10,9,11,7,12,8,13,8,0,0,12,8,13,7,12,7,13,7,13,7,13,8,13,8,13,8,14,7,14,7,15,7,14,7,14,7,14,8,15,8,15,8,15,8,15,9,15,9,14,10,14,11,13,10,13,11,13,10,12,12,11,13,0,0]"
CSI_DATA: 161,7,34,34,34,34,41,0,-21,-25,15754.315,15755.508,201.308,16200.590,333.200,206.593,"[11,9,12,9,12,9,12,10,11,9,11,9,11,9,10,8,10,8,10,7,11,8,11,7,11,7,11,7,10,7,11,5,11,5,10,5,11,4,11,5,11,5,11,4,11,4,11,3,12,4,12,3,0,0,12,2,12,2,13,2,13,1,13,2,13,2,14,2,14,1,14,1,14,0,15,0,15,1,15,1,16,1,16,1,17,0,17,1,18,1,18,1,18,2,18,3,18,3,19,4,20,4,19,6,19,7,0,0,-13,-5,-13,-5,-14,-3,-14,-4,-14,-4,-15,-4,-15,-3,-15,-3,-16,-3,-16,-3,-19,-3,-20,-3,-20,-4,-20,-5,-20,-7,-21,-5,-19,-5,-18,-6,-19,-5,-18,-6,-18,-6,-19,-4,-17,-5,-18,-3,-19,-4,-20,-3,0,0,-19,-2,-20,-2,-20,-1,-20,0,-20,-1,-21,-1,-21,-2,-21,-1,-22,-1,-21,-1,-23,0,-21,-1,-21,-1,-22,-1,-22,-1,-23,-1,-23,-1,-22,-2,-22,-2,-21,-3,-22,-4,-20,-3,-21,-4,-21,-3,-21,-5,-20,-4,0,0]"
CSI_DATA: 162,4,33,33,40,32,42,0,-25,-38,16223.584,16224.354,56.886,16443.822,243.232,59.822,"[2,-10,2,-11,1,-11,1,-12,1,-11,0,-11,0,-11,0,-11,0,-11,-1,-11,-1,-12,-2,-12,-2,-12,-2,-12,-2,-12,-3,-12,-3,-11,-3,-11,-4,-12,-4,-12,-4,-12,-4,-12,-4,-11,-6,-11,-5,-13,-6,-12,0,0,-7,-12,-7,-13,-8,-13,-7,-12,-8,-13,-8,-13,-8,-14,-8,-14,-8,-14,-8,-14,-9,-15,-8,-15,-8,-15,-9,-15,-8,-15,-9,-16,-8,-16,-8,-16,-8,-17,-7,-16,-7,-17,-6,-17,-5,-17,-6,-18,-4,-18,-4,-18,0,0,5,8,5,7,6,7,6,7,6,7,6,6,6,6,6,6,6,6,6,5,7,5,7,5,7,4,7,4,7,4,8,3,8,2,7,3,8,2,8,2,8,2,9,1,8,1,9,0,10,0,10,-1,0,0,10,-2,11,-2,12,-3,11,-3,12,-3,12,-2,13,-3,13,-3,14,-3,14,-3,15,-3,14,-2,14,-2,15,-3,15,-2,16,-3,16,-2,16,-2,16,-1,16,0,16,0,16,0,17,1,16,1,16,3,16,3,0,0]"
CSI_DATA: 163,5,38,38,40,37,42,0,-22,-35,16226.639,16227.409,101.557,16496.115,295.525,112.115,"[-3,14,-3,15,-1,14,-3,16,-3,15,-3,15,-3,15,-3,14,-3,15,-2,14,-2,15,-1,15,-1,15,-2,15,-2,15,-1,15,-1,14,-1,14,0,15,-1,15,-1,15,0,15,-1,14,1,15,0,16,1,15,0,0,1,15,1,15,2,16,2,15,2,16,2,16,1,16,1,16,1,16,1,15,2,16,1,16,1,16,1,17,1,15,1,17,1,16,0,16,0,16,0,15,-1,16,-1,15,-1,15,-1,15,-3,14,-3,15,0,0,-5,-5,-6,-5,-6,-4,-7,-5,-7,-5,-7,-5,-8,-5,-8,-4,-8,-4,-8,-4,-9,-4,-9,-3,-9,-3,-10,-3,-10,-3,-11,-2,-11,-2,-11,-2,-13,-1,-13,-1,-13,-2,-14,-1,-14,-2,-15,0,-16,-1,-16,-1,0,0,-16,0,-17,0,-18,1,-17,1,-18,1,-19,1,-18,0,-18,1,-19,1,-19,1,-20,2,-19,1,-20,1,-21,2,-20,2,-21,3,-22,3,-23,3,-22,3,-23,2,-23,2,-23,2,-24,1,-25,2,-25,-1,-26,-1,0,0]"
CSI_DATA: 164,6,36,36,39,35,42,0,-26,-22,15839.389,16230.528,157.52,16559.325,358.735,175.325,"[3,5,3,5,5,5,4,6,5,6,6,5,6,5,6,5,6,5,7,4,8,5,8,4,9,5,9,5,9,5,10,3,10,3,10,3,11,3,12,3,12,3,12,3,12,3,13,1,14,2,15,1,0,0,15,1,16,1,16,1,16,0,17,0,18,1,18,1,18,1,19,1,19,0,20,-1,20,1,20,1,21,1,21,1,22,1,22,1,22,2,22,2,21,3,22,4,21,4,21,5,22,4,22,6,22,6,0,0,-17,-8,-18,-7,-18,-6,-19,-8,-18,-8,-19,-8,-19,-8,-18,-8,-19,-8,-18,-8,-20,-9,-19,-7,-19,-8,-19,-7,-18,-8,-20,-6,-19,-6,-18,-6,-19,-5,-19,-5,-19,-6,-19,-4,-19,-5,-20,-3,-21,-4,-22,-2,0,0,-21,-2,-22,-2,-22,-2,-22,-1,-22,-2,-23,-2,-23,-2,-23,-2,-23,-1,-23,-1,-25,-1,-23,-2,-23,-2,-24,-1,-24,-2,-25,-1,-25,-2,-25,-1,-25,-3,-24,-4,-25,-4,-24,-5,-24,-5,-24,-5,-24,-6,-24,-7,0,0]"
CSI_DATA: 165,3,28,28,42,27,43,0,-24,-36,16621.247,16627.510,20.988,16796.754,237.429,22.562,"[-9,10,-9,11,-8,11,-9,11,-9,11,-9,11,-9,11,-9,10,-9,11,-8,11,-9,12,-9,12,-9,12,-9,12,-9,11,-8,12,-8,11,-8,11,-8,12,-9,11,-9,11,-8,12,-8,11,-7,12,-8,12,-8,13,0,0,-7,13,-7,12,-7,13,-6,12,-7,13,-7,13,-7,13,-7,13,-7,13,-6,13,-6,14,-6,13,-6,13,-7,14,-6,14,-6,15,-6,15,-7,15,-7,15,-7,15,-8,15,-8,15,-9,15,-9,15,-10,15,-10,15,0,0,2,-2,2,-2,3,-2,2,-2,2,-1,2,-1,2,0,1,0,1,0,2,1,1,1,1,1,1,1,1,1,1,2,2,2,2,2,2,2,2,2,2,2,2,3,3,3,3,3,3,2,4,3,4,3,0,0,5,3,5,2,6,2,6,2,7,2,7,3,7,2,7,2,8,2,8,2,9,2,8,2,9,2,9,2,10,2,10,2,11,2,11,2,11,2,10,3,11,3,11,2,11,3,11,2,11,3,11,4,0,0]"
CSI_DATA: 166,4,34,34,41,33,43,0,-22,-36,16618.120,16624.383,66.805,16842.619,283.294,68.427,"[8,-12,7,-13,6,-12,8,-13,6,-12,7,-13,6,-12,5,-12,6,-12,5,-12,5,-13,4,-13,4,-13,4,-13,4,-13,3,-13,3,-13,2,-12,2,-14,2,-13,3,-14,2,-13,2,-13,0,-14,1,-15,0,-15,0,0,-1,-15,-1,-15,-1,-16,-2,-15,-1,-16,-1,-16,-1,-16,-2,-16,-1,-17,-2,-16,-3,-18,-2,-17,-1,-18,-2,-19,-1,-18,-2,-20,-2,-19,-1,-20,0,-20,1,-20,1,-20,2,-20,2,-20,2,-21,4,-20,5,-20,0,0,-9,-3,-9,-2,-9,-1,-10,-2,-10,-1,-10,-1,-10,-1,-10,0,-10,0,-10,0,-11,1,-11,1,-10,1,-10,2,-10,2,-11,3,-10,4,-10,4,-10,5,-11,5,-11,6,-11,6,-11,6,-10,8,-12,8,-12,9,0,0,-12,10,-12,10,-13,11,-13,11,-13,11,-14,12,-14,11,-14,11,-14,12,-14,12,-15,14,-15,12,-15,13,-15,13,-16,13,-17,14,-16,14,-16,13,-17,13,-17,12,-18,12,-17,11,-19,12,-18,12,-20,10,-20,10,0,0]"
CSI_DATA: 167,5,39,39,41,38,43,0,-27,-33,16621.175,16627.438,111.367,16911.237,351.912,137.45,"[-7,15,-6,15,-5,15,-6,16,-6,16,-7,16,-6,15,-6,14,-6,15,-5,14,-6,16,-5,16,-5,16,-5,16,-6,16,-4,16,-4,15,-4,15,-4,16,-5,16,-5,16,-4,16,-5,15,-3,17,-4,17,-4,18,0,0,-3,17,-4,17,-4,18,-3,16,-4,18,-4,18,-4,18,-3,17,-4,17,-3,16,-4,18,-4,17,-4,17,-5,18,-5,17,-5,18,-5,17,-5,17,-6,16,-6,16,-7,16,-7,15,-7,15,-7,16,-8,14,-8,14,0,0,-15,-1,-16,-1,-15,0,-16,-1,-16,-1,-16,-1,-15,0,-15,-1,-15,0,-14,0,-16,1,-16,2,-16,2,-16,3,-16,2,-17,5,-17,5,-17,4,-18,5,-19,4,-19,4,-19,5,-19,4,-19,6,-22,5,-21,6,0,0,-21,6,-22,5,-23,6,-22,6,-23,5,-23,5,-23,4,-23,4,-23,4,-22,4,-23,5,-22,3,-23,3,-23,3,-22,3,-23,4,-23,4,-23,3,-23,3,-22,2,-23,2,-22,2,-23,2,-23,2,-24,0,-23,0,0,0]"
CSI_DATA: 168,6,37,37,40,36,43,0,-26,-21,16624.294,16630.557,166.754,16975.964,416.639,201.772,"[2,9,3,9,3,8,3,9,3,9,4,9,4,8,5,8,5,9,5,8,6,9,7,8,7,9,7,8,7,9,8,8,9,8,8,8,9,8,10,8,10,9,10,8,10,8,12,7,12,9,13,8,0,0,14,8,14,8,14,9,14,8,15,9,15,9,15,9,15,9,16,10,16,9,17,10,16,10,16,10,17,11,16,11,17,12,16,11,17,12,17,12,16,12,16,13,15,13,15,13,16,14,15,15,15,15,0,0,18,-2,18,-3,18,-3,20,-2,19,-2,19,-2,19,-2,19,-2,19,-2,18,-2,20,-2,19,-3,19,-3,18,-4,18,-2,19,-5,17,-6,17,-5,17,-6,17,-6,18,-5,17,-7,18,-6,17,-10,19,-9,19,-10,0,0,18,-10,19,-11,19,-11,19,-12,20,-11,20,-11,21,-12,21,-11,20,-12,21,-12,22,-14,22,-12,21,-12,22,-12,22,-12,23,-13,23,-12,23,-11,24,-11,23,-10,25,-9,24,-8,24,-8,24,-9,25,-7,24,-6,0,0]"
CSI_DATA: 169,7,35,35,36,35,43,0,-17,-19,16539.221,16545.484,211.120,17037.533,478.208,263.341,"[-17,-6,-17,-5,-17,-4,-18,-6,-17,-5,-17,-6,-17,-5,-16,-5,-16,-5,-15,-4,-16,-5,-16,-4,-16,-4,-15,-4,-16,-5,-16,-3,-16,-3,-15,-3,-16,-3,-15,-3,-16,-3,-15,-2,-15,-3,-16,-1,-16,-2,-16,-1,0,0,-16,0,-16,-1,-17,0,-16,0,-16,-1,-16,0,-17,0,-16,0,-17,1,-16,1,-18,1,-17,1,-17,1,-18,1,-17,1,-19,1,-19,2,-19,1,-19,1,-19,0,-20,0,-20,-1,-20,-2,-21,-1,-21,-3,-21,-3,0,0,-8,-16,-8,-16,-9,-15,-9,-18,-9,-16,-8,-17,-8,-17,-7,-16,-7,-16,-7,-15,-7,-16,-8,-15,-8,-14,-8,-13,-8,-13,-9,-12,-10,-11,-9,-11,-11,-11,-11,-11,-11,-12,-12,-11,-11,-11,-13,-10,-14,-12,-15,-12,0,0,-15,-11,-15,-12,-16,-12,-16,-12,-15,-12,-16,-13,-15,-13,-15,-13,-16,-13,-15,-13,-17,-14,-15,-13,-16,-14,-16,-14,-15,-14,-16,-15,-16,-14,-16,-15,-15,-15,-14,-15,-14,-16,-13,-16,-13,-16,-14,-16,-12,-17,-12,-17,0,0]"
CSI_DATA: 170,3,29,29,43,28,44,0,-21,-35,17006.324,17007.464,11.244,17176.604,139.71,12.605,"[13,-8,13,-9,12,-10,14,-10,13,-9,14,-9,13,-9,13,-9,13,-9,12,-9,14,-10,13,-10,14,-11,13,-11,14,-10,13,-11,12,-11,12,-11,13,-12,13,-11,13,-10,13,-11,12,-10,12,-12,13,-12,13,-13,0,0,12,-13,12,-13,13,-14,11,-13,13,-13,13,-14,13,-13,12,-13,12,-14,12,-13,12,-16,12,-14,12,-15,13,-15,12,-15,13,-16,13,-16,14,-16,14,-15,14,-15,15,-14,16,-14,16,-14,16,-15,17,-14,17,-13,0,0,-7,-1,-7,-1,-7,-1,-8,-1,-7,-1,-7,-1,-7,-1,-7,0,-7,0,-7,0,-7,0,-7,1,-7,1,-7,1,-8,1,-7,2,-7,2,-7,2,-7,3,-8,3,-8,3,-8,3,-8,3,-8,5,-9,5,-8,5,0,0,-9,5,-9,6,-9,6,-9,6,-10,7,-10,7,-10,6,-10,7,-10,7,-10,7,-10,8,-10,7,-11,7,-11,7,-11,7,-11,7,-11,7,-11,7,-11,6,-11,5,-12,5,-11,5,-11,5,-11,5,-11,3,-11,3,0,0]"
CSI_DATA: 171,4,35,35,42,34,44,0,-25,-42,17003.197,17004.337,57.13,17231.516,193.983,67.517,"[10,-8,10,-8,9,-9,10,-9,10,-9,9,-9,9,-9,9,-9,9,-9,9,-9,9,-10,8,-10,8,-10,8,-10,9,-10,8,-11,7,-10,7,-10,7,-11,7,-11,8,-11,7,-11,6,-11,6,-12,7,-12,6,-13,0,0,6,-13,5,-13,5,-14,5,-14,6,-14,6,-14,6,-14,6,-14,5,-15,5,-15,5,-16,6,-15,6,-15,6,-16,6,-15,7,-17,7,-16,7,-16,8,-16,8,-15,9,-15,10,-15,10,-14,10,-15,11,-14,11,-13,0,0,1,-4,1,-4,1,-5,1,-5,1,-5,1,-5,1,-5,0,-5,0,-6,0,-6,0,-7,0,-7,-1,-7,-1,-7,-1,-8,-2,-9,-1,-9,-2,-9,-2,-9,-1,-10,-1,-10,-2,-10,-1,-10,-3,-11,-2,-12,-3,-12,0,0,-3,-13,-3,-13,-4,-14,-3,-13,-3,-14,-3,-15,-2,-15,-2,-14,-3,-15,-3,-15,-3,-16,-3,-15,-2,-15,-3,-15,-2,-15,-3,-16,-4,-16,-3,-16,-3,-16,-2,-16,-2,-16,-2,-16,-3,-16,-3,-17,-3,-17,-2,-18,0,0]"
CSI_DATA: 172,6,38,38,41,37,44,0,-22,-23,17009.372,17010.511,157.61,17322.395,284.862,158.396,"[2,8,3,8,3,7,3,9,3,8,4,8,4,8,5,8,5,8,5,7,6,8,7,8,7,8,8,8,8,9,9,7,9,7,9,7,10,7,10,8,10,9,10,8,10,8,12,7,12,9,13,8,0,0,14,8,14,8,15,9,14,8,15,9,15,10,15,10,15,9,16,10,15,9,17,10,16,10,16,11,16,11,16,10,17,11,16,11,17,12,16,12,15,12,15,13,14,14,14,14,15,13,14,14,14,14,0,0,-11,0,-11,0,-11,1,-13,0,-12,0,-13,0,-13,0,-13,0,-13,0,-13,0,-15,0,-14,1,-14,1,-14,1,-15,0,-15,2,-15,2,-14,2,-15,4,-16,3,-16,2,-17,4,-16,4,-16,6,-18,6,-18,7,0,0,-18,7,-18,7,-19,8,-18,8,-19,8,-20,8,-20,8,-20,9,-20,9,-20,10,-22,12,-21,11,-21,10,-23,11,-22,10,-24,11,-23,11,-24,12,-24,10,-24,9,-26,9,-25,8,-25,9,-25,10,-27,8,-27,7,0,0]"
CSI_DATA: 173,7,36,36,37,36,44,0,-20,-22,16924.300,16925.439,201.612,17372.478,334.945,208.479,"[-12,12,-12,12,-10,12,-13,13,-12,12,-12,12,-12,11,-11,11,-11,11,-10,10,-11,11,-10,11,-10,11,-10,11,-11,11,-9,11,-9,11,-9,10,-8,12,-9,11,-9,11,-8,11,-8,10,-7,12,-7,12,-7,12,0,0,-6,12,-6,12,-6,13,-5,12,-6,13,-6,14,-6,14,-5,14,-5,14,-5,13,-5,15,-5,14,-5,14,-5,15,-5,15,-5,16,-5,16,-6,17,-6,16,-7,16,-7,16,-8,16,-8,16,-8,17,-10,16,-10,16,0,0,16,-7,16,-8,15,-8,17,-8,16,-7,17,-7,16,-7,16,-7,16,-6,15,-6,16,-6,15,-6,15,-6,14,-6,14,-5,14,-7,13,-7,12,-7,12,-7,12,-7,13,-7,12,-7,12,-7,12,-9,13,-8,13,-9,0,0,12,-9,13,-9,13,-10,12,-9,13,-9,13,-9,13,-8,13,-8,13,-9,12,-8,13,-10,12,-8,12,-8,12,-8,12,-8,13,-8,12,-8,12,-8,12,-7,12,-7,12,-6,12,-6,12,-5,12,-6,12,-5,12,-5,0,0]"
CSI_DATA: 174,3,30,30,44,29,45,0,-21,-33,17402.50,17407.463,21.247,17576.649,204.171,22.649,"[11,9,12,9,12,8,13,10,12,9,12,9,12,9,12,9,12,9,12,8,13,9,13,8,14,8,14,8,14,8,14,7,14,7,13,7,14,6,14,7,14,7,14,7,14,7,15,5,16,6,16,6,0,0,16,5,17,5,17,5,16,4,17,5,18,5,18,5,18,5,18,5,18,4,19,4,18,5,19,5,19,5,19,5,20,6,20,5,20,6,20,7,19,7,19,8,19,9,19,9,20,9,18,11,18,11,0,0,-10,8,-10,9,-10,8,-12,9,-11,8,-11,8,-12,8,-11,7,-12,7,-10,7,-12,8,-11,8,-11,8,-11,8,-12,7,-11,8,-11,8,-11,8,-11,9,-12,8,-12,8,-11,8,-11,8,-11,10,-12,9,-12,10,0,0,-12,10,-12,9,-13,10,-12,10,-13,9,-13,9,-13,8,-12,8,-13,8,-12,8,-12,9,-11,7,-11,7,-12,7,-11,6,-11,7,-10,6,-10,6,-10,6,-9,6,-9,5,-8,5,-7,5,-7,6,-7,6,-7,6,0,0]"
CSI_DATA: 175,4,36,36,43,35,45,0,-24,-40,17398.924,17404.337,67.19,17625.556,253.78,71.556,"[4,-13,4,-14,2,-13,4,-15,3,-14,3,-14,3,-14,3,-14,3,-14,2,-14,2,-15,2,-15,2,-15,2,-15,2,-15,1,-15,0,-14,1,-14,0,-14,0,-14,1,-14,0,-14,0,-14,-1,-14,-1,-15,-2,-15,0,0,-2,-15,-2,-15,-2,-16,-3,-15,-2,-16,-3,-16,-2,-16,-3,-16,-3,-16,-3,-16,-3,-17,-2,-17,-2,-17,-3,-18,-2,-17,-2,-18,-2,-17,-2,-17,-1,-18,0,-17,0,-18,1,-17,1,-17,1,-18,2,-17,3,-17,0,0,-1,-7,-1,-7,-1,-7,0,-8,-1,-7,-1,-7,-1,-7,0,-7,0,-8,-1,-8,-1,-8,-1,-8,-2,-8,-2,-8,-1,-9,-2,-9,-2,-9,-2,-8,-2,-9,-1,-10,-1,-10,-2,-10,-2,-10,-3,-10,-3,-11,-3,-11,0,0,-3,-12,-3,-12,-3,-12,-3,-12,-3,-13,-2,-13,-3,-13,-2,-13,-3,-13,-3,-13,-4,-14,-3,-13,-3,-13,-3,-14,-2,-14,-3,-14,-3,-14,-3,-14,-2,-14,-2,-13,-1,-14,-1,-13,-2,-13,-2,-13,-1,-13,-2,-13,0,0]"
CSI_DATA: 176,5,40,40,43,39,45,0,-27,-33,17401.979,17407.391,111.472,17693.887,321.409,139.887,"[17,2,18,3,17,1,19,3,17,3,18,3,17,3,16,3,16,3,15,2,17,2,17,2,16,2,16,2,16,3,16,2,16,1,15,1,16,1,15,2,15,2,15,1,14,1,15,-1,16,0,15,0,0,0,15,-1,15,-1,16,-1,15,-2,15,-1,15,-1,15,-1,15,-1,16,-2,14,-2,16,-3,15,-2,15,-2,16,-2,15,-2,17,-3,16,-2,17,-1,16,-1,16,-1,16,0,16,0,16,0,16,0,16,1,16,1,0,0,7,-3,7,-4,8,-4,9,-5,9,-4,9,-5,9,-5,9,-5,10,-5,9,-6,11,-7,10,-8,11,-8,11,-8,13,-8,13,-10,13,-10,13,-9,14,-10,15,-9,16,-9,16,-10,15,-9,15,-12,17,-12,17,-13,0,0,17,-12,18,-12,18,-13,17,-13,18,-12,19,-11,20,-11,19,-11,20,-11,18,-12,19,-14,18,-12,18,-12,19,-12,19,-12,20,-12,19,-12,19,-12,20,-11,20,-10,20,-10,19,-10,19,-11,19,-13,20,-11,20,-11,0,0]"
CSI_DATA: 177,6,39,39,42,38,45,0,-22,-19,17405.99,17410.511,166.972,17757.743,385.265,203.743,"[-9,1,-10,1,-9,2,-11,2,-10,2,-11,2,-10,2,-10,3,-11,3,-10,4,-11,4,-11,5,-12,5,-12,5,-12,5,-12,6,-11,6,-11,5,-12,7,-12,6,-13,6,-12,7,-12,6,-12,8,-13,8,-13,8,0,0,-13,8,-14,9,-14,9,-13,9,-15,9,-15,9,-15,9,-15,8,-15,8,-14,9,-16,10,-15,8,-16,9,-17,9,-15,8,-17,9,-16,8,-17,8,-17,7,-17,7,-17,6,-17,6,-17,6,-17,7,-17,6,-18,5,0,0,-5,13,-4,13,-4,14,-4,15,-4,14,-4,15,-4,14,-4,14,-4,15,-4,15,-4,16,-3,16,-3,16,-2,15,-3,15,-1,16,0,15,-1,15,0,16,0,17,0,17,1,17,1,17,4,18,3,19,5,19,0,0,4,19,4,20,5,20,6,20,5,21,5,22,5,22,5,22,6,23,6,23,7,25,6,24,6,24,5,25,5,25,5,26,5,26,4,27,3,27,3,26,2,28,1,26,1,27,1,27,0,27,-1,27,0,0]"
CSI_DATA: 178,7,37,37,38,37,45,0,-21,-17,17320.28,17325.440,211.337,17819.52,446.574,265.52,"[6,-14,6,-14,4,-15,6,-16,5,-14,5,-14,5,-14,5,-14,5,-14,4,-14,5,-15,4,-15,5,-15,4,-15,5,-14,4,-15,4,-14,4,-13,3,-15,4,-14,4,-14,3,-14,3,-13,2,-14,3,-15,2,-15,0,0,1,-14,1,-15,1,-15,0,-15,1,-16,1,-16,1,-16,1,-15,0,-15,0,-15,0,-17,0,-16,0,-16,0,-17,0,-16,0,-18,0,-18,0,-18,1,-18,2,-18,2,-18,3,-18,3,-18,3,-19,4,-18,5,-18,0,0,16,5,17,5,17,3,18,5,17,5,17,5,17,5,17,5,17,5,16,5,17,5,17,4,17,4,16,4,15,5,16,3,15,2,15,2,15,1,15,2,16,2,16,1,15,1,16,-1,17,0,18,-1,0,0,17,-1,18,-1,19,-1,18,-1,18,-1,19,0,19,0,18,0,19,0,18,0,20,-1,18,0,18,0,19,0,19,1,19,1,19,1,19,1,18,2,18,2,18,3,17,3,17,3,18,2,17,4,17,4,0,0]"
CSI_DATA: 179,4,37,37,44,36,46,0,-24,-34,17783.195,17784.380,57.22,18002.384,183.332,58.385,"[-6,-12,-7,-12,-8,-11,-8,-13,-8,-11,-8,-12,-8,-11,-8,-11,-8,-11,-8,-10,-9,-11,-9,-11,-9,-10,-9,-10,-9,-10,-10,-10,-10,-9,-9,-9,-10,-8,-11,-9,-11,-9,-11,-8,-10,-9,-11,-7,-12,-9,-12,-8,0,0,-13,-8,-13,-8,-14,-7,-13,-7,-14,-7,-14,-7,-14,-7,-14,-7,-14,-7,-14,-7,-16,-8,-15,-8,-15,-8,-16,-8,-15,-8,-16,-8,-16,-9,-16,-9,-15,-9,-15,-9,-15,-11,-15,-11,-14,-12,-14,-12,-13,-13,-12,-13,0,0,-6,3,-6,4,-5,4,-5,4,-5,4,-5,5,-5,5,-4,5,-4,5,-3,6,-3,7,-3,7,-2,7,-2,7,-2,8,-1,8,-1,8,-1,8,0,9,-1,10,-1,11,0,11,-1,11,1,11,1,12,2,12,0,0,2,13,2,14,2,14,3,14,2,14,2,15,2,16,2,16,3,16,3,16,4,17,3,16,3,17,3,17,3,18,3,19,4,19,3,19,2,19,1,19,1,20,1,19,0,20,2,21,-1,21,-1,21,0,0]"
CSI_DATA: 180,5,41,41,44,40,46,0,-23,-29,17786.250,17787.434,101.584,18056.309,237.257,112.310,"[9,-15,10,-15,8,-16,10,-16,9,-15,10,-16,9,-15,9,-14,9,-14,8,-15,9,-16,8,-15,9,-16,8,-15,8,-15,7,-16,7,-15,7,-14,6,-16,7,-15,7,-15,6,-15,7,-14,5,-15,7,-16,6,-17,0,0,5,-16,5,-16,5,-17,5,-16,5,-17,5,-17,5,-17,5,-16,5,-16,5,-16,5,-17,5,-17,5,-16,6,-17,5,-16,5,-17,5,-17,6,-17,6,-16,7,-16,7,-16,7,-16,7,-16,7,-16,8,-15,9,-15,0,0,-14,2,-14,3,-14,3,-15,3,-14,3,-15,3,-14,3,-14,3,-14,4,-14,4,-15,5,-14,6,-14,6,-14,6,-14,6,-15,7,-14,7,-15,7,-15,8,-16,7,-16,7,-16,8,-16,7,-15,9,-17,9,-17,10,0,0,-16,9,-17,9,-17,9,-16,10,-17,9,-18,9,-17,9,-16,9,-17,9,-16,9,-17,11,-16,9,-17,10,-17,10,-17,10,-17,11,-17,11,-18,11,-18,11,-18,11,-19,10,-19,10,-20,10,-21,11,-22,10,-23,9,0,0]"
CSI_DATA: 181,6,40,40,43,39,46,0,-25,-16,17789.370,17790.554,156.975,18122.368,303.316,178.369,"[9,-6,9,-7,9,-8,11,-8,10,-8,10,-8,10,-8,10,-8,11,-8,10,-9,11,-9,11,-10,11,-9,11,-10,12,-9,11,-11,10,-10,11,-10,11,-11,12,-10,12,-10,11,-11,12,-10,11,-11,12,-12,11,-12,0,0,12,-12,12,-12,12,-13,12,-12,12,-12,12,-12,12,-12,12,-11,13,-12,12,-11,13,-13,12,-11,12,-11,12,-12,12,-11,12,-12,13,-11,13,-11,13,-10,13,-10,14,-10,13,-10,13,-9,13,-10,13,-8,14,-8,0,0,14,1,14,1,14,0,16,1,15,0,15,0,16,0,15,0,16,0,15,0,17,-1,16,-2,16,-1,16,-2,16,-1,17,-3,15,-4,15,-4,16,-4,17,-4,17,-4,17,-5,17,-5,16,-8,19,-7,18,-9,0,0,19,-9,19,-8,19,-9,19,-10,19,-9,20,-9,21,-9,21,-10,21,-10,21,-11,22,-12,22,-11,22,-11,23,-11,23,-10,24,-11,24,-11,24,-11,24,-9,25,-9,25,-8,25,-7,26,-8,25,-8,27,-7,27,-5,0,0]"
CSI_DATA: 182,7,38,38,39,38,46,0,-25,-22,17704.299,17705.483,201.340,18189.846,370.794,245.847,"[-9,9,-9,10,-8,10,-10,10,-9,9,-9,9,-9,9,-9,9,-9,9,-8,9,-9,9,-9,9,-9,9,-8,9,-9,8,-8,9,-7,9,-7,8,-7,9,-7,8,-8,8,-7,9,-7,8,-6,9,-7,9,-7,10,0,0,-6,9,-6,10,-6,11,-5,10,-6,11,-6,11,-6,11,-6,11,-6,11,-5,11,-5,12,-6,12,-6,11,-6,12,-6,12,-6,13,-6,13,-7,13,-7,12,-7,12,-8,12,-8,12,-9,12,-9,13,-10,12,-10,12,0,0,-5,-18,-5,-18,-7,-17,-6,-19,-6,-19,-5,-19,-5,-19,-4,-19,-4,-19,-4,-17,-4,-19,-4,-18,-4,-17,-4,-16,-3,-15,-5,-15,-5,-14,-5,-13,-6,-13,-6,-13,-6,-14,-7,-13,-6,-13,-8,-12,-9,-14,-10,-14,0,0,-10,-13,-9,-14,-10,-14,-10,-13,-9,-14,-9,-15,-9,-15,-8,-14,-9,-15,-8,-14,-9,-14,-8,-14,-8,-14,-8,-14,-7,-14,-8,-14,-8,-13,-7,-13,-6,-13,-6,-12,-5,-13,-5,-11,-5,-11,-5,-11,-4,-11,-4,-11,0,0]"
CSI_DATA: 183,4,38,38,45,37,47,0,-24,-33,18177.654,18184.348,66.968,18402.327,212.481,68.329,"[-4,-13,-4,-13,-5,-12,-4,-14,-4,-13,-4,-13,-5,-13,-4,-12,-4,-13,-5,-12,-5,-13,-6,-12,-5,-12,-6,-12,-5,-13,-6,-12,-6,-11,-5,-12,-6,-11,-6,-12,-6,-12,-6,-11,-6,-11,-7,-11,-7,-12,-8,-11,0,0,-8,-11,-8,-12,-9,-11,-9,-11,-8,-11,-9,-12,-8,-12,-8,-11,-9,-12,-9,-12,-10,-12,-9,-12,-9,-12,-9,-13,-8,-13,-9,-13,-9,-13,-8,-13,-8,-14,-7,-14,-7,-14,-6,-14,-6,-15,-7,-14,-4,-15,-4,-15,0,0,2,4,3,4,4,4,4,4,4,4,5,4,5,4,6,4,6,4,6,4,7,5,8,4,8,4,8,4,9,4,10,4,10,3,10,4,11,3,12,4,12,4,12,4,12,4,13,3,14,4,15,3,0,0,15,3,15,4,16,3,16,3,16,3,17,3,17,3,17,3,17,2,17,2,19,2,17,3,18,3,18,2,19,2,20,2,20,2,21,2,21,2,21,2,22,3,21,4,22,4,23,5,22,7,23,7,0,0]"
CSI_DATA: 184,5,42,42,45,41,47,0,-28,-23,18180.709,18187.403,111.547,18454.380,264.534,120.382,"[10,-16,10,-17,8,-17,11,-17,10,-16,10,-16,10,-15,10,-15,10,-15,9,-15,11,-16,10,-15,11,-15,10,-15,11,-14,10,-15,9,-14,9,-13,9,-14,9,-13,10,-14,9,-14,9,-12,8,-14,9,-14,8,-14,0,0,7,-14,8,-14,7,-14,7,-14,7,-14,8,-14,7,-14,7,-14,7,-13,7,-13,8,-15,8,-13,7,-13,7,-14,7,-13,7,-14,7,-14,8,-13,8,-13,8,-13,8,-13,9,-13,9,-13,9,-13,9,-12,10,-13,0,0,-5,-13,-6,-14,-7,-13,-7,-14,-6,-13,-7,-14,-7,-13,-8,-13,-8,-13,-8,-12,-9,-13,-10,-13,-10,-13,-10,-13,-10,-13,-12,-13,-12,-13,-11,-13,-13,-13,-13,-13,-12,-14,-13,-13,-12,-14,-14,-12,-14,-15,-15,-14,0,0,-15,-13,-15,-14,-16,-14,-15,-13,-15,-14,-16,-14,-16,-14,-16,-14,-16,-14,-16,-14,-18,-15,-16,-14,-16,-15,-17,-15,-17,-15,-18,-16,-17,-15,-18,-16,-17,-16,-16,-16,-16,-17,-15,-17,-15,-17,-16,-18,-14,-19,-14,-19,0,0]"
CSI_DATA: 185,6,41,41,44,40,47,0,-27,-16,18183.829,18190.523,167.48,18528.255,338.409,194.257,"[6,4,7,3,7,3,8,4,8,4,9,3,9,3,9,4,9,4,10,3,11,4,11,4,11,4,11,3,11,4,12,3,12,3,11,3,12,3,12,4,13,4,13,3,12,4,14,2,14,3,15,2,0,0,15,2,15,2,16,2,15,2,16,2,16,3,16,2,16,2,16,2,16,1,17,2,16,2,16,2,17,2,17,2,17,2,17,2,17,2,17,3,16,3,17,4,16,4,16,4,17,3,16,5,16,5,0,0,-2,14,-2,15,-1,14,-2,16,-2,15,-2,16,-2,16,-2,16,-2,16,-1,15,-1,18,0,17,0,17,1,17,0,17,2,17,2,17,2,17,3,18,3,18,3,18,3,19,3,18,7,18,6,20,7,21,0,0,7,20,7,20,8,21,8,21,8,22,8,22,8,23,8,22,9,23,9,22,10,24,10,23,9,23,9,24,9,24,9,25,9,24,10,26,8,26,8,26,7,27,6,25,6,26,7,27,5,28,4,28,0,0]"
CSI_DATA: 186,7,39,39,40,39,47,0,-29,-20,18098.759,18105.453,211.297,18583.857,394.11,249.859,"[10,-4,10,-4,10,-5,11,-5,9,-4,10,-5,9,-5,9,-5,9,-6,8,-6,9,-7,9,-7,9,-7,9,-7,10,-6,10,-7,9,-7,8,-6,8,-7,8,-6,8,-6,7,-6,7,-6,5,-8,6,-8,6,-9,0,0,5,-9,4,-10,4,-11,4,-10,4,-11,4,-12,4,-12,3,-12,4,-13,3,-13,4,-15,4,-15,4,-16,4,-17,4,-16,4,-18,4,-18,4,-18,6,-20,6,-19,7,-20,8,-20,9,-21,8,-22,10,-20,11,-21,0,0,16,8,16,8,16,7,17,9,15,8,16,9,15,9,14,9,14,9,13,8,14,9,13,8,13,7,12,7,12,6,13,5,12,4,11,4,13,3,13,4,13,4,13,3,13,4,14,2,15,3,15,3,0,0,15,2,15,3,16,3,15,3,15,4,15,3,15,4,14,4,14,4,14,4,15,4,14,4,13,4,14,4,12,4,13,4,12,4,12,4,12,4,11,4,11,5,10,4,10,4,10,4,9,4,9,4,0,0]"
CSI_DATA: 187,3,31,31,47,30,48,0,-17,-36,18566.322,18567.498,11.181,18736.766,152.909,12.767,"[-8,-13,-8,-13,-9,-12,-9,-14,-9,-13,-9,-13,-10,-13,-9,-12,-10,-13,-10,-12,-11,-13,-11,-13,-11,-13,-12,-13,-11,-13,-13,-12,-13,-12,-12,-12,-13,-11,-13,-12,-13,-13,-14,-11,-13,-12,-15,-11,-15,-12,-16,-11,0,0,-16,-11,-17,-11,-18,-11,-17,-10,-17,-11,-18,-11,-18,-12,-18,-11,-19,-12,-18,-11,-20,-12,-18,-12,-19,-12,-19,-12,-19,-13,-20,-13,-20,-13,-19,-13,-19,-14,-18,-14,-18,-15,-17,-16,-18,-16,-18,-16,-16,-17,-16,-17,0,0,4,-2,4,-3,4,-3,5,-3,4,-3,5,-3,4,-3,5,-3,5,-3,4,-3,5,-4,5,-4,5,-4,5,-5,5,-4,5,-6,5,-6,5,-5,5,-6,5,-7,6,-7,6,-7,6,-7,6,-8,7,-8,7,-9,0,0,7,-9,7,-9,8,-10,8,-9,9,-9,9,-9,9,-9,9,-8,9,-9,9,-9,9,-10,9,-8,9,-8,9,-8,9,-8,9,-9,8,-8,9,-9,9,-9,9,-8,9,-8,9,-8,9,-8,9,-8,9,-8,10,-8,0,0]"
CSI_DATA: 188,4,39,39,46,38,48,0,-24,-35,18563.199,18564.374,57.03,18794.84,210.227,70.85,"[10,5,10,5,11,4,11,5,11,5,11,5,11,4,10,4,11,5,11,4,11,5,11,4,11,4,11,4,11,4,12,3,11,3,11,3,11,2,11,3,11,3,11,3,11,3,12,2,12,2,12,2,0,0,12,1,13,1,13,1,12,1,12,1,13,1,13,1,13,1,13,1,13,1,14,1,13,1,13,2,14,2,13,2,14,2,14,2,14,2,13,3,13,4,13,4,13,4,13,5,13,5,12,6,12,6,0,0,4,-2,4,-2,3,-3,4,-4,3,-4,3,-4,3,-5,3,-5,2,-5,2,-6,2,-7,1,-7,1,-8,0,-9,1,-9,0,-10,-1,-10,0,-10,-1,-11,-1,-11,0,-12,-1,-12,0,-12,-2,-13,-1,-14,-2,-14,0,0,-2,-15,-2,-15,-2,-16,-3,-15,-2,-16,-3,-16,-2,-17,-2,-16,-3,-17,-3,-16,-3,-18,-3,-17,-3,-17,-3,-18,-3,-17,-3,-19,-4,-18,-3,-19,-3,-19,-2,-19,-2,-19,-2,-19,-2,-20,-2,-21,0,-20,0,-21,0,0]"
CSI_DATA: 189,5,43,43,46,42,48,0,-29,-24,18566.253,18567.429,101.566,18854.958,271.101,130.959,"[-10,-14,-10,-14,-10,-13,-10,-15,-10,-14,-9,-14,-9,-13,-8,-13,-9,-13,-8,-13,-9,-14,-9,-13,-9,-13,-8,-13,-8,-13,-9,-13,-8,-12,-8,-12,-8,-12,-7,-13,-7,-12,-8,-12,-7,-12,-8,-11,-8,-13,-8,-12,0,0,-8,-11,-8,-12,-8,-11,-8,-10,-8,-11,-8,-11,-7,-11,-7,-11,-8,-11,-8,-10,-8,-10,-7,-10,-7,-10,-7,-10,-7,-9,-8,-10,-8,-9,-8,-9,-8,-9,-8,-9,-8,-10,-8,-10,-8,-10,-8,-10,-8,-11,-8,-11,0,0,-5,12,-4,12,-4,12,-5,13,-4,13,-4,13,-4,13,-4,12,-4,13,-3,12,-3,14,-2,14,-2,14,-1,14,-2,14,-1,15,0,15,-1,14,0,15,-1,15,-1,15,-1,15,-1,15,1,16,0,17,1,17,0,0,1,17,1,17,1,18,2,17,1,18,1,18,1,18,1,18,2,18,2,17,3,19,2,18,2,18,2,20,2,19,2,21,2,20,2,21,1,21,1,21,0,22,0,21,-1,22,0,23,-3,23,-3,23,0,0]"
CSI_DATA: 190,6,42,42,45,41,48,0,-28,-16,18569.374,18570.550,156.972,18921.444,337.587,197.445,"[-6,6,-6,7,-6,7,-8,7,-8,7,-9,8,-9,8,-8,8,-10,8,-9,9,-11,9,-11,9,-11,10,-11,10,-11,10,-11,11,-10,10,-11,10,-11,12,-11,12,-12,12,-12,12,-13,12,-11,13,-12,14,-12,14,0,0,-12,14,-13,15,-13,15,-12,15,-13,15,-13,16,-13,15,-13,16,-13,16,-12,16,-13,17,-13,16,-13,17,-13,17,-12,17,-13,18,-13,18,-13,18,-13,18,-14,17,-14,18,-14,17,-15,18,-15,18,-16,18,-16,17,0,0,-2,-15,-3,-16,-4,-15,-3,-17,-3,-16,-3,-17,-3,-17,-4,-16,-3,-17,-4,-16,-4,-18,-5,-17,-5,-17,-5,-17,-4,-17,-7,-17,-7,-16,-6,-16,-8,-17,-8,-18,-7,-18,-8,-18,-8,-18,-11,-17,-10,-19,-12,-19,0,0,-12,-19,-12,-19,-13,-20,-12,-19,-13,-20,-13,-21,-14,-21,-13,-20,-13,-21,-14,-21,-15,-22,-14,-22,-13,-22,-14,-23,-14,-23,-14,-24,-14,-23,-14,-25,-13,-25,-13,-24,-12,-26,-11,-25,-12,-25,-12,-26,-10,-27,-10,-28,0,0]"
CSI_DATA: 191,7,40,40,41,40,48,0,-29,-18,18484.304,18485.480,201.327,18995.613,411.756,271.614,"[-8,-10,-8,-9,-8,-9,-9,-10,-8,-9,-9,-9,-9,-8,-8,-8,-9,-8,-9,-8,-10,-9,-10,-8,-10,-9,-10,-9,-9,-9,-9,-8,-9,-8,-9,-8,-9,-8,-9,-8,-9,-8,-9,-7,-8,-7,-10,-6,-10,-7,-10,-6,0,0,-11,-5,-11,-5,-12,-5,-11,-4,-11,-5,-12,-5,-12,-4,-13,-4,-14,-4,-13,-4,-15,-3,-14,-4,-15,-5,-16,-4,-16,-4,-18,-4,-17,-4,-18,-5,-18,-4,-18,-6,-19,-7,-19,-7,-20,-8,-21,-8,-21,-10,-21,-11,0,0,20,1,21,1,20,0,22,2,20,2,21,3,20,2,19,3,19,3,18,2,19,4,18,3,17,2,16,2,16,3,16,0,15,-1,14,0,16,-2,16,-1,16,-1,16,-2,15,-1,16,-4,17,-3,18,-4,0,0,17,-4,17,-3,19,-4,17,-4,18,-3,18,-3,18,-3,18,-2,18,-3,16,-2,18,-3,17,-2,17,-2,17,-2,16,-1,17,-2,16,-2,16,-1,16,-1,15,0,15,0,15,0,14,0,15,-1,14,0,14,0,0,0]"
CSI_DATA: 192,3,32,32,48,31,49,0,-20,-31,18956.320,18957.478,9.923,19126.609,130.996,12.609,"[-2,11,-1,11,-1,11,-1,12,-1,12,-1,12,-1,12,0,11,0,12,0,12,1,13,2,13,1,13,2,13,1,13,3,13,3,12,3,12,4,13,3,13,3,14,4,14,4,13,6,13,5,15,6,14,0,0,7,14,7,15,8,15,8,15,8,15,8,16,8,16,8,16,8,16,9,16,10,17,8,17,9,17,9,18,9,18,10,19,9,19,9,20,8,19,7,20,7,20,6,20,6,21,7,21,4,21,4,21,0,0,-1,17,-1,17,-1,17,-2,18,-3,18,-3,17,-3,17,-4,17,-4,17,-4,16,-4,17,-3,17,-3,17,-3,16,-4,16,-3,17,-2,16,-3,16,-2,16,-4,16,-4,16,-3,16,-4,16,-1,16,-2,17,-2,17,0,0,-2,17,-2,17,-2,17,-2,17,-2,16,-3,16,-3,16,-3,16,-3,16,-2,16,-2,16,-2,14,-3,14,-3,14,-2,15,-2,14,-2,14,-2,13,-3,13,-2,12,-3,12,-2,12,-2,12,-1,12,-1,11,-1,11,0,0]"
CSI_DATA: 193,4,40,40,47,39,49,0,-23,-46,18953.198,18954.356,55.656,19176.155,180.542,62.155,"[0,-14,-1,-14,-1,-14,-1,-15,-1,-15,-1,-14,-1,-14,-1,-14,-1,-14,-2,-14,-2,-15,-2,-14,-2,-14,-3,-14,-2,-14,-4,-14,-4,-13,-3,-13,-4,-13,-4,-13,-4,-14,-5,-13,-4,-13,-6,-13,-6,-14,-7,-13,0,0,-7,-13,-8,-14,-8,-13,-9,-13,-8,-14,-8,-14,-9,-14,-9,-14,-9,-14,-9,-14,-10,-15,-9,-15,-9,-15,-10,-16,-10,-16,-10,-16,-10,-17,-9,-17,-8,-17,-8,-17,-7,-18,-7,-18,-7,-19,-7,-18,-5,-19,-4,-18,0,0,2,4,1,4,2,4,2,4,2,3,2,3,2,3,1,3,1,3,1,3,1,3,0,3,0,3,0,3,-1,2,-1,2,-1,2,-2,2,-2,2,-3,2,-3,2,-3,2,-3,2,-3,2,-3,2,-4,3,0,0,-4,2,-4,3,-4,3,-4,3,-5,3,-6,4,-6,4,-6,4,-6,4,-6,5,-6,5,-7,5,-7,5,-7,6,-7,6,-7,6,-7,8,-8,6,-8,7,-8,7,-9,7,-8,7,-9,8,-8,8,-9,8,-9,8,0,0]"
CSI_DATA: 194,5,44,44,47,43,49,0,-28,-27,18956.252,18957.410,100.219,19239.334,243.721,125.334,"[9,12,9,12,10,12,10,13,9,12,9,12,8,12,8,11,8,12,8,10,8,12,9,11,8,11,8,11,7,11,9,10,9,9,8,10,9,9,8,9,8,10,8,9,7,9,9,8,9,10,9,9,0,0,9,8,10,9,11,8,10,7,11,9,11,9,10,9,11,8,11,8,11,8,11,9,10,9,11,9,11,9,11,9,11,9,11,10,11,10,11,10,10,10,10,11,10,11,10,11,10,12,9,12,9,12,0,0,-5,-19,-6,-19,-7,-19,-5,-20,-5,-20,-5,-19,-4,-20,-4,-19,-4,-19,-5,-19,-5,-20,-6,-20,-6,-20,-6,-19,-4,-19,-7,-20,-7,-19,-6,-19,-7,-19,-5,-20,-5,-20,-6,-20,-5,-20,-8,-20,-7,-21,-7,-21,0,0,-7,-20,-7,-21,-7,-20,-7,-21,-6,-20,-6,-21,-5,-21,-5,-20,-6,-20,-6,-20,-7,-21,-6,-19,-6,-19,-6,-19,-7,-20,-7,-19,-7,-20,-7,-19,-6,-20,-6,-20,-5,-21,-5,-20,-6,-21,-7,-21,-5,-22,-5,-22,0,0]"
CSI_DATA: 195,6,43,43,46,42,49,0,-29,-16,18959.373,18960.531,155.613,19303.979,308.366,189.979,"[-3,5,-3,6,-2,7,-3,8,-3,8,-3,8,-3,9,-3,9,-3,10,-3,10,-3,11,-3,11,-3,11,-3,12,-4,12,-2,12,-2,12,-2,12,-2,13,-3,13,-3,14,-2,14,-2,13,-1,15,-2,16,-2,16,0,0,-2,16,-2,16,-2,17,-2,16,-2,18,-3,18,-3,17,-3,17,-3,17,-2,16,-2,18,-3,17,-3,17,-3,17,-3,17,-3,17,-3,17,-3,17,-3,17,-4,16,-5,16,-4,16,-4,16,-3,16,-5,15,-4,16,0,0,0,9,0,9,1,10,0,10,0,10,0,10,0,10,0,10,0,11,1,10,1,11,1,11,2,11,2,11,1,11,3,11,3,10,3,10,3,10,3,11,3,11,4,11,3,11,5,11,5,12,6,12,0,0,6,12,6,12,6,12,7,12,6,12,7,13,7,13,6,13,7,14,7,13,8,14,7,14,7,14,7,14,7,15,7,15,7,15,7,15,6,15,6,15,5,16,5,16,5,16,5,16,4,16,3,16,0,0]"
CSI_DATA: 196,7,41,41,42,41,49,0,-26,-19,18874.304,18875.462,199.958,19363.115,367.502,249.115,"[-9,-8,-9,-8,-9,-7,-10,-8,-9,-7,-9,-7,-9,-7,-9,-7,-9,-7,-9,-7,-11,-7,-11,-7,-11,-8,-10,-7,-10,-8,-10,-7,-10,-7,-10,-6,-10,-7,-10,-7,-9,-7,-9,-6,-9,-6,-10,-5,-10,-6,-11,-5,0,0,-11,-4,-11,-4,-12,-4,-11,-3,-12,-4,-12,-3,-12,-4,-12,-3,-13,-3,-13,-3,-14,-2,-14,-3,-14,-3,-15,-3,-15,-3,-16,-3,-16,-3,-16,-3,-17,-4,-16,-4,-17,-5,-17,-6,-18,-6,-18,-6,-18,-7,-18,-8,0,0,-17,-10,-17,-10,-18,-9,-18,-11,-18,-10,-17,-11,-17,-11,-16,-11,-17,-11,-16,-11,-17,-11,-16,-11,-15,-10,-15,-10,-14,-9,-16,-8,-14,-7,-14,-7,-14,-6,-15,-6,-15,-7,-16,-5,-15,-6,-16,-4,-17,-5,-18,-4,0,0,-17,-4,-19,-4,-18,-3,-18,-4,-18,-4,-18,-4,-18,-5,-17,-5,-18,-5,-18,-5,-19,-4,-17,-5,-17,-5,-17,-5,-18,-5,-17,-5,-17,-5,-16,-5,-16,-6,-15,-6,-15,-6,-14,-6,-14,-7,-14,-5,-13,-6,-13,-6,0,0]"
CSI_DATA: 197,3,33,33,49,32,50,0,-22,-32,19346.321,19347.452,11.282,19516.685,153.570,12.685,"[7,-13,7,-14,6,-14,8,-15,7,-14,7,-14,7,-14,7,-14,7,-14,6,-15,7,-16,6,-16,7,-17,6,-16,7,-16,6,-17,6,-17,6,-16,6,-17,7,-17,7,-17,6,-17,7,-17,5,-18,7,-19,6,-19,0,0,6,-19,6,-19,6,-20,5,-19,6,-19,7,-20,7,-19,7,-19,7,-19,6,-19,6,-21,7,-19,7,-19,7,-19,7,-18,7,-19,7,-19,8,-19,8,-18,8,-17,9,-17,9,-17,9,-17,9,-17,9,-16,9,-16,0,0,-1,-9,-1,-10,-1,-10,0,-11,0,-11,0,-11,0,-11,0,-11,1,-12,0,-12,0,-13,-1,-12,0,-13,-1,-13,0,-13,-1,-14,-1,-13,-1,-14,-1,-13,0,-14,0,-14,-1,-14,0,-15,-2,-15,-1,-16,-1,-16,0,0,-1,-16,-2,-17,-2,-16,-2,-17,-1,-17,0,-17,0,-17,0,-17,0,-17,0,-17,-1,-17,0,-16,0,-16,0,-16,0,-16,0,-16,0,-16,0,-15,1,-15,1,-14,1,-15,1,-14,1,-15,0,-15,1,-14,0,-14,0,0]"
CSI_DATA: 198,4,41,41,48,40,50,0,-26,-35,19343.200,19344.330,57.44,19571.485,208.370,67.485,"[-5,11,-5,11,-4,12,-5,13,-5,12,-5,12,-4,12,-4,12,-4,12,-3,12,-4,13,-3,13,-3,13,-3,12,-4,12,-3,13,-2,12,-3,12,-2,13,-3,13,-3,12,-2,13,-3,12,-1,13,-2,13,-1,13,0,0,-1,13,-1,13,-1,13,-1,13,-1,14,-2,14,-2,13,-1,13,-1,13,-1,13,-1,14,-2,13,-2,13,-2,13,-2,13,-2,14,-2,14,-2,13,-3,13,-3,13,-4,13,-4,12,-4,12,-3,12,-4,12,-5,11,0,0,-4,-2,-4,-2,-3,-1,-3,-1,-3,0,-4,0,-3,1,-3,1,-3,2,-3,3,-3,4,-2,4,-2,5,-2,5,-3,6,-2,7,-2,7,-2,8,-1,8,-2,9,-2,9,-2,10,-2,10,0,11,-1,12,0,12,0,0,-1,13,0,14,0,14,0,14,0,15,0,15,0,16,-1,16,0,16,1,16,1,18,1,17,1,17,0,18,1,19,1,19,1,19,0,20,-1,20,-1,20,-2,20,-2,20,-2,21,-1,21,-3,22,-4,21,0,0]"
CSI_DATA: 199,5,45,45,48,44,50,0,-32,-25,19346.254,19347.385,101.604,19632.668,269.553,128.668,"[-8,19,-8,19,-6,19,-8,20,-7,19,-8,18,-8,18,-7,17,-7,17,-6,17,-7,18,-6,17,-6,18,-6,17,-7,17,-6,17,-5,16,-6,16,-5,16,-6,16,-6,15,-6,16,-6,14,-4,15,-6,15,-5,15,0,0,-5,14,-5,14,-5,14,-5,13,-5,13,-5,13,-5,12,-5,11,-5,11,-5,10,-5,10,-5,9,-5,8,-5,8,-5,7,-5,7,-5,6,-4,5,-4,4,-4,4,-3,3,-2,3,-2,2,-1,2,0,1,0,1,0,0,-11,10,-11,10,-11,10,-12,11,-11,10,-11,10,-11,10,-11,10,-11,11,-10,10,-11,12,-10,12,-10,12,-9,12,-11,12,-9,14,-9,13,-9,13,-9,14,-11,13,-11,13,-10,14,-10,13,-9,15,-10,15,-10,16,0,0,-9,16,-10,16,-10,16,-9,16,-10,15,-11,16,-11,15,-10,15,-10,16,-9,15,-9,17,-10,15,-10,16,-10,16,-10,16,-10,17,-10,17,-10,17,-11,16,-11,16,-12,16,-12,15,-13,16,-12,17,-13,16,-14,15,0,0]"
CSI_DATA: 200,7,42,42,43,42,50,0,-27,-21,19264.307,19265.437,201.343,19710.973,347.858,206.973,"[-10,-6,-11,-6,-10,-5,-11,-6,-11,-5,-11,-5,-11,-4,-10,-4,-10,-4,-10,-3,-12,-3,-12,-3,-12,-3,-12,-3,-12,-4,-12,-3,-12,-3,-11,-3,-12,-3,-11,-3,-11,-3,-11,-2,-11,-2,-11,-1,-12,-1,-12,-1,0,0,-12,0,-12,0,-12,1,-11,2,-12,1,-13,2,-13,2,-13,3,-14,3,-13,3,-14,4,-14,3,-15,4,-16,4,-15,4,-17,5,-17,5,-18,5,-19,4,-18,4,-20,3,-20,2,-21,2,-22,2,-22,0,-23,0,0,0,2,17,2,17,3,16,2,18,1,17,1,17,0,17,0,16,-1,16,0,15,0,15,0,14,0,13,1,13,1,12,3,12,3,11,3,11,4,11,4,12,4,13,5,13,4,12,6,12,6,14,6,14,0,0,6,14,6,14,6,15,7,14,6,14,5,15,5,15,5,14,5,15,5,14,5,15,4,14,4,14,4,14,4,14,4,14,4,14,4,14,3,14,3,13,3,14,3,13,3,13,3,13,2,13,2,13,0,0]"
CSI_DATA: 201,3,34,34,50,33,51,0,-20,-34,19736.326,19737.509,11.312,19906.685,195.712,12.681,"[-10,9,-10,9,-9,10,-11,10,-10,10,-10,10,-9,10,-9,10,-10,10,-9,10,-10,11,-9,11,-9,12,-9,12,-10,11,-8,12,-8,12,-8,11,-8,13,-8,12,-9,12,-8,13,-8,12,-7,13,-8,14,-7,14,0,0,-7,14,-7,14,-8,15,-7,14,-8,15,-8,15,-8,15,-8,15,-8,15,-7,15,-8,17,-8,15,-9,15,-9,16,-8,15,-9,17,-9,16,-9,17,-10,16,-10,15,-11,15,-11,15,-11,14,-11,15,-12,14,-12,14,0,0,-4,-10,-5,-10,-5,-10,-4,-12,-5,-11,-4,-12,-4,-12,-4,-11,-4,-12,-4,-11,-4,-13,-5,-13,-5,-12,-5,-12,-4,-13,-5,-13,-6,-12,-5,-12,-6,-12,-6,-13,-5,-13,-6,-12,-6,-12,-8,-12,-8,-13,-8,-13,0,0,-8,-12,-9,-13,-9,-12,-9,-12,-9,-12,-9,-13,-9,-13,-9,-12,-10,-13,-9,-13,-11,-13,-9,-12,-9,-12,-9,-12,-9,-13,-10,-13,-10,-12,-9,-13,-8,-13,-7,-13,-7,-13,-6,-12,-6,-12,-6,-12,-4,-12,-4,-12,0,0]"
CSI_DATA: 202,4,42,42,49,41,51,0,-21,-47,19733.205,19734.388,56.995,19966.237,255.264,72.233,"[-11,-9,-11,-9,-12,-8,-12,-10,-12,-9,-12,-9,-12,-9,-11,-8,-12,-9,-12,-8,-13,-8,-13,-8,-13,-8,-12,-8,-12,-8,-13,-8,-12,-7,-12,-7,-13,-7,-13,-7,-12,-7,-13,-6,-12,-6,-13,-5,-14,-6,-14,-5,0,0,-14,-5,-14,-5,-15,-5,-14,-5,-14,-5,-15,-5,-15,-5,-15,-5,-15,-5,-15,-5,-16,-5,-15,-6,-15,-6,-16,-6,-15,-6,-16,-6,-16,-6,-15,-6,-15,-7,-14,-7,-14,-8,-14,-9,-14,-9,-14,-9,-13,-10,-13,-10,0,0,-7,13,-7,14,-6,15,-7,16,-6,17,-7,17,-7,17,-6,17,-7,18,-5,18,-5,21,-4,21,-4,21,-4,21,-5,21,-4,22,-3,20,-3,20,-3,21,-4,20,-4,20,-3,20,-3,19,-1,19,-2,19,-1,19,0,0,-1,17,-1,17,0,17,1,17,-1,16,-1,16,-2,15,-2,14,-1,15,-1,14,0,14,-1,13,-1,13,-2,13,-2,13,-2,14,-3,14,-3,14,-4,14,-5,14,-6,16,-7,15,-9,16,-9,17,-12,18,-13,18,0,0]"
CSI_DATA: 203,5,46,46,49,45,51,0,-38,-20,19736.259,19737.442,101.574,20034.830,323.857,140.826,"[-18,-7,-18,-7,-19,-5,-19,-6,-19,-5,-19,-5,-19,-5,-18,-3,-19,-3,-18,-2,-20,-2,-19,-1,-18,-1,-18,-1,-18,-1,-19,1,-17,1,-17,2,-17,3,-18,3,-18,3,-17,4,-17,3,-17,5,-18,5,-17,5,0,0,-17,5,-17,6,-17,6,-16,6,-17,6,-17,5,-17,5,-16,5,-16,4,-16,3,-16,3,-16,2,-15,1,-16,1,-15,0,-15,-1,-16,-1,-15,-3,-14,-4,-13,-5,-12,-6,-11,-6,-11,-7,-11,-8,-9,-9,-8,-10,0,0,-11,12,-11,13,-10,13,-11,13,-11,13,-11,13,-11,13,-11,13,-11,14,-10,13,-10,15,-9,15,-10,15,-9,15,-10,14,-9,16,-8,15,-8,15,-8,16,-9,16,-9,16,-8,17,-9,16,-6,18,-8,19,-7,19,0,0,-7,19,-7,19,-7,20,-6,20,-7,19,-7,20,-7,20,-7,20,-7,21,-6,21,-6,22,-7,20,-7,21,-7,21,-7,22,-7,22,-7,23,-7,22,-9,22,-9,22,-10,23,-10,21,-11,22,-10,23,-12,22,-13,22,0,0]"
CSI_DATA: 204,7,43,43,44,43,51,0,-27,-21,19654.312,19655.496,201.313,20103.139,392.166,209.135,"[-15,-3,-16,-2,-15,-2,-17,-3,-16,-3,-16,-3,-15,-2,-15,-2,-15,-2,-14,-2,-16,-3,-15,-3,-15,-3,-14,-3,-14,-4,-14,-2,-13,-2,-13,-2,-13,-1,-13,-1,-13,-2,-12,-1,-12,-1,-12,0,-12,0,-13,1,0,0,-12,2,-12,2,-12,2,-11,3,-12,3,-12,4,-12,4,-12,4,-12,5,-12,5,-13,6,-12,5,-13,6,-14,7,-14,7,-15,8,-15,8,-16,8,-16,7,-17,7,-17,7,-17,7,-18,7,-19,7,-20,5,-21,5,0,0,14,6,14,6,14,5,15,7,14,6,14,7,14,7,13,7,13,7,13,6,14,6,13,5,13,5,13,4,12,5,14,3,13,2,13,2,14,2,14,3,14,3,15,2,14,3,15,1,16,2,16,1,0,0,16,1,17,1,17,1,16,1,17,2,17,2,17,3,17,3,17,2,16,2,18,2,16,2,17,2,17,3,17,3,17,3,17,3,17,3,16,4,16,4,16,5,16,5,15,5,16,4,15,6,15,6,0,0]"
CSI_DATA: 205,3,35,35,51,34,52,0,-21,-32,20126.320,20127.467,11.317,20296.648,193.509,12.645,"[-11,-2,-11,-1,-12,0,-13,-1,-12,-1,-13,-1,-13,-1,-12,-1,-13,0,-13,0,-14,0,-14,1,-14,1,-14,1,-14,0,-15,2,-14,2,-14,1,-15,2,-15,2,-15,1,-15,2,-15,1,-15,3,-16,3,-16,3,0,0,-16,4,-17,3,-17,4,-16,4,-17,4,-18,4,-18,3,-17,3,-17,3,-17,3,-18,4,-18,2,-18,2,-18,3,-17,3,-18,3,-19,3,-18,2,-18,2,-17,1,-18,1,-18,0,-18,0,-18,0,-17,-1,-17,-1,0,0,1,-10,1,-10,0,-10,1,-12,0,-11,0,-11,1,-12,1,-12,1,-12,0,-12,0,-13,0,-13,0,-13,0,-13,0,-13,-1,-14,-1,-13,-1,-13,-2,-14,-1,-14,-1,-14,-2,-14,-1,-14,-4,-14,-3,-16,-4,-16,0,0,-4,-16,-5,-16,-5,-16,-5,-16,-5,-16,-5,-17,-4,-17,-5,-17,-5,-17,-5,-17,-6,-18,-5,-17,-5,-17,-5,-17,-5,-18,-5,-18,-5,-18,-4,-17,-4,-17,-2,-17,-2,-17,-2,-16,-2,-16,-2,-16,-1,-16,0,-15,0,0]"
CSI_DATA: 206,4,43,43,50,42,52,0,-21,-39,20123.200,20124.347,57.57,20353.699,250.560,69.696,"[-6,14,-5,14,-4,15,-5,15,-5,15,-5,15,-5,15,-5,14,-4,15,-4,14,-5,16,-4,15,-4,16,-4,15,-4,15,-2,16,-2,14,-2,15,-2,15,-2,15,-3,15,-1,15,-2,15,0,15,-1,16,0,16,0,0,1,16,0,16,1,16,1,16,1,16,1,17,1,17,1,16,1,17,1,17,2,18,0,17,0,17,1,17,1,17,1,18,1,19,0,18,0,18,-1,18,-2,18,-2,17,-3,18,-3,18,-4,17,-4,17,0,0,-5,17,-5,17,-5,17,-6,17,-6,16,-6,16,-7,16,-7,15,-7,15,-7,14,-8,15,-7,15,-7,14,-7,13,-8,12,-7,13,-6,12,-6,11,-6,11,-7,10,-7,10,-6,10,-6,10,-4,10,-4,10,-4,11,0,0,-3,10,-3,10,-3,10,-2,10,-2,10,-3,10,-2,10,-2,10,-1,10,-1,11,0,11,0,10,-1,10,0,10,0,11,1,11,1,12,1,12,0,12,1,12,0,13,1,13,1,13,2,14,1,15,0,15,0,0]"
CSI_DATA: 207,5,47,47,50,46,52,0,-35,-20,20126.253,20127.401,101.624,20414.722,311.583,130.719,"[-5,-16,-5,-16,-6,-16,-6,-18,-6,-17,-6,-17,-7,-16,-7,-15,-7,-15,-7,-15,-9,-17,-9,-16,-10,-16,-10,-15,-10,-16,-12,-15,-11,-14,-11,-14,-13,-14,-12,-14,-12,-15,-13,-14,-12,-15,-14,-13,-14,-15,-15,-14,0,0,-15,-13,-15,-14,-16,-14,-15,-13,-15,-14,-15,-14,-15,-14,-15,-14,-15,-14,-14,-14,-15,-15,-13,-15,-13,-15,-13,-15,-12,-15,-12,-16,-11,-15,-10,-16,-9,-15,-8,-15,-6,-15,-5,-14,-4,-14,-4,-14,-2,-14,-2,-13,0,0,-1,13,-1,13,1,13,0,14,0,14,0,14,0,14,0,13,0,14,1,13,1,15,2,15,2,15,3,14,2,14,4,15,4,14,3,14,4,14,3,15,3,15,4,15,4,15,6,15,6,16,7,16,0,0,6,16,7,16,7,17,7,16,7,16,7,17,7,17,7,17,8,17,8,17,9,18,7,17,8,17,8,18,8,19,9,19,8,19,8,20,7,20,6,20,6,21,5,20,5,20,6,21,4,22,3,22,0,0]"
CSI_DATA: 208,6,46,46,49,45,52,0,-35,-17,20129.375,20130.523,157.120,20482.83,378.944,198.80,"[3,-5,2,-6,2,-6,3,-7,3,-7,3,-7,3,-8,4,-8,4,-8,4,-9,5,-9,5,-9,6,-10,6,-10,7,-9,7,-10,6,-10,6,-9,6,-10,7,-10,8,-10,7,-10,8,-10,8,-11,9,-11,8,-11,0,0,8,-11,9,-11,9,-12,8,-12,9,-12,10,-12,9,-12,9,-12,9,-12,8,-11,9,-13,9,-12,9,-13,8,-13,8,-13,8,-14,9,-15,8,-14,9,-15,9,-14,10,-15,10,-15,11,-16,11,-17,12,-16,12,-16,0,0,10,-12,10,-12,9,-12,11,-13,10,-13,11,-13,11,-13,11,-13,11,-13,10,-13,11,-14,11,-14,11,-15,10,-14,11,-14,10,-16,9,-15,9,-15,9,-16,9,-16,10,-16,9,-16,10,-16,7,-18,9,-19,8,-20,0,0,8,-19,8,-20,8,-21,7,-21,8,-21,9,-21,9,-21,9,-21,8,-22,8,-23,8,-24,8,-23,9,-23,9,-23,9,-24,10,-24,10,-24,10,-24,12,-24,12,-23,13,-24,13,-22,14,-23,13,-23,15,-23,16,-22,0,0]"
CSI_DATA: 209,3,36,36,51,35,53,0,-21,-35,20126.320,20517.939,11.791,20687.219,205.136,13.221,"[-11,-2,-11,-1,-12,0,-13,-1,-12,-1,-13,-1,-13,-1,-12,-1,-13,0,-13,0,-14,0,-14,1,-14,1,-14,1,-14,0,-15,2,-14,2,-14,1,-15,2,-15,2,-15,1,-15,2,-15,1,-15,3,-16,3,-16,3,0,0,-16,4,-17,3,-17,4,-16,4,-17,4,-18,4,-18,3,-17,3,-17,3,-17,3,-18,4,-18,2,-18,2,-18,3,-17,3,-18,3,-19,3,-18,2,-18,2,-17,1,-18,1,-18,0,-18,0,-18,0,-17,-1,-17,-1,0,0,5,-9,5,-9,5,-9,6,-10,6,-9,6,-9,6,-10,6,-9,6,-9,6,-9,7,-9,6,-10,6,-9,6,-9,6,-9,6,-10,5,-9,5,-9,5,-10,5,-10,5,-10,5,-10,5,-10,4,-11,5,-11,4,-12,0,0,4,-12,4,-12,4,-12,4,-13,4,-13,4,-13,5,-13,4,-12,4,-13,5,-13,5,-14,5,-13,5,-12,4,-13,5,-13,5,-13,4,-13,5,-13,5,-13,6,-12,6,-12,5,-11,6,-12,6,-11,7,-11,7,-10,0,0]"
CSI_DATA: 210,4,44,44,51,43,53,0,-25,-43,20513.172,20514.821,57.26,20740.23,257.940,66.25,"[11,7,12,7,12,6,13,7,12,7,12,7,11,7,11,7,12,7,12,6,13,7,13,6,13,6,13,6,13,6,13,5,13,4,12,4,13,4,13,5,13,5,13,4,12,5,13,3,14,4,14,3,0,0,14,2,14,2,15,2,14,2,15,2,15,2,15,2,15,2,15,2,15,1,16,1,16,2,16,2,17,2,16,2,17,2,17,2,17,2,16,3,15,4,16,4,16,5,16,5,16,5,15,6,15,6,0,0,12,-10,11,-10,11,-11,13,-11,12,-11,12,-11,11,-11,10,-10,10,-10,9,-10,10,-11,10,-11,9,-11,9,-11,9,-10,9,-11,8,-10,7,-9,7,-10,7,-9,7,-9,7,-9,6,-8,5,-8,6,-8,5,-8,0,0,4,-6,4,-6,4,-6,4,-5,4,-5,4,-5,4,-4,3,-3,3,-3,3,-2,3,-2,3,-1,3,-1,4,0,3,1,4,1,3,1,4,2,4,3,4,3,5,4,4,4,5,4,6,5,6,6,6,7,0,0]"
CSI_DATA: 211,5,48,48,51,47,53,0,-35,-20,20516.225,20517.874,111.589,20796.394,314.311,122.396,"[-23,8,-24,9,-21,9,-24,9,-22,8,-23,7,-22,6,-21,5,-21,5,-19,5,-21,5,-20,5,-20,5,-19,5,-20,4,-19,5,-18,4,-16,4,-17,4,-17,3,-17,3,-16,3,-15,2,-15,4,-16,3,-15,4,0,0,-14,4,-13,3,-13,4,-11,4,-12,4,-11,4,-11,3,-10,4,-10,4,-9,4,-9,5,-8,4,-8,5,-8,6,-7,5,-7,7,-7,7,-7,7,-6,8,-7,8,-7,9,-7,9,-7,10,-7,11,-8,11,-9,11,0,0,1,14,1,15,2,14,2,16,2,15,1,16,1,15,1,15,1,15,2,14,2,16,3,15,3,15,3,15,2,15,4,16,4,15,3,14,4,15,3,15,4,16,4,15,3,15,6,15,5,16,6,16,0,0,6,16,5,16,6,16,6,16,6,16,6,17,5,17,6,16,6,17,6,16,7,17,6,16,6,17,6,17,6,17,6,18,6,18,6,19,6,18,5,18,5,20,4,18,4,19,4,19,2,20,2,20,0,0]"
CSI_DATA: 212,6,47,47,50,46,53,0,-34,-18,20519.347,20520.996,157.89,20855.65,372.982,181.67,"[-1,-2,-1,-3,0,-3,0,-4,1,-3,2,-4,2,-4,3,-4,3,-4,3,-5,4,-5,4,-5,5,-5,5,-6,6,-6,6,-6,6,-6,6,-6,7,-7,7,-7,7,-7,7,-7,7,-7,8,-8,8,-8,8,-9,0,0,9,-10,8,-10,9,-11,8,-10,10,-11,9,-11,9,-11,9,-11,10,-12,9,-11,9,-12,9,-12,9,-12,10,-14,9,-12,10,-14,9,-14,10,-15,10,-14,10,-14,11,-14,11,-14,10,-14,10,-15,11,-15,12,-15,0,0,12,3,12,2,13,1,14,2,14,2,14,2,14,2,14,2,14,2,14,1,15,1,15,1,15,0,15,0,15,0,16,-1,15,-2,15,-1,16,-2,16,-2,17,-2,17,-3,17,-3,17,-5,19,-4,19,-6,0,0,18,-6,19,-5,20,-6,19,-7,20,-6,21,-6,21,-6,21,-7,21,-7,21,-7,23,-8,22,-7,22,-6,22,-7,23,-6,24,-7,23,-7,24,-7,24,-6,23,-5,25,-5,24,-4,24,-4,25,-4,25,-3,24,-2,0,0]"
CSI_DATA: 213,3,37,37,52,36,54,0,-20,-30,20906.301,20907.476,11.320,21076.623,221.558,12.623,"[4,-14,4,-14,3,-15,4,-16,4,-15,4,-15,4,-15,4,-15,4,-15,3,-15,4,-17,3,-16,4,-17,3,-16,4,-16,2,-17,2,-16,2,-16,2,-17,3,-17,4,-17,2,-17,3,-16,1,-18,2,-18,1,-18,0,0,1,-18,1,-19,1,-19,1,-19,1,-19,2,-20,2,-20,2,-19,1,-20,2,-19,1,-21,2,-20,2,-20,2,-20,2,-20,2,-21,2,-21,3,-21,3,-20,4,-20,5,-20,4,-19,5,-19,5,-20,6,-19,6,-18,0,0,18,-1,18,-1,18,-2,19,-1,18,0,18,0,18,0,17,0,18,1,17,0,18,0,18,-1,18,-1,18,-1,18,0,19,-1,18,-1,17,-1,18,-1,18,0,18,1,18,0,17,1,18,-2,19,-1,19,-1,0,0,19,-1,19,-1,19,-1,18,-1,18,0,18,0,18,0,17,0,18,0,17,-1,18,-2,17,-1,17,-2,18,-2,17,-2,18,-3,18,-3,18,-3,18,-2,19,-2,20,-2,19,-1,20,-2,20,-3,21,-1,21,0,0,0]"
CSI_DATA: 214,4,45,45,52,44,54,0,-24,-42,20903.182,20904.357,57.50,21128.260,273.195,64.260,"[10,2,11,1,11,0,12,1,11,0,12,0,11,0,11,0,12,1,12,-1,13,-1,12,-1,13,-1,13,-2,13,-1,13,-3,12,-3,12,-3,12,-3,13,-3,13,-3,13,-3,13,-3,13,-5,14,-4,13,-5,0,0,13,-5,14,-6,14,-7,13,-6,15,-6,15,-6,15,-6,15,-6,15,-7,14,-7,16,-8,15,-7,16,-7,16,-7,16,-7,17,-7,17,-7,17,-7,17,-6,17,-5,18,-5,18,-4,18,-3,18,-4,18,-2,18,-2,0,0,0,6,0,6,1,6,-1,8,-1,7,-1,8,-1,8,-1,8,-1,9,-2,9,-1,10,-1,10,-2,10,-2,10,-2,11,-2,12,-2,11,-2,11,-2,12,-3,12,-3,11,-3,12,-4,11,-2,12,-3,12,-2,12,0,0,-2,12,-3,11,-2,12,-2,11,-2,11,-2,11,-2,11,-2,10,-2,10,-2,9,-1,9,-2,9,-1,8,-1,8,0,8,-1,8,0,7,-1,7,0,6,0,6,-1,6,0,5,0,5,0,4,0,4,0,3,0,0]"
CSI_DATA: 215,5,49,49,52,48,54,0,-24,-22,20906.236,20907.411,101.613,21188.188,333.123,124.188,"[-16,8,-16,9,-14,9,-16,9,-15,9,-16,9,-16,8,-15,8,-15,8,-14,8,-16,9,-15,9,-15,9,-14,9,-15,8,-14,10,-14,9,-13,8,-13,9,-14,9,-14,8,-13,9,-13,8,-12,10,-13,10,-13,10,0,0,-12,10,-12,11,-13,11,-12,11,-12,11,-12,11,-12,11,-12,11,-12,11,-12,11,-12,12,-12,11,-12,10,-12,11,-12,10,-13,11,-13,11,-13,11,-13,10,-13,10,-13,9,-13,9,-13,9,-13,9,-14,8,-14,8,0,0,10,9,10,10,11,9,12,10,11,10,11,10,11,10,10,9,10,10,10,9,12,9,12,8,13,9,12,8,12,9,13,8,13,8,12,8,13,8,13,9,12,10,13,9,12,9,14,7,14,8,14,8,0,0,14,8,14,7,15,7,14,7,15,8,14,8,14,8,14,8,14,7,14,7,16,7,14,7,15,6,15,7,15,7,16,7,16,7,16,8,15,8,15,9,15,9,15,9,15,9,16,9,15,11,14,12,0,0]"
CSI_DATA: 216,6,48,48,51,47,54,0,-30,-16,20909.358,20910.533,157.01,21250.952,395.887,186.952,"[-7,-5,-7,-5,-8,-4,-8,-5,-9,-4,-9,-4,-9,-4,-9,-4,-9,-4,-10,-3,-11,-4,-11,-4,-11,-3,-11,-4,-11,-4,-11,-3,-11,-3,-11,-3,-12,-2,-12,-3,-13,-4,-13,-3,-12,-4,-13,-3,-14,-4,-14,-3,0,0,-14,-3,-15,-4,-15,-4,-15,-4,-15,-4,-15,-4,-15,-5,-15,-5,-15,-5,-14,-5,-15,-5,-14,-6,-14,-5,-14,-5,-14,-5,-14,-5,-15,-5,-13,-6,-14,-5,-13,-6,-13,-6,-13,-5,-13,-6,-14,-6,-13,-6,-14,-6,0,0,-3,-15,-4,-16,-5,-15,-4,-17,-4,-16,-4,-17,-4,-17,-3,-17,-4,-17,-4,-16,-4,-18,-5,-18,-5,-18,-6,-17,-5,-18,-7,-18,-7,-16,-7,-16,-8,-17,-8,-17,-7,-18,-8,-18,-7,-17,-10,-16,-10,-18,-12,-18,0,0,-11,-18,-12,-18,-13,-19,-12,-18,-13,-19,-12,-19,-13,-20,-12,-19,-13,-20,-14,-19,-15,-20,-13,-20,-14,-20,-14,-21,-14,-21,-15,-22,-14,-21,-14,-22,-13,-23,-13,-23,-12,-24,-11,-23,-12,-24,-12,-23,-11,-25,-10,-25,0,0]"
CSI_DATA: 217,7,45,45,47,45,54,0,-28,-17,20824.292,20825.467,201.355,21326.70,471.05,262.70,"[-12,-3,-13,-3,-12,-2,-13,-4,-12,-3,-12,-3,-12,-3,-12,-2,-12,-3,-12,-2,-13,-2,-12,-2,-12,-3,-12,-2,-12,-3,-12,-2,-11,-2,-11,-2,-11,-2,-11,-2,-10,-2,-10,-1,-10,-1,-10,0,-11,0,-11,1,0,0,-10,1,-11,1,-11,2,-10,3,-11,2,-12,3,-11,3,-11,3,-11,4,-12,4,-13,5,-12,4,-13,4,-13,4,-14,5,-14,5,-15,6,-15,5,-16,4,-16,4,-17,3,-17,3,-17,2,-18,3,-18,2,-18,1,0,0,17,-8,18,-8,16,-8,19,-8,18,-7,18,-7,17,-7,17,-6,17,-6,16,-6,17,-7,16,-7,15,-7,14,-7,15,-6,14,-9,13,-9,13,-9,13,-10,14,-9,15,-9,14,-10,14,-9,13,-11,15,-11,15,-12,0,0,15,-12,15,-12,16,-12,15,-12,16,-11,16,-11,16,-10,16,-10,16,-11,15,-10,16,-12,15,-10,15,-10,16,-10,15,-9,16,-10,15,-10,15,-9,15,-9,15,-8,15,-8,15,-7,15,-7,15,-8,15,-7,15,-6,0,0]"
CSI_DATA: 218,3,38,38,53,37,55,0,-21,-30,21297.852,21307.456,21.296,21476.715,150.645,22.716,"[-9,-9,-10,-9,-10,-8,-11,-10,-11,-9,-10,-9,-11,-9,-11,-9,-11,-10,-11,-9,-12,-10,-13,-9,-13,-10,-13,-9,-13,-10,-14,-9,-13,-9,-13,-9,-14,-9,-14,-10,-14,-10,-15,-9,-14,-10,-16,-8,-16,-10,-16,-9,0,0,-16,-9,-17,-10,-17,-9,-17,-9,-17,-10,-18,-10,-17,-10,-17,-9,-18,-10,-17,-10,-19,-10,-18,-10,-18,-10,-19,-11,-18,-11,-19,-11,-19,-11,-19,-11,-18,-12,-17,-12,-18,-13,-17,-13,-18,-13,-18,-13,-17,-14,-17,-15,0,0,0,18,0,18,1,17,-1,19,-1,18,-1,18,-2,18,-2,18,-3,18,-2,16,-2,18,-1,18,-1,18,-2,17,-3,17,-1,18,-1,17,-2,16,-1,17,-2,17,-3,17,-2,17,-3,17,0,17,-2,18,-1,19,0,0,-2,17,-2,17,-2,18,-2,17,-2,17,-3,17,-3,17,-3,16,-4,16,-3,15,-3,16,-3,14,-3,14,-3,14,-3,13,-3,13,-2,12,-3,12,-3,11,-2,11,-2,11,-2,10,-2,10,-1,10,-1,10,-1,9,0,0]"
CSI_DATA: 219,5,50,50,53,49,55,0,-24,-25,21297.788,21307.392,111.610,21566.993,240.923,112.994,"[-5,16,-4,16,-3,16,-4,17,-4,17,-4,17,-4,16,-4,16,-4,17,-3,16,-3,18,-2,17,-2,18,-2,17,-3,17,-2,18,-2,17,-2,17,-1,18,-2,18,-2,18,-1,18,-2,17,1,18,-1,19,1,19,0,0,0,19,0,19,1,20,1,19,0,20,0,20,0,20,0,19,0,20,1,19,1,21,0,20,0,20,-1,21,0,20,0,21,0,21,-1,21,-1,20,-2,19,-4,20,-3,19,-3,19,-3,19,-4,19,-4,19,0,0,-12,10,-12,10,-11,10,-13,11,-12,11,-12,11,-12,11,-11,11,-11,11,-11,11,-11,12,-10,13,-10,13,-10,13,-11,13,-10,15,-9,14,-9,13,-9,15,-10,15,-10,15,-10,15,-10,15,-8,16,-10,17,-9,18,0,0,-9,17,-10,17,-10,18,-9,18,-10,18,-11,18,-11,18,-10,17,-10,18,-10,18,-10,19,-10,18,-11,17,-11,18,-11,18,-11,19,-11,18,-12,18,-12,18,-12,17,-13,17,-13,16,-13,17,-13,17,-14,16,-15,16,0,0]"
CSI_DATA: 220,6,49,49,52,48,55,0,-24,-16,21300.910,21310.514,167.109,21622.647,296.577,168.648,"[2,-11,2,-11,1,-11,2,-13,1,-12,1,-13,1,-12,1,-12,1,-13,0,-13,0,-14,-1,-14,0,-15,0,-15,0,-15,-1,-16,-1,-15,-1,-15,-2,-16,-1,-16,0,-16,-1,-17,-1,-16,-2,-17,-1,-18,-3,-17,0,0,-2,-17,-2,-18,-2,-19,-2,-18,-2,-18,-2,-19,-1,-19,-1,-18,-2,-18,-2,-18,-3,-19,-2,-19,-2,-19,-2,-19,-2,-18,-2,-19,-1,-19,-2,-18,-1,-18,-1,-18,0,-19,0,-19,0,-19,0,-20,1,-19,1,-19,0,0,-15,0,-16,0,-15,1,-17,0,-16,1,-17,0,-17,1,-16,1,-17,1,-16,1,-18,2,-17,2,-17,2,-16,3,-17,2,-17,4,-16,4,-16,4,-16,5,-17,5,-17,5,-17,6,-17,6,-17,8,-18,8,-18,9,0,0,-18,9,-19,9,-19,10,-18,10,-19,10,-20,10,-20,10,-20,10,-21,10,-20,11,-21,12,-21,11,-21,10,-22,10,-22,10,-23,11,-22,10,-23,10,-23,10,-23,9,-24,8,-23,7,-24,7,-23,8,-24,6,-24,5,0,0]"
CSI_DATA: 221,7,46,46,48,46,55,0,-26,-21,21215.845,21225.449,211.349,21691.409,365.339,237.410,"[13,4,13,4,13,3,14,4,13,4,13,4,12,4,12,4,12,4,12,4,13,4,12,3,13,3,12,3,12,4,12,2,12,2,11,2,11,2,11,3,11,3,11,2,10,2,11,0,12,0,12,0,0,0,12,-1,12,-1,12,-2,12,-2,12,-2,13,-2,13,-2,13,-2,13,-3,13,-3,15,-4,14,-3,14,-3,15,-4,15,-4,16,-4,16,-4,16,-4,17,-3,17,-3,18,-2,18,-2,18,-2,19,-3,19,-1,20,0,0,0,15,10,15,11,16,10,16,12,15,11,15,12,14,12,14,12,13,12,12,11,13,12,12,11,12,10,11,9,10,9,12,7,11,6,11,6,12,6,12,6,12,6,13,5,12,6,14,4,14,5,15,4,0,0,15,4,15,5,15,5,15,4,15,5,15,6,15,6,15,5,15,5,14,5,16,5,14,5,14,5,14,6,14,6,14,6,14,5,13,6,13,6,12,6,12,6,12,6,12,6,12,5,11,6,11,6,0,0]"
CSI_DATA: 222,3,39,39,54,38,56,0,-22,-26,21686.279,21687.503,11.319,21856.676,165.267,12.677,"[-4,-12,-5,-12,-6,-12,-5,-13,-6,-13,-6,-12,-6,-12,-6,-12,-6,-12,-6,-12,-7,-13,-7,-12,-7,-13,-7,-12,-7,-13,-8,-12,-8,-11,-8,-11,-9,-11,-9,-12,-9,-12,-9,-12,-9,-12,-10,-11,-11,-13,-11,-12,0,0,-11,-12,-12,-12,-12,-12,-12,-11,-12,-12,-13,-12,-13,-13,-13,-12,-13,-13,-13,-12,-14,-13,-13,-13,-14,-13,-14,-14,-13,-14,-14,-14,-15,-14,-14,-14,-14,-15,-13,-15,-12,-16,-12,-16,-12,-16,-13,-16,-11,-17,-11,-17,0,0,-10,-14,-11,-14,-11,-13,-11,-15,-11,-15,-11,-15,-12,-15,-10,-15,-11,-15,-11,-15,-12,-16,-12,-15,-13,-15,-12,-15,-11,-15,-14,-15,-13,-14,-12,-15,-13,-14,-13,-15,-12,-16,-13,-15,-12,-16,-14,-14,-14,-16,-15,-16,0,0,-15,-15,-15,-15,-15,-15,-15,-15,-14,-16,-14,-16,-14,-16,-13,-16,-14,-16,-13,-15,-14,-16,-11,-15,-12,-15,-11,-15,-12,-15,-12,-14,-12,-15,-11,-14,-10,-14,-10,-13,-9,-13,-9,-12,-8,-12,-9,-12,-8,-11,-8,-11,0,0]"
CSI_DATA: 223,4,46,46,54,45,56,0,-25,-36,21683.162,21684.387,56.902,21925.413,234.04,81.414,"[2,12,3,12,4,11,4,13,3,12,3,12,3,12,3,12,3,12,4,11,4,12,5,12,5,12,5,12,4,12,5,12,5,11,5,11,6,11,5,11,5,11,6,11,5,11,7,10,7,11,7,11,0,0,7,11,7,10,8,11,8,10,8,11,8,11,8,12,8,11,8,11,8,11,9,11,8,11,8,12,8,12,7,12,8,13,8,13,7,12,7,13,6,13,6,14,5,13,4,14,5,13,3,14,3,13,0,0,-7,-19,-8,-19,-8,-18,-8,-20,-7,-19,-7,-20,-7,-20,-6,-19,-7,-20,-6,-19,-7,-21,-7,-20,-6,-21,-6,-20,-5,-20,-7,-21,-6,-19,-5,-19,-5,-19,-4,-19,-3,-19,-4,-18,-2,-18,-4,-17,-3,-18,-4,-17,0,0,-4,-16,-3,-15,-3,-15,-4,-14,-3,-13,-3,-13,-2,-13,-3,-11,-3,-11,-3,-10,-4,-10,-3,-9,-3,-8,-4,-8,-4,-7,-5,-7,-6,-6,-6,-6,-6,-6,-6,-6,-6,-6,-7,-6,-7,-5,-8,-5,-8,-5,-7,-5,0,0]"
CSI_DATA: 224,5,51,51,54,50,56,0,-22,-34,21686.215,21687.440,101.584,21988.274,296.865,144.275,"[12,-12,13,-13,11,-14,13,-14,12,-13,12,-13,12,-13,12,-13,12,-13,11,-13,11,-14,11,-14,11,-15,11,-15,11,-14,11,-15,10,-15,10,-14,10,-15,10,-15,10,-15,10,-16,10,-15,8,-16,10,-17,9,-18,0,0,9,-17,9,-18,9,-18,8,-17,9,-17,9,-18,10,-18,9,-18,10,-18,9,-18,9,-20,10,-18,10,-18,11,-19,10,-18,11,-19,10,-19,11,-18,12,-18,12,-17,13,-17,13,-16,13,-16,12,-16,14,-14,14,-14,0,0,-19,-5,-19,-4,-19,-4,-20,-5,-19,-5,-19,-5,-19,-5,-18,-4,-18,-5,-18,-5,-19,-5,-18,-4,-19,-5,-18,-5,-18,-5,-19,-4,-18,-4,-17,-4,-17,-4,-17,-5,-17,-5,-17,-4,-15,-5,-16,-3,-17,-5,-17,-4,0,0,-16,-3,-17,-4,-17,-3,-16,-3,-15,-3,-16,-4,-16,-4,-15,-3,-15,-3,-14,-3,-15,-3,-14,-4,-14,-4,-14,-3,-14,-3,-14,-2,-14,-2,-14,-2,-14,-3,-13,-3,-13,-3,-13,-3,-13,-4,-13,-3,-12,-4,-13,-4,0,0]"
CSI_DATA: 225,6,50,50,53,49,56,0,-21,-22,21689.338,21690.563,156.967,22060.767,369.358,216.768,"[5,9,6,9,6,9,7,10,6,9,7,9,7,9,7,9,7,9,8,8,8,9,8,8,9,8,9,8,9,9,10,8,10,7,10,7,10,7,10,8,10,8,11,8,10,8,12,7,12,8,13,7,0,0,13,8,13,8,13,8,13,7,13,8,14,9,14,9,14,8,14,9,14,8,15,9,14,9,14,10,14,10,13,10,14,10,14,10,14,10,14,10,13,11,13,12,12,12,12,12,12,11,12,12,12,13,0,0,-6,18,-5,18,-4,19,-6,19,-6,19,-6,18,-6,19,-6,18,-6,18,-6,17,-7,19,-6,18,-6,18,-6,17,-6,16,-4,18,-4,16,-4,17,-3,17,-4,17,-4,17,-3,17,-4,16,-1,17,-3,18,-1,18,0,0,-1,17,-1,18,-1,18,0,18,-1,18,-1,19,-1,19,-1,18,-1,19,-1,18,0,20,-1,18,-1,18,-1,18,-1,19,-1,19,-1,19,-1,19,-2,19,-2,18,-2,18,-2,17,-3,18,-3,18,-4,18,-4,17,0,0]"
CSI_DATA: 226,7,47,47,49,47,56,0,-21,-20,21604.273,21605.498,201.323,22120.341,428.932,276.342,"[0,16,0,16,1,15,0,17,0,16,-1,15,-1,15,-1,14,-1,15,0,14,-1,15,0,14,0,14,0,14,-1,14,1,13,1,12,1,12,1,12,1,12,1,12,2,12,1,11,3,11,3,12,3,12,0,0,4,12,4,12,5,12,5,11,5,12,5,12,5,12,6,12,6,12,6,12,7,13,6,13,7,13,7,14,7,13,8,14,8,15,8,15,7,15,7,15,6,17,6,17,6,18,6,18,4,19,4,19,0,0,1,-18,1,-18,0,-17,1,-19,1,-17,1,-18,2,-17,2,-16,2,-16,2,-15,2,-16,1,-15,1,-15,0,-14,0,-14,-2,-15,-2,-14,-2,-14,-3,-14,-2,-15,-2,-15,-3,-15,-2,-15,-4,-15,-3,-16,-4,-17,0,0,-3,-16,-4,-16,-4,-17,-4,-16,-3,-17,-3,-17,-3,-17,-2,-16,-3,-16,-2,-16,-3,-17,-2,-16,-3,-16,-2,-16,-3,-16,-3,-17,-3,-16,-2,-16,-2,-16,-1,-16,-1,-16,-1,-15,0,-15,-1,-16,0,-16,1,-16,0,0]"
CSI_DATA: 227,3,40,40,55,39,57,0,-22,-19,22078.368,22087.481,21.342,22256.722,136.381,22.722,"[10,-10,9,-11,9,-11,10,-12,9,-11,9,-11,9,-11,9,-11,9,-11,8,-11,9,-12,8,-12,9,-13,9,-12,9,-12,8,-13,7,-13,8,-12,7,-13,8,-13,8,-13,7,-13,7,-13,6,-14,7,-14,7,-15,0,0,6,-15,7,-15,6,-17,6,-15,7,-16,7,-16,7,-16,7,-16,7,-17,7,-16,7,-18,8,-17,7,-17,8,-18,7,-17,8,-19,8,-18,9,-19,9,-18,10,-18,11,-18,11,-17,12,-17,12,-18,13,-17,13,-16,0,0,-11,8,-11,9,-10,9,-11,10,-11,9,-11,10,-10,9,-10,9,-10,10,-9,10,-10,11,-9,11,-9,11,-9,11,-9,11,-8,12,-8,12,-8,11,-7,13,-8,12,-8,12,-8,13,-7,12,-6,14,-7,14,-6,15,0,0,-6,15,-6,15,-6,17,-5,16,-6,17,-6,17,-6,17,-6,17,-6,18,-5,18,-5,20,-6,18,-6,19,-7,20,-7,20,-7,21,-7,20,-8,21,-9,20,-9,20,-11,20,-11,19,-11,19,-11,20,-13,19,-14,19,0,0]"
CSI_DATA: 228,4,47,47,55,46,57,0,-23,-26,22075.252,22084.366,67.64,22311.626,191.285,77.626,"[-9,-11,-10,-11,-10,-9,-11,-11,-11,-10,-11,-11,-11,-10,-11,-10,-11,-10,-11,-9,-12,-10,-12,-9,-13,-9,-12,-9,-12,-10,-13,-8,-13,-8,-12,-8,-13,-7,-13,-8,-13,-8,-13,-7,-12,-8,-14,-6,-15,-7,-15,-7,0,0,-15,-6,-15,-6,-16,-6,-15,-6,-16,-6,-17,-6,-16,-6,-16,-6,-16,-6,-16,-6,-18,-6,-17,-6,-17,-7,-18,-7,-16,-7,-18,-8,-18,-8,-18,-8,-17,-9,-16,-9,-16,-10,-16,-10,-15,-11,-17,-11,-15,-12,-14,-12,0,0,-3,16,-3,16,-2,16,-3,17,-4,16,-3,15,-3,15,-3,14,-3,15,-3,14,-3,15,-2,15,-2,15,-2,14,-3,13,-1,14,-1,13,-2,13,-1,13,-2,13,-2,13,-1,13,-1,12,1,13,0,13,1,14,0,0,2,13,1,13,2,13,2,13,2,14,2,14,2,14,2,14,2,14,3,14,3,15,2,14,2,15,3,15,3,16,3,16,3,16,3,17,2,17,1,17,1,17,0,16,0,17,0,17,-1,17,-1,18,0,0]"
CSI_DATA: 229,5,52,52,55,51,57,0,-21,-26,22078.305,22087.419,111.628,22379.146,258.805,145.146,"[4,15,4,15,5,15,5,17,5,16,5,16,5,15,5,15,5,15,5,15,6,16,7,15,7,16,6,15,6,16,8,15,8,14,7,14,8,15,8,15,7,15,8,15,7,15,10,14,9,16,10,15,0,0,10,15,10,15,11,16,11,14,11,16,11,16,11,16,11,16,11,16,11,15,13,16,12,17,11,17,12,17,11,17,12,18,12,18,12,18,10,19,10,18,9,19,9,19,8,20,9,20,7,20,6,20,0,0,0,15,0,15,1,14,0,16,0,15,0,15,1,15,0,14,0,15,0,14,1,16,1,15,1,15,1,15,1,15,2,16,2,15,1,15,2,15,2,15,2,16,2,15,1,15,4,15,3,16,4,16,0,0,4,16,3,16,4,17,4,16,4,16,4,17,4,17,4,16,4,17,4,17,5,18,4,17,4,17,4,18,4,18,5,19,4,18,4,19,3,19,3,19,2,19,2,18,2,19,2,19,0,20,0,20,0,0]"
CSI_DATA: 230,3,41,41,56,40,58,0,-24,-21,22466.286,22467.445,11.275,22637.808,258.662,13.808,"[5,10,5,10,6,9,6,10,6,10,6,10,6,9,6,9,6,9,6,9,7,9,7,9,8,9,8,8,7,9,8,8,8,7,8,7,9,7,9,8,9,8,9,7,8,7,10,6,11,7,11,7,0,0,11,6,12,6,12,6,12,6,13,6,13,6,14,6,13,6,14,6,14,6,16,5,15,6,15,6,16,6,16,6,17,6,18,7,18,7,17,8,17,9,18,10,17,10,18,11,19,11,17,13,17,13,0,0,-1,17,-1,17,1,17,-1,18,-1,17,-1,17,0,17,0,17,-1,17,0,16,0,18,0,17,0,17,0,17,0,17,1,17,1,16,1,16,2,16,1,16,1,16,2,16,1,15,3,15,2,16,3,16,0,0,4,16,4,16,5,16,5,15,4,16,4,16,4,16,5,16,5,16,5,16,6,17,5,16,5,16,6,17,6,17,6,18,6,18,6,18,5,18,4,18,4,19,4,18,3,19,3,19,2,20,1,20,0,0]"
CSI_DATA: 231,4,48,48,56,47,58,0,-26,-24,22463.171,22464.331,57.37,22682.449,303.303,58.449,"[-11,-6,-11,-6,-11,-5,-12,-6,-12,-6,-12,-6,-12,-6,-12,-5,-12,-5,-12,-4,-13,-5,-12,-4,-13,-4,-13,-4,-13,-5,-13,-3,-12,-3,-12,-3,-13,-3,-13,-3,-13,-3,-13,-2,-12,-3,-13,-1,-14,-2,-14,-1,0,0,-13,-1,-14,0,-15,0,-13,0,-15,0,-15,0,-15,0,-15,0,-15,0,-15,0,-16,1,-16,0,-16,0,-17,0,-15,0,-17,0,-17,-1,-17,-1,-17,-2,-16,-2,-16,-3,-16,-4,-16,-4,-16,-4,-15,-5,-15,-5,0,0,-7,0,-7,0,-6,0,-7,0,-6,0,-7,0,-6,0,-6,0,-6,0,-6,0,-6,0,-6,0,-6,0,-6,0,-6,0,-6,1,-6,1,-5,0,-6,1,-6,1,-6,1,-6,1,-5,1,-5,2,-6,1,-6,2,0,0,-6,2,-6,2,-6,2,-6,2,-6,2,-6,2,-6,2,-6,2,-6,2,-6,2,-6,3,-6,2,-6,2,-7,3,-7,3,-7,3,-7,3,-7,2,-7,2,-7,2,-7,2,-7,2,-7,2,-7,2,-8,1,-8,1,0,0]"
CSI_DATA: 232,5,53,53,56,52,58,0,-28,-25,22466.224,22467.383,101.510,22744.251,365.105,120.251,"[16,4,16,4,16,3,17,4,16,4,15,4,15,4,14,4,14,4,14,3,15,4,15,3,15,3,15,3,14,4,15,3,14,2,14,3,15,3,15,3,15,4,15,3,13,3,14,2,15,3,15,2,0,0,14,2,14,2,15,2,14,1,14,2,14,2,14,2,14,2,14,2,14,1,15,1,14,2,14,2,14,2,14,1,15,1,15,2,14,2,14,2,14,2,14,3,13,4,13,4,14,3,13,4,13,4,0,0,-16,-9,-17,-9,-16,-8,-17,-9,-16,-9,-17,-9,-17,-9,-17,-9,-17,-9,-16,-8,-18,-9,-18,-9,-18,-8,-18,-8,-18,-9,-18,-8,-18,-8,-17,-7,-18,-7,-18,-9,-18,-9,-18,-8,-17,-8,-18,-7,-19,-8,-20,-7,0,0,-19,-7,-19,-7,-21,-7,-19,-6,-19,-7,-20,-7,-20,-7,-19,-7,-20,-7,-20,-6,-21,-7,-20,-7,-20,-7,-22,-8,-20,-8,-22,-8,-21,-7,-22,-8,-21,-9,-20,-9,-21,-10,-20,-10,-20,-11,-21,-10,-20,-12,-20,-13,0,0]"
CSI_DATA: 233,6,51,51,55,50,58,0,-22,-27,22469.347,22470.507,156.998,22809.186,430.40,185.186,"[9,-5,9,-5,9,-6,11,-6,10,-6,10,-6,10,-7,10,-7,10,-7,10,-8,11,-8,10,-9,11,-9,11,-9,11,-9,10,-11,10,-10,10,-10,10,-11,11,-11,11,-11,11,-12,11,-11,10,-13,12,-13,11,-14,0,0,11,-14,12,-14,11,-15,11,-14,12,-15,12,-15,13,-15,12,-15,13,-15,12,-15,13,-16,13,-15,13,-15,14,-15,13,-15,14,-16,14,-15,14,-15,15,-14,15,-13,16,-13,15,-13,16,-12,16,-13,17,-11,16,-11,0,0,7,-14,8,-14,7,-15,9,-15,8,-15,8,-14,8,-14,8,-14,9,-14,8,-14,9,-15,8,-16,8,-16,7,-15,9,-15,7,-17,6,-16,6,-15,6,-17,6,-17,7,-17,6,-17,6,-17,4,-18,5,-19,4,-20,0,0,4,-20,4,-20,3,-21,3,-20,3,-21,4,-21,4,-22,3,-21,3,-22,2,-22,2,-24,2,-23,3,-23,3,-24,3,-24,3,-25,3,-24,3,-25,4,-25,5,-24,6,-25,6,-24,6,-25,6,-25,7,-25,8,-24,0,0]"
CSI_DATA: 234,7,48,48,50,48,58,0,-26,-24,22384.284,22385.443,201.458,22876.454,497.308,252.454,"[-3,-15,-4,-15,-4,-14,-4,-15,-3,-14,-4,-13,-4,-14,-3,-13,-3,-13,-3,-12,-3,-13,-4,-12,-4,-12,-4,-11,-4,-11,-6,-10,-5,-9,-5,-9,-6,-9,-6,-10,-6,-10,-6,-8,-6,-9,-8,-8,-8,-9,-8,-8,0,0,-9,-8,-10,-8,-10,-8,-10,-7,-10,-8,-11,-8,-11,-7,-11,-7,-12,-7,-12,-7,-13,-7,-13,-8,-14,-8,-14,-8,-14,-8,-16,-8,-16,-9,-15,-9,-16,-10,-15,-10,-15,-12,-15,-12,-16,-12,-16,-13,-15,-14,-15,-15,0,0,-11,-9,-11,-9,-12,-8,-13,-10,-12,-9,-13,-9,-13,-9,-12,-9,-13,-10,-13,-9,-14,-10,-15,-10,-14,-10,-14,-10,-13,-10,-14,-9,-14,-8,-14,-8,-15,-7,-15,-8,-14,-8,-16,-6,-15,-7,-16,-5,-17,-6,-18,-6,0,0,-18,-5,-19,-5,-20,-5,-20,-4,-20,-5,-21,-4,-21,-5,-20,-5,-21,-4,-21,-5,-23,-5,-21,-5,-22,-5,-23,-5,-22,-5,-24,-5,-23,-5,-23,-6,-23,-6,-22,-7,-22,-8,-21,-8,-21,-8,-21,-8,-21,-9,-21,-10,0,0]"
CSI_DATA: 235,3,42,42,57,41,59,0,-22,-25,22856.281,22857.476,11.353,23026.695,150.241,12.695,"[-13,3,-13,3,-12,4,-14,4,-13,4,-13,4,-13,4,-13,4,-13,4,-13,5,-14,5,-13,6,-13,6,-13,6,-13,6,-13,7,-12,7,-12,7,-13,8,-13,8,-13,8,-13,9,-13,8,-12,10,-14,10,-13,11,0,0,-13,11,-13,11,-13,12,-13,12,-14,12,-14,13,-14,13,-14,13,-14,13,-14,13,-15,15,-15,14,-15,14,-16,15,-16,14,-16,16,-17,15,-17,15,-18,15,-17,14,-19,13,-19,13,-20,13,-20,13,-21,12,-21,11,0,0,-15,-1,-15,-1,-15,0,-17,-1,-15,0,-16,-1,-16,0,-15,0,-16,0,-14,0,-16,0,-16,1,-16,1,-15,1,-15,1,-16,2,-15,2,-15,2,-15,3,-15,3,-15,2,-15,3,-14,2,-14,5,-15,4,-15,6,0,0,-15,6,-15,7,-15,7,-15,7,-15,7,-16,8,-15,8,-15,8,-16,9,-16,8,-16,10,-16,9,-16,9,-17,10,-17,10,-18,11,-18,10,-19,10,-19,10,-19,9,-20,8,-19,8,-20,7,-20,8,-21,6,-21,5,0,0]"
CSI_DATA: 236,4,49,49,57,48,59,0,-26,-24,22853.167,22854.363,57.77,23083.311,206.857,69.311,"[-3,11,-2,11,-2,11,-2,12,-2,12,-2,12,-2,11,-1,11,-1,12,-1,11,-1,12,0,12,0,12,0,12,-1,12,0,13,0,11,1,11,1,12,1,12,1,12,1,12,1,12,3,12,2,13,3,13,0,0,3,12,3,13,4,13,4,13,4,13,4,14,5,14,4,14,5,14,5,14,5,14,4,14,4,15,4,15,4,15,5,15,4,16,4,15,3,15,3,15,2,16,2,15,1,16,1,16,0,15,0,15,0,0,-19,1,-19,2,-19,3,-20,2,-19,2,-19,1,-19,2,-18,1,-19,2,-18,2,-20,2,-19,2,-19,2,-19,3,-18,1,-19,4,-18,3,-17,3,-17,4,-18,3,-18,3,-17,4,-16,3,-16,6,-17,5,-17,6,0,0,-17,6,-17,7,-17,7,-16,8,-17,8,-17,8,-17,8,-17,8,-17,9,-17,9,-18,10,-18,9,-18,9,-18,10,-19,10,-20,11,-21,11,-21,10,-21,9,-21,9,-22,8,-21,7,-23,7,-23,7,-23,5,-24,4,0,0]"
CSI_DATA: 237,5,54,54,57,53,59,0,-27,-20,22856.220,22857.415,101.642,23144.509,268.55,130.509,"[-19,3,-19,2,-19,4,-20,2,-20,2,-19,2,-19,2,-19,1,-19,1,-18,2,-20,2,-19,2,-20,2,-19,2,-19,1,-19,2,-18,2,-18,2,-18,2,-18,2,-18,1,-18,2,-17,1,-18,3,-19,2,-18,3,0,0,-17,3,-18,3,-18,3,-17,3,-17,3,-17,3,-17,3,-17,3,-17,4,-16,4,-17,4,-16,3,-17,3,-17,4,-17,3,-17,4,-18,4,-17,4,-17,4,-17,3,-17,3,-18,3,-18,2,-18,3,-19,2,-18,1,0,0,-3,15,-3,15,-2,15,-2,16,-2,16,-2,16,-2,16,-2,15,-2,16,-1,16,-1,17,-1,17,0,18,0,17,-1,17,1,18,1,17,1,17,2,17,1,18,1,18,2,18,1,18,3,18,2,19,4,19,0,0,4,19,5,19,5,19,6,19,5,20,5,20,6,20,5,20,6,20,6,20,7,22,6,21,6,21,6,22,6,22,7,23,7,23,6,23,5,23,5,23,4,24,4,23,3,24,3,24,1,25,0,25,0,0]"
CSI_DATA: 238,6,52,52,56,51,59,0,-25,-21,22859.343,22860.539,157.44,23205.544,329.90,191.544,"[-9,5,-9,5,-8,6,-9,6,-9,7,-9,6,-9,7,-9,7,-9,7,-9,8,-9,8,-9,8,-9,8,-9,8,-9,8,-9,10,-8,9,-9,9,-8,10,-9,10,-9,10,-9,10,-9,10,-8,11,-9,11,-8,12,0,0,-8,12,-9,12,-8,13,-8,13,-8,13,-9,13,-9,13,-9,13,-9,13,-8,14,-9,14,-9,13,-9,14,-9,14,-9,14,-9,14,-9,15,-10,14,-10,14,-10,13,-11,13,-11,13,-11,13,-11,13,-12,12,-12,12,0,0,-17,-2,-17,-1,-17,0,-18,-1,-17,-1,-18,-1,-17,-1,-17,-1,-18,0,-16,0,-18,0,-18,0,-18,0,-17,1,-18,0,-18,2,-17,3,-17,2,-17,3,-18,3,-18,3,-17,4,-17,3,-17,5,-19,5,-18,6,0,0,-18,7,-18,7,-19,8,-18,8,-19,8,-19,8,-19,8,-19,8,-20,9,-20,9,-21,9,-21,8,-21,8,-22,9,-21,9,-22,9,-22,9,-23,9,-23,8,-23,7,-24,6,-23,5,-24,5,-24,5,-25,2,-24,2,0,0]"
CSI_DATA: 239,7,49,49,51,49,59,0,-21,-24,22774.280,22775.476,201.390,23269.667,393.213,255.667,"[-4,16,-4,15,-3,16,-4,16,-4,16,-4,15,-4,15,-4,15,-4,15,-4,15,-5,15,-4,15,-4,15,-4,15,-4,14,-3,15,-3,13,-3,14,-2,14,-3,14,-3,14,-2,14,-3,13,-1,14,-2,15,-1,14,0,0,-1,14,-1,15,0,15,0,14,0,15,0,15,0,15,0,15,0,15,0,15,1,16,0,15,0,15,0,15,1,16,1,16,0,17,0,17,0,17,0,17,-1,17,-1,17,-2,18,-1,18,-3,18,-3,18,0,0,-15,10,-15,10,-14,11,-16,11,-15,10,-15,10,-15,10,-14,9,-14,10,-13,9,-14,10,-13,10,-12,10,-12,10,-11,10,-10,12,-9,11,-9,12,-8,13,-9,13,-10,14,-9,15,-9,14,-8,16,-9,16,-9,17,0,0,-8,17,-8,18,-9,18,-9,19,-9,18,-10,19,-10,19,-10,18,-10,20,-10,19,-10,20,-11,18,-11,18,-11,19,-11,20,-11,20,-11,20,-12,19,-12,18,-12,18,-13,17,-13,16,-14,16,-13,17,-15,15,-14,14,0,0]"
CSI_DATA: 240,3,43,43,58,42,60,0,-22,-24,23246.269,23247.452,11.350,23416.777,147.110,12.778,"[13,-2,13,-2,13,-4,14,-3,13,-3,14,-3,13,-3,13,-3,13,-3,13,-4,14,-4,13,-5,13,-5,13,-5,14,-4,13,-6,13,-6,12,-5,13,-6,13,-6,13,-6,13,-6,13,-6,13,-8,14,-8,13,-8,0,0,13,-9,14,-8,14,-10,13,-9,14,-9,15,-9,15,-9,15,-9,15,-10,14,-9,15,-11,15,-10,15,-10,16,-10,15,-9,16,-10,16,-10,17,-10,17,-9,17,-8,18,-8,18,-7,18,-7,18,-8,18,-6,19,-6,0,0,-6,12,-6,13,-5,12,-6,13,-5,12,-6,13,-6,12,-6,12,-6,12,-5,12,-5,14,-4,14,-4,14,-4,14,-5,14,-3,14,-3,14,-3,13,-3,15,-4,14,-4,14,-3,15,-3,14,-1,15,-2,16,-1,17,0,0,-1,16,-1,17,-1,17,-1,16,-1,17,-2,18,-2,18,-2,18,-1,18,0,18,0,19,0,18,-1,19,-1,20,-1,19,-1,21,-1,20,-1,21,-3,21,-3,21,-4,21,-5,20,-5,21,-5,22,-7,21,-7,21,0,0]"
CSI_DATA: 241,4,50,50,58,49,60,0,-26,-27,23243.156,23244.340,57.89,23470.525,200.858,66.526,"[13,0,14,0,13,-1,15,0,13,-1,14,0,13,0,13,0,13,0,12,-1,13,-1,13,-1,13,-1,13,-1,13,0,12,-2,12,-2,11,-2,12,-2,12,-1,12,-1,11,-1,11,-1,11,-3,12,-3,11,-3,0,0,11,-3,11,-3,12,-4,10,-4,12,-3,12,-3,12,-3,11,-3,11,-4,11,-4,11,-5,11,-4,11,-4,12,-4,11,-4,12,-4,12,-4,12,-4,12,-3,12,-3,12,-2,12,-2,12,-2,12,-3,12,-1,12,-1,0,0,-18,6,-19,6,-17,7,-20,7,-19,6,-19,6,-18,5,-18,5,-18,5,-17,6,-18,7,-17,7,-18,7,-18,7,-18,5,-17,6,-16,6,-16,5,-16,7,-17,5,-17,5,-16,6,-15,5,-15,8,-15,7,-15,8,0,0,-15,7,-14,7,-15,8,-13,8,-14,8,-14,9,-14,8,-14,9,-14,9,-13,10,-14,11,-14,10,-14,11,-15,11,-14,10,-15,11,-15,12,-16,12,-17,11,-17,10,-18,9,-18,9,-17,9,-18,11,-18,9,-18,8,0,0]"
CSI_DATA: 242,5,55,55,58,54,60,0,-23,-22,23246.209,23247.392,101.634,23535.129,265.462,131.130,"[11,10,11,10,11,9,11,11,10,11,11,10,10,10,10,10,10,10,10,9,11,10,11,10,11,10,11,10,10,10,11,9,11,9,10,9,11,9,11,10,10,10,11,9,10,9,12,8,12,9,12,9,0,0,12,8,12,9,13,9,12,8,12,9,12,9,12,10,11,9,12,9,11,8,13,9,11,9,12,9,12,10,11,9,12,9,12,10,12,9,11,10,10,10,10,11,10,11,10,11,11,11,10,11,9,11,0,0,0,12,0,13,1,12,1,14,1,13,1,14,1,13,1,13,1,14,2,13,2,14,3,14,3,14,3,14,2,14,4,15,4,14,3,14,4,14,3,15,3,15,3,15,3,14,6,14,5,15,6,16,0,0,6,15,6,15,7,16,7,15,7,16,7,16,6,16,6,16,7,16,8,16,9,17,8,16,8,17,8,17,7,18,9,19,8,18,8,19,7,19,6,19,6,20,5,19,5,20,6,20,5,21,4,21,0,0]"
CSI_DATA: 243,6,53,53,57,52,60,0,-22,-18,23249.332,23250.516,157.135,23592.583,322.916,188.584,"[-3,-11,-3,-11,-4,-11,-3,-13,-4,-12,-4,-12,-4,-12,-4,-12,-4,-12,-5,-12,-5,-13,-6,-13,-5,-13,-6,-13,-5,-13,-7,-13,-6,-12,-6,-12,-7,-13,-6,-13,-6,-13,-7,-13,-6,-13,-8,-12,-8,-14,-8,-14,0,0,-8,-13,-9,-14,-9,-14,-9,-13,-9,-14,-9,-15,-9,-15,-9,-14,-9,-14,-9,-14,-11,-15,-10,-15,-10,-15,-10,-16,-10,-15,-11,-16,-10,-16,-10,-17,-10,-17,-9,-17,-9,-18,-8,-19,-8,-19,-9,-19,-8,-20,-7,-20,0,0,8,10,8,10,9,9,9,10,9,9,9,10,9,10,9,9,9,9,10,8,11,9,11,8,12,8,12,8,11,9,12,7,12,7,12,7,13,7,13,8,13,8,14,7,14,7,15,5,16,6,17,5,0,0,17,6,16,6,18,6,18,5,18,6,19,6,19,7,19,6,19,7,20,6,22,5,21,6,21,6,22,7,21,8,23,8,22,9,23,9,22,10,21,11,22,12,21,12,21,12,22,12,21,14,20,15,0,0]"
CSI_DATA: 244,7,50,50,52,50,60,0,-19,-22,23164.270,23165.454,201.385,23658.77,388.410,254.78,"[8,-15,8,-15,7,-16,9,-16,8,-15,9,-15,9,-15,8,-14,8,-14,7,-14,8,-15,8,-15,8,-15,7,-14,8,-14,7,-15,7,-14,6,-13,6,-14,7,-13,7,-13,6,-13,6,-13,4,-14,5,-14,4,-14,0,0,3,-14,3,-15,3,-15,3,-15,3,-15,3,-16,3,-16,3,-16,2,-16,2,-16,2,-18,2,-17,2,-17,2,-18,2,-18,2,-19,2,-20,3,-20,4,-20,4,-19,5,-20,6,-20,6,-21,6,-22,7,-21,8,-21,0,0,3,16,4,16,4,15,4,17,3,15,3,16,3,15,3,14,2,15,3,13,4,14,5,14,4,13,5,13,4,13,5,13,5,12,5,11,6,11,5,12,6,12,7,12,6,11,8,11,9,12,9,12,0,0,9,12,9,12,10,13,10,12,10,13,10,13,9,13,10,13,10,13,10,12,12,13,10,13,11,13,11,14,10,14,11,15,11,15,11,15,9,16,9,16,8,17,8,16,8,16,9,17,7,17,6,17,0,0]"
CSI_DATA: 245,3,44,44,59,43,61,0,-24,-22,23636.246,23637.488,10.613,23806.706,148.629,12.707,"[-9,10,-9,11,-8,11,-10,11,-9,11,-9,11,-9,11,-9,11,-9,11,-8,11,-10,11,-9,12,-9,12,-9,12,-9,11,-9,12,-8,12,-8,11,-8,12,-9,12,-9,12,-8,12,-8,11,-7,13,-8,13,-8,13,0,0,-7,13,-8,13,-7,14,-7,13,-8,13,-8,14,-8,14,-7,14,-7,14,-7,14,-7,15,-8,14,-7,14,-7,15,-7,15,-7,16,-8,16,-8,16,-8,16,-8,15,-9,16,-9,15,-10,16,-10,16,-11,16,-12,15,0,0,-1,-16,-2,-17,-2,-16,-2,-18,-2,-17,-2,-17,-2,-17,-2,-16,-2,-17,-2,-15,-3,-17,-4,-17,-4,-17,-3,-17,-3,-17,-5,-17,-5,-17,-4,-15,-5,-16,-5,-16,-4,-17,-5,-16,-4,-16,-7,-16,-6,-17,-7,-17,0,0,-8,-16,-7,-16,-8,-17,-8,-16,-8,-17,-8,-17,-8,-17,-8,-17,-8,-17,-8,-17,-9,-18,-8,-17,-8,-17,-9,-18,-8,-17,-9,-19,-8,-17,-8,-19,-8,-18,-7,-18,-7,-18,-6,-18,-5,-18,-6,-18,-5,-19,-4,-19,0,0]"
CSI_DATA: 246,4,51,51,59,50,61,0,-24,-29,23633.134,23634.376,56.336,23864.916,206.839,70.917,"[-5,-13,-6,-13,-6,-12,-6,-13,-7,-13,-7,-13,-7,-13,-7,-12,-7,-12,-7,-12,-7,-13,-8,-12,-8,-12,-8,-12,-7,-12,-8,-12,-8,-11,-8,-11,-9,-11,-9,-11,-8,-11,-9,-11,-8,-11,-10,-10,-10,-11,-10,-11,0,0,-10,-10,-10,-10,-11,-10,-10,-10,-11,-11,-11,-11,-11,-11,-11,-10,-11,-10,-11,-10,-11,-11,-10,-11,-11,-11,-11,-11,-11,-11,-11,-11,-11,-11,-11,-11,-11,-12,-10,-12,-10,-12,-9,-12,-9,-13,-9,-13,-7,-13,-7,-13,0,0,-16,4,-16,4,-15,5,-17,5,-16,5,-16,4,-16,4,-16,4,-16,4,-15,5,-17,5,-16,5,-17,6,-16,5,-16,4,-16,6,-15,5,-14,4,-15,5,-15,5,-16,4,-15,5,-14,4,-14,6,-15,6,-15,6,0,0,-14,6,-14,7,-14,8,-13,7,-14,8,-14,8,-14,8,-14,8,-13,8,-12,8,-14,10,-13,9,-13,9,-15,9,-14,9,-14,10,-15,10,-15,11,-15,9,-15,9,-15,9,-16,8,-16,9,-17,9,-17,8,-18,7,0,0]"
CSI_DATA: 247,5,56,56,59,55,61,0,-26,-24,23636.186,23637.428,100.885,23936.182,278.105,142.183,"[-13,-3,-14,-2,-13,-1,-15,-2,-14,-2,-14,-2,-14,-2,-13,-1,-14,-1,-13,-1,-14,0,-14,0,-14,0,-14,1,-14,0,-14,2,-13,2,-13,2,-13,3,-14,2,-14,2,-14,3,-14,3,-13,4,-15,4,-14,5,0,0,-14,6,-15,6,-15,7,-14,7,-15,7,-16,7,-16,7,-16,7,-16,8,-16,8,-17,9,-17,7,-17,7,-17,8,-18,8,-18,9,-19,8,-19,8,-19,8,-18,7,-20,6,-20,5,-20,4,-21,5,-21,4,-20,3,0,0,11,-3,11,-4,10,-5,12,-5,11,-5,12,-5,12,-5,11,-6,12,-5,11,-6,13,-7,12,-7,12,-7,12,-8,13,-7,12,-9,12,-9,12,-8,12,-9,13,-9,13,-9,12,-9,13,-9,12,-11,14,-11,13,-12,0,0,12,-12,13,-12,13,-13,12,-13,13,-13,13,-13,14,-13,14,-13,13,-14,13,-14,14,-16,14,-14,14,-14,15,-15,14,-15,15,-16,15,-16,16,-16,16,-15,16,-14,18,-14,18,-14,18,-13,19,-14,19,-13,20,-12,0,0]"
CSI_DATA: 248,6,54,54,58,53,61,0,-20,-20,23639.311,23640.552,156.382,24004.70,345.993,210.71,"[-9,2,-9,3,-8,4,-9,4,-9,4,-9,4,-9,5,-9,5,-9,5,-9,6,-10,6,-9,7,-9,7,-9,7,-9,7,-9,8,-8,8,-8,8,-8,9,-8,9,-8,9,-7,10,-8,9,-7,11,-8,11,-7,12,0,0,-7,12,-7,12,-7,14,-7,13,-7,14,-7,15,-7,15,-7,15,-7,15,-7,14,-7,16,-8,15,-8,16,-8,16,-8,16,-8,17,-8,17,-9,17,-9,17,-9,16,-10,16,-10,16,-12,16,-11,17,-13,16,-13,15,0,0,10,9,11,9,12,8,12,10,12,9,12,9,11,10,11,10,12,10,12,9,13,10,13,9,13,9,13,9,13,9,15,8,14,7,14,8,14,7,14,8,14,8,15,7,15,7,17,5,17,7,18,5,0,0,17,5,18,5,19,5,19,5,19,5,20,6,20,6,20,5,20,5,21,5,23,4,22,5,21,5,22,6,23,6,23,6,24,7,24,7,24,8,23,9,23,10,23,10,23,11,24,10,23,13,22,13,0,0]"
CSI_DATA: 249,3,45,45,60,44,62,0,-23,-21,24026.255,24027.430,10.515,24196.633,192.563,12.634,"[0,-14,0,-14,-1,-14,0,-15,0,-14,0,-14,-1,-14,0,-13,0,-13,-1,-13,-1,-14,-1,-13,-1,-14,-1,-13,-1,-13,-2,-14,-2,-13,-1,-12,-2,-13,-2,-13,-2,-13,-2,-12,-2,-12,-3,-13,-3,-14,-4,-14,0,0,-4,-13,-4,-13,-5,-14,-4,-13,-5,-14,-5,-14,-5,-14,-5,-14,-5,-14,-4,-14,-6,-15,-4,-14,-5,-14,-5,-15,-5,-15,-5,-16,-5,-16,-5,-16,-5,-16,-4,-16,-4,-17,-4,-17,-3,-17,-3,-18,-1,-18,-1,-18,0,0,16,-4,16,-5,15,-5,17,-5,15,-5,16,-5,16,-6,15,-6,15,-5,15,-6,16,-7,16,-8,15,-8,15,-8,15,-7,15,-9,15,-9,14,-8,15,-9,15,-9,15,-9,15,-10,15,-9,14,-12,15,-12,15,-12,0,0,15,-12,15,-13,15,-14,14,-14,15,-14,16,-14,16,-14,15,-14,16,-14,15,-14,16,-16,15,-14,16,-14,16,-15,17,-15,17,-16,17,-15,18,-16,17,-14,18,-14,19,-13,18,-13,19,-13,19,-13,20,-11,20,-11,0,0]"
CSI_DATA: 250,4,52,52,60,51,62,0,-23,-26,24023.144,24024.319,56.279,24256.404,252.334,72.405,"[2,12,3,12,4,12,3,13,3,13,3,13,3,12,4,12,3,12,4,11,4,13,5,12,5,13,4,12,4,12,6,12,5,11,5,11,6,11,6,12,5,11,6,11,5,11,7,11,7,12,8,11,0,0,8,11,8,11,8,11,8,11,8,12,9,12,9,12,8,11,9,12,8,12,9,13,8,12,8,12,9,13,8,13,9,13,9,13,8,14,8,14,7,14,6,14,6,14,6,14,6,15,4,15,4,15,0,0,-12,-9,-13,-8,-13,-8,-13,-9,-13,-8,-13,-9,-13,-8,-13,-8,-13,-8,-12,-7,-13,-8,-14,-7,-14,-7,-13,-7,-13,-8,-14,-7,-13,-7,-13,-7,-13,-6,-13,-7,-13,-7,-13,-7,-12,-7,-13,-5,-14,-6,-14,-6,0,0,-14,-5,-14,-5,-14,-5,-14,-4,-14,-4,-15,-5,-14,-5,-14,-4,-15,-4,-14,-4,-16,-4,-15,-4,-15,-4,-16,-4,-16,-5,-17,-4,-17,-4,-17,-5,-17,-6,-16,-6,-17,-7,-16,-7,-16,-7,-17,-7,-16,-9,-16,-9,0,0]"
CSI_DATA: 251,5,57,57,60,56,62,0,-25,-20,24026.196,24027.371,100.844,24320.573,316.503,136.574,"[-9,-17,-10,-17,-10,-15,-10,-18,-9,-16,-10,-17,-10,-16,-9,-16,-10,-15,-10,-15,-10,-17,-10,-15,-11,-15,-10,-15,-10,-15,-11,-15,-11,-14,-10,-14,-12,-14,-11,-14,-11,-14,-12,-13,-10,-13,-12,-13,-12,-14,-13,-14,0,0,-13,-13,-13,-13,-14,-13,-13,-12,-14,-13,-14,-13,-14,-13,-13,-12,-14,-12,-13,-12,-15,-13,-14,-13,-14,-13,-15,-14,-13,-13,-15,-14,-14,-14,-14,-14,-13,-14,-13,-14,-13,-15,-12,-15,-11,-15,-12,-16,-10,-16,-10,-16,0,0,-4,-14,-4,-14,-5,-14,-5,-15,-5,-15,-6,-15,-6,-15,-6,-15,-6,-15,-7,-14,-7,-16,-8,-15,-8,-15,-8,-15,-8,-16,-9,-15,-9,-15,-9,-15,-10,-14,-10,-15,-10,-16,-10,-15,-10,-15,-12,-14,-12,-16,-13,-16,0,0,-13,-15,-13,-16,-14,-16,-13,-15,-13,-16,-14,-16,-14,-16,-14,-16,-14,-16,-14,-16,-15,-17,-14,-16,-15,-16,-15,-17,-15,-17,-15,-18,-15,-18,-16,-18,-15,-18,-14,-19,-14,-20,-13,-19,-13,-20,-13,-20,-12,-21,-11,-21,0,0]"
CSI_DATA: 252,6,55,55,59,54,62,0,-23,-18,24029.321,24030.496,156.234,24401.382,397.312,217.383,"[-5,-8,-5,-8,-6,-8,-6,-9,-6,-8,-7,-9,-7,-9,-7,-8,-7,-8,-8,-8,-8,-9,-9,-9,-9,-9,-9,-9,-9,-9,-10,-8,-10,-8,-10,-8,-11,-8,-12,-8,-12,-8,-12,-8,-11,-8,-13,-7,-14,-8,-15,-7,0,0,-15,-7,-16,-7,-16,-7,-16,-7,-17,-7,-18,-7,-18,-8,-18,-7,-18,-7,-18,-7,-20,-8,-19,-9,-19,-9,-20,-9,-19,-8,-21,-9,-20,-9,-21,-9,-21,-10,-20,-10,-20,-11,-20,-12,-20,-13,-21,-13,-20,-14,-19,-14,0,0,10,2,10,1,10,1,11,1,11,1,11,0,12,0,11,0,12,0,12,-1,13,-1,13,-2,13,-2,13,-2,13,-2,14,-3,13,-3,13,-3,13,-4,14,-4,14,-4,14,-5,14,-5,14,-7,15,-7,15,-8,0,0,15,-8,16,-8,16,-9,16,-10,16,-10,17,-10,17,-10,17,-11,18,-10,18,-12,19,-12,18,-12,19,-12,19,-12,20,-12,21,-12,21,-12,21,-13,22,-12,22,-11,24,-11,23,-9,24,-10,24,-10,25,-8,24,-7,0,0]"
CSI_DATA: 253,7,51,51,53,51,62,0,-24,-21,23944.259,23945.434,200.697,24470.513,466.443,286.514,"[-10,-15,-10,-14,-10,-14,-11,-16,-10,-14,-10,-15,-9,-14,-8,-13,-8,-13,-8,-13,-9,-14,-9,-13,-8,-13,-8,-13,-8,-13,-8,-12,-8,-11,-8,-11,-8,-11,-8,-11,-7,-11,-8,-10,-7,-9,-9,-9,-9,-10,-9,-9,0,0,-9,-7,-10,-8,-10,-8,-10,-7,-10,-7,-11,-7,-11,-7,-11,-6,-12,-6,-11,-6,-13,-6,-12,-6,-12,-6,-14,-6,-13,-6,-15,-6,-15,-6,-16,-6,-16,-7,-15,-7,-16,-8,-15,-9,-16,-9,-17,-9,-16,-11,-16,-12,0,0,14,-6,14,-7,13,-7,15,-7,14,-7,14,-7,14,-7,13,-8,14,-8,13,-8,14,-9,13,-10,13,-10,13,-9,13,-9,13,-11,12,-11,12,-10,12,-11,12,-10,13,-10,12,-11,12,-11,11,-12,12,-13,11,-14,0,0,11,-14,11,-14,11,-15,10,-15,11,-15,12,-15,12,-15,11,-15,11,-16,11,-16,12,-18,11,-17,12,-17,12,-17,12,-17,14,-18,13,-17,14,-18,14,-17,15,-16,15,-16,15,-15,15,-15,16,-16,17,-14,17,-14,0,0]"
CSI_DATA: 254,3,46,46,61,45,63,0,-20,-22,24416.251,24417.435,11.311,24586.742,116.229,12.743,"[-10,-9,-11,-9,-11,-8,-12,-9,-11,-8,-11,-9,-11,-8,-11,-8,-12,-8,-11,-7,-13,-8,-13,-7,-13,-7,-13,-7,-13,-7,-14,-6,-14,-6,-13,-6,-14,-6,-14,-6,-14,-6,-15,-6,-14,-6,-15,-4,-16,-5,-16,-5,0,0,-17,-5,-17,-4,-18,-4,-17,-4,-18,-5,-18,-5,-18,-5,-18,-5,-19,-5,-18,-4,-20,-4,-19,-5,-19,-5,-20,-5,-19,-5,-21,-5,-21,-5,-21,-6,-20,-7,-20,-7,-20,-8,-20,-8,-20,-9,-21,-9,-19,-10,-19,-11,0,0,-15,-1,-15,0,-15,0,-16,-1,-15,0,-16,0,-16,0,-15,0,-16,1,-15,1,-17,2,-16,2,-16,3,-16,3,-16,2,-17,3,-16,4,-16,3,-16,4,-17,4,-17,4,-16,5,-16,4,-16,7,-17,6,-18,7,0,0,-17,7,-18,7,-18,8,-17,8,-18,8,-19,8,-19,8,-18,8,-19,8,-18,9,-19,10,-19,9,-19,9,-20,9,-20,9,-21,9,-20,9,-21,9,-22,8,-21,7,-22,7,-21,6,-22,6,-22,7,-22,4,-23,4,0,0]"
CSI_DATA: 255,4,53,53,61,52,63,0,-23,-27,24413.141,24414.325,57.93,24644.945,174.432,70.946,"[1,-12,0,-13,0,-12,0,-14,0,-13,0,-13,-1,-13,0,-12,-1,-13,-1,-12,-2,-14,-2,-13,-2,-13,-2,-13,-2,-13,-3,-13,-3,-13,-3,-12,-4,-13,-3,-13,-3,-13,-4,-13,-3,-13,-5,-13,-5,-14,-5,-13,0,0,-6,-13,-6,-13,-7,-14,-7,-13,-6,-14,-7,-14,-6,-14,-6,-14,-7,-14,-7,-14,-8,-15,-7,-15,-7,-15,-7,-16,-7,-15,-8,-16,-8,-16,-7,-16,-6,-16,-5,-17,-5,-17,-4,-17,-4,-17,-5,-17,-3,-18,-2,-18,0,0,5,-17,5,-17,4,-17,6,-18,5,-17,5,-17,5,-17,5,-16,5,-16,4,-16,5,-17,4,-17,4,-17,4,-16,5,-16,4,-17,3,-16,3,-15,3,-16,4,-15,4,-15,3,-15,3,-14,2,-15,2,-16,2,-16,0,0,1,-15,1,-15,1,-16,0,-14,1,-15,0,-16,1,-16,0,-15,0,-15,-1,-15,-1,-16,0,-16,0,-16,0,-17,-1,-16,-1,-18,0,-17,-1,-18,0,-18,0,-17,1,-18,2,-17,2,-17,1,-18,2,-18,4,-18,0,0]"
CSI_DATA: 256,5,58,58,61,57,63,0,-27,-21,24416.193,24417.377,101.646,24713.356,242.843,139.357,"[-14,-13,-15,-14,-15,-12,-16,-14,-15,-13,-14,-13,-14,-13,-13,-13,-14,-13,-14,-12,-15,-13,-15,-12,-14,-12,-14,-12,-14,-12,-15,-11,-15,-11,-13,-10,-14,-10,-14,-12,-14,-11,-15,-10,-14,-10,-15,-9,-15,-11,-16,-10,0,0,-15,-9,-16,-10,-17,-9,-16,-9,-16,-10,-17,-9,-17,-10,-16,-9,-16,-9,-16,-9,-17,-9,-16,-10,-16,-10,-17,-10,-16,-10,-17,-10,-17,-11,-16,-11,-15,-11,-14,-11,-15,-12,-14,-12,-13,-12,-14,-13,-13,-13,-12,-13,0,0,-14,6,-14,7,-13,7,-15,7,-14,7,-15,8,-15,8,-14,7,-15,8,-14,8,-15,9,-14,10,-15,10,-14,10,-15,9,-14,11,-14,11,-14,10,-14,11,-15,11,-15,10,-14,11,-14,10,-13,13,-15,13,-14,14,0,0,-14,13,-14,13,-14,14,-14,14,-14,14,-15,14,-15,14,-15,13,-14,14,-14,14,-14,16,-14,14,-14,14,-15,14,-15,15,-15,16,-16,15,-16,15,-16,15,-17,13,-17,14,-17,13,-18,12,-18,13,-18,12,-19,11,0,0]"
CSI_DATA: 257,6,56,56,60,55,63,0,-21,-18,24419.318,24420.502,157.40,24789.507,318.994,215.508,"[1,-11,1,-12,0,-11,0,-13,0,-12,0,-12,0,-12,-1,-12,-1,-12,-1,-12,-2,-13,-2,-13,-2,-13,-2,-13,-2,-14,-4,-13,-4,-13,-4,-13,-4,-14,-4,-14,-3,-14,-4,-14,-4,-14,-6,-14,-5,-15,-6,-15,0,0,-6,-15,-6,-16,-7,-16,-7,-15,-7,-17,-7,-17,-6,-17,-7,-17,-7,-17,-7,-17,-8,-18,-6,-18,-7,-19,-7,-19,-7,-18,-7,-19,-6,-19,-7,-20,-6,-20,-5,-20,-4,-21,-3,-21,-3,-21,-3,-21,-2,-21,-2,-21,0,0,-11,-8,-11,-8,-12,-7,-12,-9,-12,-8,-13,-8,-12,-9,-12,-8,-12,-9,-13,-7,-14,-8,-14,-7,-15,-8,-14,-7,-14,-8,-15,-7,-15,-6,-14,-7,-15,-6,-15,-7,-15,-7,-16,-6,-15,-6,-17,-4,-17,-5,-19,-4,0,0,-18,-4,-18,-4,-20,-4,-19,-3,-20,-3,-21,-4,-21,-4,-21,-3,-21,-4,-21,-2,-23,-2,-23,-2,-23,-3,-24,-3,-24,-3,-25,-3,-25,-3,-26,-4,-26,-6,-25,-6,-26,-7,-24,-8,-25,-8,-27,-7,-26,-9,-25,-10,0,0]"
CSI_DATA: 258,3,47,47,62,46,64,0,-23,-21,24806.250,24809.366,13.283,24978.603,189.96,14.604,"[15,-4,15,-5,14,-6,17,-5,15,-5,16,-5,15,-5,15,-4,15,-4,14,-5,16,-6,15,-6,15,-6,15,-6,15,-6,15,-7,14,-7,14,-7,14,-8,14,-7,15,-7,14,-8,14,-7,14,-9,15,-8,14,-10,0,0,14,-9,14,-10,15,-11,14,-11,15,-11,15,-11,16,-11,15,-11,15,-11,15,-11,16,-13,16,-12,16,-12,17,-13,16,-13,17,-14,18,-13,18,-13,18,-13,18,-12,20,-11,20,-11,21,-10,21,-12,21,-10,22,-9,0,0,1,15,2,15,3,14,2,16,2,15,2,15,2,15,2,15,2,15,3,14,3,16,4,15,4,16,4,15,3,16,5,16,5,15,4,15,6,15,4,15,4,16,5,16,5,15,7,14,7,16,8,16,0,0,8,16,7,16,9,17,8,15,8,16,8,17,8,17,8,17,9,17,9,16,11,17,9,16,9,17,9,18,9,18,10,19,9,18,9,19,8,19,8,19,7,20,6,20,6,20,7,20,6,21,5,21,0,0]"
CSI_DATA: 259,4,54,54,62,53,64,0,-25,-28,24803.141,24806.257,57.116,25029.661,240.154,65.662,"[8,6,9,6,9,5,10,6,9,5,10,5,9,5,9,5,9,5,9,4,10,4,10,4,10,4,10,3,10,4,10,3,10,3,10,2,11,2,11,2,11,3,10,2,10,2,11,1,12,2,11,1,0,0,12,1,12,1,13,1,12,0,13,1,13,1,13,1,12,1,12,1,12,1,13,1,12,1,13,2,13,1,12,1,14,1,13,2,13,2,13,2,12,3,12,3,12,4,12,4,12,4,11,5,11,5,0,0,-6,17,-6,17,-5,16,-6,18,-6,16,-7,17,-6,16,-6,16,-6,16,-6,15,-6,17,-6,17,-6,16,-6,16,-7,16,-6,16,-5,15,-6,14,-5,15,-7,15,-7,14,-6,15,-6,13,-5,14,-6,15,-5,15,0,0,-4,14,-5,13,-4,14,-4,13,-4,14,-4,14,-4,13,-4,13,-3,13,-3,13,-3,13,-4,13,-4,13,-4,14,-3,13,-3,14,-3,13,-3,13,-4,13,-4,12,-4,12,-4,12,-5,11,-4,12,-5,12,-5,12,0,0]"
CSI_DATA: 260,5,59,59,62,58,64,0,-22,-23,24806.193,24809.309,111.681,25088.549,299.42,124.550,"[12,-10,12,-11,10,-12,12,-12,11,-11,12,-11,11,-11,11,-10,11,-11,10,-11,11,-12,10,-12,10,-12,9,-12,10,-12,9,-13,8,-13,8,-12,8,-13,9,-13,9,-13,8,-13,8,-12,7,-14,8,-14,8,-15,0,0,7,-15,7,-15,7,-16,6,-15,7,-16,7,-16,8,-16,7,-16,7,-16,7,-16,7,-18,7,-16,8,-16,8,-17,8,-16,8,-18,9,-17,9,-17,10,-16,10,-16,11,-16,11,-15,11,-15,11,-16,12,-14,12,-13,0,0,-13,1,-13,1,-13,3,-14,2,-13,2,-14,2,-14,2,-14,2,-14,3,-13,3,-14,4,-14,4,-14,4,-14,5,-15,4,-14,5,-14,6,-13,5,-14,6,-14,5,-15,5,-14,6,-14,5,-13,7,-15,7,-15,8,0,0,-15,8,-15,8,-15,9,-14,9,-15,8,-16,8,-16,8,-16,8,-16,9,-15,9,-16,10,-16,9,-16,9,-17,9,-16,9,-18,10,-17,9,-18,9,-18,8,-18,7,-19,7,-18,6,-18,6,-19,7,-19,6,-19,5,0,0]"
CSI_DATA: 261,6,57,57,61,56,64,0,-25,-20,24809.318,24812.434,157.70,25154.948,365.441,190.949,"[4,-5,5,-6,4,-7,4,-7,4,-7,4,-8,4,-8,4,-8,4,-9,4,-9,4,-10,3,-10,3,-11,3,-10,4,-11,3,-12,2,-11,2,-11,2,-12,3,-12,3,-12,2,-12,2,-12,1,-13,2,-13,1,-14,0,0,1,-14,1,-14,1,-15,1,-15,1,-15,0,-16,1,-16,0,-16,1,-16,0,-16,0,-17,1,-17,1,-17,1,-18,1,-17,1,-17,1,-18,1,-17,2,-17,2,-17,3,-17,3,-17,4,-17,3,-17,4,-17,4,-16,0,0,-8,9,-9,10,-7,10,-9,11,-8,11,-9,11,-9,11,-9,11,-9,11,-8,11,-9,13,-8,13,-8,13,-8,14,-9,13,-7,14,-7,14,-7,14,-6,15,-7,15,-8,15,-7,16,-7,15,-4,17,-6,18,-4,19,0,0,-4,19,-4,19,-4,20,-3,20,-3,20,-4,21,-4,21,-4,21,-3,22,-2,22,-1,24,-2,23,-3,23,-3,24,-3,24,-3,26,-3,25,-3,26,-5,26,-5,26,-7,26,-7,25,-7,26,-7,26,-9,27,-10,26,0,0]"
CSI_DATA: 262,7,52,52,54,52,64,0,-21,-20,24724.257,24727.374,211.524,25218.408,428.901,254.409,"[-5,-16,-5,-16,-6,-16,-6,-17,-5,-16,-5,-16,-5,-16,-4,-15,-5,-15,-5,-15,-5,-16,-5,-16,-5,-16,-5,-15,-4,-15,-6,-15,-6,-14,-5,-13,-6,-14,-6,-14,-5,-14,-6,-14,-5,-13,-7,-13,-7,-14,-7,-14,0,0,-8,-13,-8,-13,-9,-14,-9,-13,-8,-14,-9,-14,-9,-14,-9,-14,-9,-13,-9,-13,-11,-14,-9,-14,-10,-15,-10,-15,-10,-14,-11,-15,-11,-16,-11,-16,-11,-16,-10,-16,-10,-18,-9,-18,-9,-19,-10,-19,-8,-20,-8,-20,0,0,2,16,2,16,3,15,2,17,2,16,2,16,1,16,2,15,2,16,2,14,3,16,3,15,4,15,4,15,2,15,4,15,4,14,4,14,5,14,4,14,4,14,5,14,4,14,7,13,6,14,7,14,0,0,7,14,8,14,9,14,9,14,8,14,8,15,8,15,8,15,9,15,9,15,10,15,9,15,9,16,9,16,9,16,10,17,10,17,9,17,8,17,7,18,6,18,6,17,6,18,7,18,5,19,4,18,0,0]"
CSI_DATA: 263,3,48,48,64,47,66,0,-20,-25,25586.243,25587.481,11.269,25756.844,538.436,12.836,"[-2,6,-2,6,-2,6,-2,7,-2,6,-2,6,-2,6,-2,6,-2,6,-1,6,-2,7,-1,7,-1,7,-1,7,-1,6,-1,7,-1,6,-1,7,0,7,-1,7,-1,7,0,7,-1,7,0,7,0,8,1,8,0,0,1,8,0,8,1,8,1,8,1,8,1,9,1,8,1,8,1,9,1,8,1,9,1,9,1,9,1,9,1,9,1,10,1,10,1,10,0,10,0,10,0,10,-1,10,-1,10,-1,10,-2,10,-2,10,0,0,-2,16,-1,16,0,15,-1,17,-1,16,-1,16,-1,16,-2,16,-1,16,-1,16,-2,18,-1,17,-1,17,-1,17,-2,17,0,18,1,17,0,16,1,17,0,17,-1,17,1,18,-1,17,1,17,0,18,1,18,0,0,1,18,2,18,2,19,3,18,1,19,1,19,1,19,1,19,2,18,1,18,3,19,1,18,1,19,1,19,1,19,2,19,2,19,1,20,0,19,0,18,-1,19,-1,18,-2,19,-1,19,-2,19,-2,18,0,0]"
CSI_DATA: 264,4,55,55,64,54,66,0,-23,-27,25583.136,25584.374,56.995,25802.481,584.73,58.473,"[-13,4,-13,4,-13,5,-14,5,-13,4,-13,4,-13,4,-13,4,-13,4,-12,5,-14,5,-13,5,-13,5,-13,6,-13,5,-13,6,-12,6,-12,6,-12,7,-13,6,-13,6,-12,7,-12,6,-12,7,-12,7,-12,8,0,0,-11,8,-12,8,-12,9,-11,9,-12,8,-12,9,-12,9,-12,9,-12,9,-12,9,-12,10,-13,9,-13,9,-13,10,-13,9,-14,10,-14,10,-14,9,-14,9,-14,8,-15,8,-15,7,-16,7,-16,7,-16,6,-16,5,0,0,3,-16,3,-17,2,-16,3,-18,3,-16,3,-16,2,-17,3,-16,3,-16,3,-15,3,-17,3,-17,3,-16,3,-16,4,-16,2,-17,2,-16,2,-15,2,-16,2,-15,3,-16,2,-15,3,-15,1,-15,2,-16,1,-16,0,0,0,-16,1,-16,0,-17,-1,-16,0,-16,0,-16,0,-16,0,-16,-1,-16,-1,-16,-1,-18,0,-17,0,-17,0,-17,-1,-17,-1,-18,-1,-18,0,-19,0,-18,1,-18,1,-19,1,-18,3,-18,3,-18,4,-19,5,-19,0,0]"
CSI_DATA: 265,5,60,60,64,59,66,0,-25,-22,25586.187,25587.426,101.557,25866.782,648.374,122.774,"[11,9,11,10,12,8,12,10,11,9,12,9,12,9,12,8,11,8,11,8,12,8,12,8,12,8,12,8,12,8,13,6,12,6,12,6,13,6,13,6,13,7,13,6,12,6,14,5,14,6,15,5,0,0,14,4,15,4,16,5,15,4,15,5,16,4,16,4,15,4,16,4,16,4,17,4,16,5,16,5,17,5,16,5,17,5,17,6,17,6,16,6,16,7,15,8,15,8,15,8,15,8,14,9,13,9,0,0,-3,14,-2,15,-1,14,-2,16,-1,15,-1,16,-2,16,-1,15,-1,16,-1,15,-1,17,-1,17,0,17,0,17,-1,17,1,17,1,17,0,16,1,17,1,17,0,17,1,17,0,17,2,17,1,19,3,19,0,0,3,19,3,18,3,19,4,18,3,19,3,20,3,19,3,19,4,19,4,19,4,20,3,19,3,20,3,20,4,20,4,21,4,20,4,22,3,21,2,21,2,21,2,20,0,20,1,21,-1,22,-1,22,0,0]"
CSI_DATA: 266,6,58,58,63,57,66,0,-24,-19,25589.313,25590.551,157.53,25923.701,705.293,179.693,"[0,-10,-1,-10,-1,-10,-1,-11,-1,-11,-1,-11,-2,-10,-2,-10,-2,-10,-3,-10,-3,-11,-3,-11,-3,-11,-3,-11,-3,-12,-4,-11,-4,-11,-4,-11,-5,-11,-5,-11,-5,-12,-5,-11,-5,-11,-6,-11,-6,-12,-7,-12,0,0,-7,-12,-7,-12,-8,-12,-8,-11,-8,-13,-8,-13,-8,-13,-8,-13,-8,-13,-9,-13,-10,-13,-8,-14,-9,-14,-10,-14,-9,-14,-10,-15,-9,-15,-9,-15,-9,-16,-8,-16,-8,-17,-7,-17,-7,-17,-8,-18,-6,-18,-6,-18,0,0,11,2,12,2,12,1,13,2,12,2,13,2,13,1,13,1,13,1,13,1,14,1,14,0,14,0,14,0,14,1,15,-2,14,-2,14,-1,14,-2,15,-2,15,-2,15,-3,15,-3,14,-4,16,-4,16,-6,0,0,16,-6,16,-6,16,-7,16,-8,17,-7,18,-8,18,-8,18,-8,18,-9,18,-9,20,-10,19,-9,19,-9,20,-9,20,-10,21,-10,21,-9,22,-10,22,-9,22,-8,24,-7,23,-7,24,-6,24,-6,25,-4,25,-4,0,0]"
CSI_DATA: 267,7,53,53,56,53,66,0,-21,-21,25504.254,25505.492,201.387,25991.750,773.342,247.742,"[11,-12,11,-12,10,-13,12,-13,11,-12,11,-12,11,-11,10,-11,11,-11,10,-11,11,-11,10,-11,10,-11,10,-11,10,-10,10,-11,9,-11,9,-10,8,-11,9,-11,9,-10,8,-11,8,-10,7,-11,8,-11,8,-11,0,0,7,-12,7,-12,7,-12,6,-12,7,-12,7,-13,7,-13,6,-12,7,-13,6,-12,6,-14,7,-13,7,-13,7,-14,7,-14,7,-15,7,-15,7,-15,8,-15,8,-14,9,-14,9,-15,10,-15,10,-16,11,-14,12,-14,0,0,-8,15,-8,16,-6,15,-8,17,-8,16,-8,17,-8,16,-7,16,-8,16,-7,15,-8,17,-8,17,-8,17,-8,17,-9,17,-6,17,-6,17,-7,16,-6,17,-7,17,-7,17,-6,17,-7,16,-5,17,-7,18,-5,18,0,0,-5,18,-5,17,-5,19,-4,17,-5,18,-5,18,-5,18,-4,18,-4,18,-4,17,-4,19,-5,17,-5,17,-5,19,-4,18,-4,20,-4,18,-5,19,-5,18,-5,18,-6,18,-6,17,-6,17,-6,18,-8,17,-8,17,0,0]"
CSI_DATA: 268,3,49,49,65,48,67,0,-20,-22,25976.232,25977.444,11.359,26146.669,154.919,12.670,"[-2,-15,-2,-15,-3,-14,-3,-16,-3,-15,-3,-15,-3,-15,-3,-14,-3,-15,-3,-14,-4,-16,-4,-15,-4,-15,-4,-15,-4,-15,-5,-15,-5,-14,-5,-14,-6,-14,-6,-15,-5,-15,-6,-15,-5,-15,-7,-14,-7,-16,-8,-15,0,0,-8,-15,-8,-15,-9,-15,-9,-15,-8,-16,-9,-15,-9,-16,-9,-15,-9,-16,-9,-16,-10,-16,-9,-16,-9,-16,-10,-16,-10,-16,-10,-17,-11,-17,-10,-17,-10,-17,-9,-17,-9,-18,-9,-18,-9,-19,-9,-19,-7,-20,-7,-20,0,0,6,12,6,12,7,12,7,13,7,12,7,13,7,12,8,12,8,12,8,11,9,13,9,12,10,12,10,12,9,12,12,12,11,11,10,11,11,11,11,12,11,12,12,12,11,12,13,10,13,12,15,11,0,0,15,10,15,11,15,11,15,10,15,11,16,12,16,12,16,11,17,11,16,11,18,11,16,12,17,12,18,12,17,12,18,13,18,12,18,13,18,14,17,14,17,16,16,15,15,16,16,16,15,17,14,18,0,0]"
CSI_DATA: 269,4,56,56,65,55,67,0,-23,-25,25973.126,25974.337,57.110,26204.49,212.299,70.50,"[6,-11,6,-12,5,-12,7,-13,6,-12,6,-12,5,-12,5,-12,5,-12,5,-12,5,-13,4,-14,5,-13,4,-13,5,-13,4,-14,3,-13,3,-13,3,-13,3,-13,4,-14,3,-13,3,-13,2,-14,2,-15,2,-15,0,0,1,-15,2,-15,1,-16,1,-15,1,-16,1,-16,1,-16,1,-16,1,-16,1,-16,1,-17,2,-16,2,-17,2,-17,2,-17,2,-18,2,-18,2,-18,3,-17,4,-17,4,-17,5,-16,5,-17,5,-17,6,-16,7,-16,0,0,-15,-6,-15,-5,-15,-4,-16,-5,-15,-5,-15,-5,-15,-4,-15,-4,-15,-5,-14,-4,-16,-4,-16,-4,-15,-4,-15,-3,-15,-4,-16,-3,-15,-2,-15,-2,-14,-2,-15,-2,-15,-2,-15,-1,-15,-2,-15,0,-16,-1,-16,0,0,0,-16,1,-17,1,-17,2,-16,2,-16,2,-17,2,-17,2,-17,3,-18,3,-18,3,-19,3,-18,2,-19,3,-19,3,-20,2,-20,3,-20,3,-20,2,-21,2,-20,1,-21,0,-21,0,-21,0,-21,0,-21,-2,-21,-3,0,0]"
CSI_DATA: 270,5,61,61,65,60,67,0,-23,-21,25976.177,25977.389,101.675,26270.230,278.480,136.231,"[5,-1,5,-1,5,-1,5,-1,5,-1,5,-1,5,-1,5,-1,5,-1,5,-1,5,-2,5,-2,5,-2,5,-2,5,-2,5,-2,5,-2,5,-2,5,-2,5,-2,5,-2,5,-2,5,-2,5,-3,5,-3,5,-3,0,0,5,-3,5,-3,5,-3,5,-3,5,-3,5,-3,5,-3,5,-3,5,-3,5,-3,6,-4,6,-3,5,-3,6,-3,6,-3,6,-3,6,-3,6,-3,6,-2,6,-2,6,-2,6,-2,6,-2,6,-2,6,-1,6,-1,0,0,-15,-8,-15,-7,-16,-6,-16,-7,-16,-7,-16,-7,-17,-6,-16,-6,-17,-6,-16,-6,-18,-7,-17,-6,-18,-6,-18,-6,-18,-6,-19,-4,-17,-4,-17,-5,-18,-4,-18,-4,-19,-5,-19,-3,-18,-4,-19,-3,-20,-4,-20,-3,0,0,-20,-2,-21,-2,-21,-2,-21,-1,-21,-2,-22,-1,-21,-1,-21,-1,-22,-1,-21,-1,-22,-1,-22,-1,-22,-1,-23,-1,-23,-2,-23,-1,-23,-1,-23,-2,-24,-2,-23,-2,-24,-3,-23,-3,-23,-4,-24,-4,-23,-6,-23,-6,0,0]"
CSI_DATA: 271,6,59,59,64,58,67,0,-22,-17,25979.303,25980.514,157.171,26334.597,342.847,200.598,"[-5,-1,-5,-1,-5,-1,-5,-1,-5,-1,-5,-1,-5,0,-5,-1,-6,-1,-6,0,-6,0,-6,0,-6,0,-6,0,-6,0,-6,0,-6,0,-6,0,-7,1,-7,0,-7,0,-7,1,-7,0,-7,1,-8,1,-7,1,0,0,-7,2,-8,2,-8,2,-7,2,-8,2,-8,2,-8,2,-8,2,-8,2,-8,2,-9,2,-9,1,-9,1,-9,2,-8,2,-9,2,-9,2,-9,1,-9,1,-9,1,-9,1,-9,0,-9,0,-9,0,-10,0,-9,0,0,0,10,3,10,3,11,2,12,3,12,2,12,2,12,2,12,2,13,2,13,2,14,2,14,1,15,1,14,1,15,1,15,-1,14,-1,15,-1,15,-2,16,-1,16,-1,16,-2,16,-2,16,-4,17,-3,18,-5,0,0,18,-5,18,-5,18,-6,18,-7,19,-6,19,-7,20,-7,19,-8,20,-8,20,-8,22,-9,22,-8,22,-8,22,-9,23,-8,23,-9,24,-9,24,-8,25,-8,24,-8,26,-7,26,-6,26,-6,26,-6,27,-3,27,-3,0,0]"
CSI_DATA: 272,7,54,54,57,54,67,0,-22,-20,25894.244,25895.456,201.409,26393.995,402.245,259.996,"[0,-16,0,-16,-2,-16,-1,-17,-1,-16,0,-16,-1,-16,-1,-15,-1,-15,-1,-15,-1,-16,-1,-16,-1,-16,-1,-15,-1,-15,-2,-15,-2,-15,-2,-14,-3,-15,-2,-14,-2,-15,-3,-14,-2,-14,-4,-14,-4,-15,-4,-15,0,0,-4,-14,-5,-15,-5,-15,-5,-14,-5,-15,-5,-15,-6,-15,-6,-15,-6,-15,-6,-14,-7,-15,-6,-15,-7,-16,-8,-17,-7,-15,-8,-17,-8,-17,-8,-17,-8,-18,-7,-18,-7,-19,-6,-20,-6,-20,-7,-21,-5,-21,-5,-22,0,0,-18,-1,-18,0,-18,1,-19,0,-18,0,-18,0,-18,0,-18,0,-18,0,-17,0,-19,0,-19,1,-18,1,-18,1,-18,0,-19,2,-18,2,-17,1,-17,2,-18,2,-18,1,-18,2,-17,1,-18,3,-19,3,-18,4,0,0,-18,4,-19,5,-19,5,-18,5,-18,5,-19,6,-19,5,-18,6,-19,6,-19,6,-20,7,-19,5,-20,6,-20,6,-20,6,-21,7,-21,7,-21,6,-21,5,-21,5,-22,4,-21,4,-22,3,-22,4,-23,2,-23,1,0,0]"
CSI_DATA: 273,3,50,50,66,49,68,0,-22,-24,26366.235,26369.224,13.152,26538.594,144.599,14.595,"[-11,1,-11,1,-11,2,-12,2,-11,3,-12,3,-12,3,-12,3,-12,3,-11,5,-12,5,-12,5,-12,6,-12,6,-12,6,-12,7,-11,7,-12,7,-12,8,-13,8,-13,8,-12,9,-12,8,-11,10,-13,11,-12,11,0,0,-12,12,-13,12,-13,13,-12,13,-13,13,-14,14,-14,14,-13,15,-14,15,-13,15,-14,17,-14,16,-15,16,-15,17,-16,17,-16,18,-16,19,-16,18,-18,17,-18,16,-19,16,-20,16,-21,16,-21,17,-22,15,-22,15,0,0,-12,10,-13,11,-12,11,-14,11,-13,11,-14,11,-14,11,-13,11,-14,11,-12,11,-14,12,-13,12,-13,12,-13,12,-13,11,-13,13,-12,12,-12,11,-12,13,-13,12,-13,12,-12,12,-12,11,-11,14,-12,13,-11,14,0,0,-11,14,-11,14,-11,14,-11,14,-11,14,-11,15,-11,14,-11,14,-11,14,-10,14,-10,16,-10,14,-10,15,-10,15,-10,15,-11,16,-11,16,-11,16,-12,15,-12,14,-13,15,-12,14,-13,14,-12,15,-13,13,-14,12,0,0]"
CSI_DATA: 274,4,57,57,66,56,68,0,-24,-26,26363.129,26366.118,57.117,26598.825,204.830,74.826,"[-12,1,-12,1,-13,2,-13,1,-13,2,-13,2,-13,2,-12,2,-13,1,-13,2,-13,3,-13,3,-13,3,-13,3,-12,3,-13,4,-11,4,-12,4,-12,5,-12,4,-12,4,-12,5,-12,4,-12,6,-12,6,-12,6,0,0,-11,6,-12,7,-12,7,-11,7,-12,7,-13,8,-13,8,-12,8,-12,8,-12,8,-13,9,-13,8,-13,8,-13,8,-13,8,-14,9,-15,9,-14,8,-15,8,-15,7,-15,7,-16,6,-16,6,-16,7,-16,6,-16,5,0,0,-17,-3,-17,-3,-16,-2,-18,-3,-17,-3,-18,-2,-17,-2,-17,-2,-17,-2,-16,-1,-18,-2,-17,-1,-18,-1,-17,-1,-17,-1,-17,0,-17,0,-16,0,-16,1,-16,1,-16,1,-16,2,-15,1,-16,3,-17,3,-17,4,0,0,-16,5,-17,5,-18,6,-16,6,-17,6,-18,6,-18,6,-18,6,-18,7,-17,7,-19,7,-18,7,-19,7,-20,7,-19,6,-21,7,-20,7,-21,7,-21,6,-20,5,-21,4,-20,4,-21,3,-21,4,-21,2,-22,1,0,0]"
CSI_DATA: 275,5,62,62,66,61,68,0,-24,-23,26366.181,26369.170,111.690,26664.376,270.381,140.377,"[9,10,9,10,10,9,10,10,10,10,10,9,9,9,9,9,9,9,10,8,11,9,11,8,11,9,11,8,10,9,11,8,11,7,11,7,11,7,11,8,11,8,11,8,11,8,13,6,13,8,13,7,0,0,13,7,13,7,14,7,13,6,14,8,14,8,14,8,13,8,13,8,14,7,15,7,13,8,14,8,14,8,13,8,14,8,14,9,13,9,12,9,12,9,12,10,11,11,11,11,12,10,10,11,10,11,0,0,14,4,15,4,15,2,16,4,15,4,16,3,16,3,15,3,16,4,16,3,17,3,18,2,18,3,17,2,17,4,18,2,17,1,17,2,18,1,18,2,18,3,18,2,18,2,18,0,19,1,20,0,0,0,19,0,20,0,20,0,19,-1,19,0,20,0,20,0,19,0,20,0,19,-1,21,-2,20,-1,20,-1,21,-2,21,-2,22,-2,21,-2,21,-2,22,0,21,0,22,1,21,1,22,1,23,0,23,3,23,3,0,0]"
CSI_DATA: 276,6,60,60,65,59,68,0,-22,-17,26369.307,26372.296,157.63,26721.40,327.45,197.41,"[7,-5,7,-5,6,-6,7,-7,7,-7,7,-7,7,-8,6,-7,7,-8,6,-8,7,-9,6,-9,6,-10,6,-10,6,-10,6,-11,5,-10,5,-11,5,-12,6,-12,6,-12,5,-12,6,-12,4,-13,6,-14,5,-14,0,0,5,-15,5,-16,4,-16,5,-16,5,-16,5,-17,5,-17,5,-17,5,-17,5,-17,5,-19,6,-18,6,-18,6,-19,6,-18,6,-19,6,-20,7,-19,7,-19,8,-18,9,-19,9,-18,10,-19,10,-19,11,-18,11,-17,0,0,-1,13,-1,13,0,13,-1,14,0,13,-1,14,0,14,0,13,0,14,1,14,1,15,2,15,2,14,2,14,1,14,3,15,3,14,3,14,4,14,4,15,4,15,5,15,5,15,7,14,6,16,8,15,0,0,8,15,8,16,9,16,8,16,9,16,9,17,10,17,10,17,10,17,11,17,12,18,11,18,10,18,11,19,11,19,11,20,11,20,11,21,11,21,10,21,9,22,8,21,8,22,9,23,7,24,6,24,0,0]"
CSI_DATA: 277,7,55,55,58,55,68,0,-21,-22,26284.249,26287.238,211.419,26781.486,387.491,257.487,"[5,16,5,16,6,15,5,17,4,16,4,16,4,15,4,15,3,15,4,14,4,15,5,15,5,15,4,14,4,14,5,14,5,13,4,12,5,13,4,13,4,13,5,12,4,12,6,11,6,12,6,12,0,0,6,11,7,11,8,11,8,11,8,11,8,11,8,11,8,11,8,11,9,11,11,11,9,11,10,12,11,12,10,12,11,13,11,13,11,13,11,14,10,14,10,15,10,16,10,16,11,17,10,17,9,18,0,0,14,-6,15,-6,14,-7,16,-7,15,-6,15,-7,14,-7,14,-7,14,-7,13,-7,15,-8,14,-9,14,-9,14,-9,14,-8,14,-11,14,-10,13,-9,13,-11,14,-10,14,-10,14,-11,13,-10,13,-12,14,-12,14,-13,0,0,13,-13,14,-13,14,-14,13,-14,14,-13,14,-14,15,-14,14,-14,14,-14,14,-14,14,-15,14,-14,15,-14,15,-15,15,-14,16,-15,16,-15,16,-15,16,-14,16,-14,17,-13,17,-13,17,-12,18,-13,18,-12,19,-11,0,0]"
CSI_DATA: 278,3,51,51,67,50,69,0,-21,-23,26756.561,26757.457,11.393,26926.750,145.264,12.750,"[8,8,8,8,9,7,9,9,9,8,9,8,9,8,9,7,10,8,10,7,11,8,11,7,11,7,11,7,11,7,13,6,12,6,12,6,13,6,13,6,13,7,14,6,13,6,14,4,15,6,15,5,0,0,16,5,17,4,17,4,17,4,17,5,18,5,18,5,18,5,19,5,19,5,20,4,19,5,19,5,20,5,20,6,21,5,21,6,21,7,21,7,21,8,20,9,21,9,21,10,21,9,20,11,19,12,0,0,-1,15,0,15,1,15,0,17,0,16,0,16,0,16,-1,16,0,16,0,16,0,17,1,17,1,17,1,16,0,17,2,17,2,16,2,16,2,16,1,16,1,17,2,17,1,16,4,16,3,18,4,18,0,0,5,17,4,17,5,18,5,17,5,18,5,18,5,18,5,18,5,18,5,18,7,19,5,18,5,19,5,19,5,20,6,20,5,20,5,20,4,20,3,20,3,21,2,20,2,20,2,20,0,20,-1,20,0,0]"
CSI_DATA: 279,4,58,58,67,57,69,0,-23,-25,26753.456,26754.352,57.112,26972.400,190.914,58.400,"[-13,1,-13,2,-12,2,-14,2,-13,2,-13,2,-12,3,-12,3,-12,3,-12,4,-13,3,-12,4,-13,4,-12,4,-12,4,-12,5,-11,5,-11,5,-11,6,-12,6,-12,6,-12,6,-11,6,-11,7,-12,8,-11,8,0,0,-11,8,-12,9,-12,9,-11,9,-12,9,-12,10,-12,10,-12,10,-12,10,-12,10,-12,11,-13,10,-14,11,-14,11,-13,11,-14,11,-15,11,-15,11,-15,10,-15,10,-16,9,-17,9,-17,9,-17,9,-17,7,-18,7,0,0,17,3,17,3,17,2,18,3,17,3,16,3,17,3,16,3,16,4,15,3,17,4,17,3,17,3,16,3,15,4,17,2,15,1,15,2,15,1,15,2,15,2,15,2,14,2,14,0,15,1,15,0,0,0,15,-1,15,-1,15,-1,15,-2,15,-1,16,-1,16,-2,15,-2,16,-2,16,-2,17,-3,16,-2,17,-2,17,-3,17,-3,18,-3,18,-3,18,-2,18,-1,18,-1,19,0,18,0,19,1,19,1,19,3,19,3,0,0]"
CSI_DATA: 280,5,63,63,67,62,69,0,-24,-21,26756.508,26757.404,101.693,27033.453,251.967,119.453,"[10,10,11,10,11,9,11,10,11,10,11,10,11,9,11,9,11,9,11,9,12,10,12,9,12,9,12,9,11,10,13,8,12,8,11,8,12,8,12,8,12,9,12,8,11,8,13,7,13,8,13,7,0,0,13,7,14,7,14,7,13,7,13,7,14,8,14,8,14,8,14,7,13,7,15,7,14,8,14,8,14,8,13,8,14,8,14,9,14,8,13,9,12,9,12,10,12,10,12,10,12,10,11,11,11,10,0,0,4,-14,3,-15,2,-15,3,-15,2,-15,2,-15,2,-16,2,-15,1,-16,1,-15,0,-17,0,-17,-1,-17,-1,-17,-1,-17,-3,-19,-3,-17,-3,-18,-4,-17,-3,-18,-3,-19,-4,-19,-3,-19,-6,-18,-5,-20,-7,-20,0,0,-7,-19,-8,-20,-9,-20,-9,-20,-8,-20,-9,-21,-9,-21,-9,-21,-10,-21,-10,-22,-12,-23,-10,-22,-11,-22,-11,-23,-12,-24,-12,-24,-12,-24,-12,-25,-11,-25,-10,-26,-10,-27,-9,-26,-9,-27,-9,-27,-7,-28,-6,-28,0,0]"
CSI_DATA: 281,6,61,61,66,60,69,0,-21,-16,26759.634,26760.530,157.82,27099.272,317.786,185.272,"[-11,-6,-12,-6,-12,-5,-13,-6,-12,-6,-12,-5,-13,-6,-12,-5,-13,-5,-12,-5,-14,-5,-13,-4,-14,-4,-14,-4,-14,-5,-15,-4,-14,-3,-14,-3,-15,-3,-15,-3,-15,-4,-15,-3,-15,-3,-16,-2,-16,-3,-17,-2,0,0,-16,-2,-17,-2,-17,-2,-17,-1,-17,-2,-18,-2,-18,-2,-18,-2,-18,-2,-18,-2,-19,-1,-18,-2,-19,-2,-19,-2,-19,-2,-19,-2,-20,-2,-20,-2,-20,-3,-19,-4,-20,-4,-19,-5,-20,-5,-20,-5,-20,-6,-20,-7,0,0,9,-12,9,-12,8,-12,10,-13,9,-12,9,-13,9,-13,9,-12,9,-13,8,-13,9,-14,8,-14,8,-14,8,-14,9,-14,7,-16,7,-15,7,-15,6,-15,7,-16,8,-15,7,-16,7,-16,5,-17,7,-17,5,-18,0,0,5,-18,5,-19,5,-19,4,-19,5,-19,5,-20,5,-20,5,-20,4,-21,5,-21,5,-22,5,-21,5,-21,6,-22,5,-23,6,-24,6,-23,7,-24,8,-24,8,-23,9,-24,9,-23,10,-23,10,-24,12,-23,13,-22,0,0]"
CSI_DATA: 282,7,56,56,59,56,69,0,-20,-21,26674.576,26675.472,201.425,27168.525,387.39,254.525,"[14,-11,14,-11,13,-11,15,-11,13,-11,14,-11,14,-11,13,-10,14,-10,12,-10,14,-11,13,-11,13,-11,13,-11,14,-10,13,-11,12,-11,12,-10,11,-11,12,-10,12,-10,11,-10,11,-9,9,-11,10,-11,10,-12,0,0,9,-12,9,-12,9,-13,8,-12,8,-12,8,-13,8,-13,8,-13,7,-14,7,-13,7,-15,7,-14,7,-15,7,-16,7,-15,7,-17,7,-17,7,-17,8,-17,9,-16,10,-17,10,-17,10,-17,10,-18,12,-17,13,-18,0,0,17,5,17,4,17,3,17,4,17,4,16,4,16,3,15,3,14,3,15,2,15,2,15,1,15,1,14,0,14,1,16,-2,14,-2,15,-2,15,-3,16,-2,16,-2,16,-3,16,-2,17,-4,18,-3,18,-4,0,0,18,-4,18,-4,19,-4,18,-4,18,-3,19,-4,19,-3,19,-3,19,-4,19,-4,20,-4,19,-3,19,-3,20,-3,20,-3,20,-3,21,-3,20,-2,20,-1,20,-1,20,0,20,0,20,1,20,1,20,3,20,3,0,0]"
CSI_DATA: 283,3,52,52,68,51,70,0,-19,-22,27146.216,27147.427,9.360,27316.755,148.230,12.756,"[-14,5,-14,6,-13,7,-14,7,-14,6,-14,7,-14,6,-13,7,-14,6,-13,8,-14,8,-13,9,-13,9,-13,9,-13,9,-13,10,-12,10,-12,10,-12,11,-13,10,-13,10,-12,11,-12,10,-11,12,-13,12,-12,13,0,0,-12,14,-12,14,-13,15,-11,15,-13,15,-13,15,-13,15,-13,15,-13,16,-13,16,-13,17,-14,16,-14,16,-14,16,-15,17,-15,17,-15,17,-15,17,-16,16,-17,15,-18,15,-18,15,-19,15,-18,16,-19,14,-19,14,0,0,15,1,14,0,14,-1,16,0,14,0,15,0,14,0,14,0,14,0,14,-1,15,-1,15,-1,14,-2,14,-2,14,-1,15,-3,14,-3,14,-2,13,-3,14,-3,14,-2,14,-3,13,-3,13,-5,14,-5,14,-5,0,0,14,-6,14,-6,14,-7,14,-7,14,-7,14,-7,14,-7,14,-7,15,-8,15,-8,15,-10,15,-8,15,-9,16,-9,16,-9,17,-10,17,-10,17,-9,18,-8,18,-8,19,-7,18,-7,19,-7,19,-8,20,-5,20,-5,0,0]"
CSI_DATA: 284,4,59,59,68,58,70,0,-22,-25,27143.112,27144.323,55.126,27372.817,204.292,68.818,"[-13,5,-13,5,-12,6,-14,6,-14,6,-13,6,-13,6,-13,6,-13,6,-12,7,-13,7,-12,8,-13,8,-12,8,-13,7,-12,8,-11,8,-11,8,-11,9,-11,8,-12,8,-11,9,-11,8,-10,10,-11,10,-10,11,0,0,-10,11,-11,11,-11,12,-10,12,-10,12,-11,12,-11,12,-11,12,-11,13,-11,12,-11,14,-11,13,-12,13,-12,13,-12,13,-13,13,-13,13,-13,13,-13,12,-14,11,-15,11,-15,10,-15,10,-15,10,-16,9,-16,9,0,0,7,15,7,16,8,15,7,17,7,15,7,15,6,15,6,14,6,15,6,13,7,15,7,14,7,14,7,13,5,14,8,13,7,12,6,12,7,12,6,12,6,12,7,12,7,11,8,10,8,11,9,11,0,0,9,10,9,11,10,10,10,10,10,10,10,11,10,11,10,11,11,11,11,10,12,11,11,11,11,11,12,11,13,12,13,12,13,12,12,12,12,13,11,14,11,14,10,15,10,15,11,15,10,16,9,17,0,0]"
CSI_DATA: 285,5,64,64,68,63,70,0,-25,-22,27146.164,27147.375,99.692,27436.846,268.321,132.847,"[-9,14,-9,14,-8,15,-9,15,-9,15,-9,14,-9,14,-9,14,-9,14,-7,14,-8,15,-7,15,-7,16,-7,15,-8,15,-7,16,-6,15,-6,15,-6,15,-7,16,-7,16,-6,16,-6,15,-4,16,-6,17,-5,17,0,0,-5,17,-5,17,-5,18,-4,17,-5,17,-5,18,-5,18,-5,17,-5,18,-4,18,-4,19,-5,18,-5,18,-5,18,-5,18,-5,19,-5,19,-6,18,-6,18,-7,17,-8,18,-8,17,-8,18,-7,18,-9,17,-10,16,0,0,14,4,15,3,15,2,16,3,15,3,15,3,15,2,14,2,15,2,15,2,16,1,16,1,16,1,16,0,16,1,17,-1,15,-2,16,-1,16,-1,16,-1,16,0,16,-1,16,-1,16,-3,17,-2,17,-3,0,0,17,-4,18,-4,18,-5,17,-5,18,-4,19,-4,19,-4,19,-4,19,-5,19,-5,20,-6,20,-5,20,-5,20,-5,20,-5,21,-5,21,-5,21,-4,21,-3,21,-2,22,-1,21,-1,22,0,22,-1,22,1,22,2,0,0]"
CSI_DATA: 286,6,62,62,67,61,70,0,-25,-25,27149.290,27150.501,155.76,27499.632,331.107,195.633,"[-7,-7,-7,-6,-8,-6,-8,-7,-8,-6,-8,-6,-9,-6,-9,-6,-9,-6,-9,-5,-10,-6,-11,-6,-11,-6,-11,-5,-11,-6,-12,-5,-12,-5,-12,-5,-12,-4,-12,-5,-12,-6,-13,-5,-13,-5,-14,-4,-14,-5,-14,-4,0,0,-14,-4,-15,-4,-15,-4,-15,-3,-15,-4,-16,-4,-16,-4,-16,-3,-17,-3,-17,-3,-17,-3,-17,-4,-17,-4,-18,-4,-18,-4,-18,-4,-19,-4,-18,-4,-18,-5,-18,-6,-18,-7,-18,-7,-19,-8,-18,-7,-18,-8,-18,-9,0,0,0,14,0,15,1,14,0,16,0,15,0,15,0,15,0,15,0,15,1,15,2,16,2,16,2,16,3,16,2,17,4,16,4,16,4,15,5,16,4,17,4,17,5,17,5,17,8,16,8,18,9,18,0,0,9,18,9,18,10,19,10,18,10,19,10,20,10,20,10,20,11,20,12,20,14,21,12,21,12,21,12,22,12,22,13,23,13,22,13,24,11,25,11,24,11,26,10,25,9,25,11,26,8,27,8,27,0,0]"
CSI_DATA: 287,7,57,57,60,57,70,0,-21,-27,27064.233,27065.444,199.423,27564.739,396.214,260.740,"[11,-15,10,-15,9,-16,11,-16,11,-15,10,-15,10,-14,10,-14,11,-13,9,-13,10,-14,10,-14,10,-14,9,-13,9,-13,8,-14,8,-13,7,-12,7,-13,7,-13,8,-13,7,-13,7,-13,6,-14,7,-15,6,-15,0,0,5,-14,6,-15,5,-15,5,-15,5,-15,5,-15,5,-15,5,-15,4,-16,4,-16,4,-17,4,-16,4,-17,4,-18,4,-17,4,-18,4,-19,4,-19,5,-19,6,-19,6,-20,7,-20,7,-21,7,-21,9,-21,10,-20,0,0,-8,-15,-8,-15,-9,-15,-8,-17,-8,-15,-7,-16,-8,-15,-6,-15,-7,-15,-7,-14,-8,-15,-8,-14,-8,-14,-9,-13,-8,-13,-11,-13,-11,-12,-11,-13,-12,-13,-12,-14,-12,-14,-13,-14,-12,-15,-14,-13,-14,-15,-15,-15,0,0,-15,-15,-15,-15,-16,-16,-16,-15,-15,-16,-15,-17,-15,-17,-14,-17,-15,-17,-14,-16,-16,-17,-14,-17,-14,-17,-14,-17,-14,-17,-14,-17,-14,-16,-13,-16,-12,-16,-11,-16,-11,-16,-10,-16,-10,-15,-11,-15,-9,-15,-9,-15,0,0]"
CSI_DATA: 288,3,53,53,69,52,71,0,-25,-19,27536.195,27537.483,11.409,27706.840,142.101,12.841,"[12,-3,12,-4,11,-4,13,-4,11,-4,12,-4,11,-4,11,-4,11,-4,10,-5,11,-5,10,-6,11,-6,10,-6,11,-6,9,-7,9,-7,9,-7,9,-7,9,-7,9,-7,9,-8,9,-8,8,-9,9,-9,8,-10,0,0,8,-11,8,-11,8,-12,7,-12,8,-12,8,-12,8,-13,8,-13,8,-13,8,-13,7,-16,8,-15,8,-15,9,-16,8,-16,9,-18,9,-17,10,-17,10,-17,11,-17,12,-17,13,-17,13,-17,13,-18,15,-17,16,-17,0,0,-3,-16,-3,-16,-4,-15,-3,-17,-3,-16,-4,-16,-4,-15,-3,-15,-4,-15,-4,-15,-5,-16,-6,-15,-6,-15,-6,-14,-5,-15,-8,-14,-8,-13,-7,-13,-8,-13,-8,-14,-8,-14,-8,-13,-8,-13,-10,-12,-11,-13,-12,-13,0,0,-12,-12,-13,-13,-14,-13,-14,-13,-14,-13,-15,-14,-15,-14,-15,-14,-16,-14,-16,-14,-19,-14,-17,-14,-17,-15,-18,-16,-19,-16,-19,-16,-19,-17,-19,-18,-19,-18,-18,-19,-18,-21,-16,-20,-17,-21,-18,-21,-16,-23,-15,-23,0,0]"
CSI_DATA: 289,4,60,60,69,59,71,0,-24,-28,27533.92,27534.380,57.132,27767.115,202.376,73.116,"[-13,-6,-13,-5,-13,-4,-14,-5,-14,-5,-14,-5,-13,-5,-13,-4,-14,-5,-13,-4,-14,-4,-14,-4,-14,-4,-14,-3,-14,-4,-14,-2,-13,-2,-13,-2,-14,-2,-14,-2,-14,-2,-14,-1,-13,-2,-13,0,-15,-1,-14,0,0,0,-14,0,-15,0,-15,1,-14,1,-16,1,-16,1,-16,1,-15,1,-16,1,-15,1,-16,1,-17,0,-17,0,-18,1,-16,0,-18,1,-18,0,-18,0,-18,-1,-17,-1,-18,-3,-18,-3,-17,-3,-18,-3,-17,-5,-17,-5,0,0,18,-3,18,-3,17,-4,19,-2,17,-2,17,-1,17,-1,16,-1,16,0,15,-1,16,-1,16,-2,15,-2,14,-2,14,-1,14,-2,13,-2,13,-1,13,-3,13,-1,12,-1,12,-2,11,-2,11,-3,12,-4,12,-4,0,0,11,-4,11,-5,11,-6,10,-6,11,-5,11,-6,11,-6,11,-6,11,-7,10,-7,11,-8,11,-8,11,-8,12,-8,12,-8,13,-9,12,-9,13,-9,14,-8,14,-8,14,-8,15,-7,15,-7,16,-8,16,-6,17,-6,0,0]"
CSI_DATA: 290,5,65,65,69,64,71,0,-22,-26,27536.144,27537.432,101.682,27833.915,269.176,139.916,"[14,8,14,9,14,7,15,9,13,9,14,9,14,9,13,8,13,9,13,7,14,8,14,8,14,8,14,7,13,8,14,7,14,6,13,7,14,7,14,7,14,8,14,7,13,7,15,5,15,7,15,6,0,0,15,6,15,6,16,6,15,5,15,6,16,6,15,6,15,6,15,6,15,6,16,6,15,6,15,6,15,7,15,7,16,7,16,7,15,7,15,8,14,8,14,9,13,9,13,9,14,9,13,10,12,10,0,0,-17,-1,-18,-1,-17,0,-19,-1,-18,-1,-18,-1,-18,-1,-18,-1,-18,-1,-17,-1,-19,0,-19,1,-19,1,-18,1,-19,0,-20,2,-19,2,-18,1,-19,2,-20,1,-20,1,-19,2,-19,1,-19,4,-20,3,-21,4,0,0,-20,3,-20,4,-21,5,-20,5,-21,4,-22,3,-21,3,-22,3,-22,4,-21,4,-22,6,-21,4,-21,4,-22,4,-22,4,-23,4,-23,4,-23,3,-23,2,-23,2,-23,1,-22,1,-22,0,-23,2,-23,0,-22,0,0,0]"
CSI_DATA: 291,7,58,58,61,58,71,0,-22,-24,27454.214,27455.502,201.432,27896.858,332.119,202.859,"[6,-17,6,-17,5,-17,6,-18,6,-17,6,-16,5,-16,5,-15,6,-15,4,-15,5,-16,4,-16,4,-16,4,-15,5,-15,4,-16,3,-15,3,-14,3,-15,3,-14,3,-14,3,-14,3,-13,1,-14,2,-15,1,-14,0,0,0,-14,0,-14,-1,-14,-1,-14,-1,-14,-2,-14,-2,-14,-2,-14,-2,-15,-3,-14,-4,-15,-3,-16,-4,-16,-4,-17,-4,-17,-5,-18,-5,-18,-5,-19,-4,-19,-3,-19,-3,-21,-2,-21,-2,-22,-2,-23,0,-23,1,-23,0,0,-14,-11,-15,-11,-15,-10,-16,-12,-15,-11,-15,-11,-15,-11,-15,-11,-15,-11,-15,-10,-17,-11,-17,-10,-17,-11,-17,-10,-16,-12,-17,-11,-16,-10,-16,-10,-16,-10,-16,-10,-16,-11,-16,-10,-15,-10,-17,-8,-17,-10,-18,-9,0,0,-17,-8,-18,-9,-18,-8,-18,-8,-18,-8,-18,-9,-18,-9,-17,-9,-18,-9,-17,-9,-18,-9,-17,-9,-17,-9,-17,-10,-17,-9,-17,-10,-17,-9,-16,-10,-16,-10,-15,-10,-15,-11,-14,-11,-13,-11,-14,-10,-13,-11,-13,-11,0,0]"
CSI_DATA: 292,3,54,54,70,53,72,0,-21,-21,27926.213,27927.425,11.350,28096.714,199.856,12.716,"[13,4,13,4,13,3,14,4,14,4,14,4,14,3,14,3,14,4,14,3,15,3,15,2,15,2,15,2,15,3,16,1,15,1,15,1,16,1,16,1,17,1,17,1,16,1,17,-1,18,0,18,-1,0,0,18,-1,19,-1,19,-2,18,-2,19,-1,20,-1,20,-1,20,-1,20,-2,20,-2,21,-3,20,-2,21,-1,22,-1,21,-1,22,-1,22,0,22,0,22,0,22,1,22,2,22,3,23,3,23,3,22,4,22,5,0,0,-17,0,-16,1,-16,2,-17,1,-16,2,-16,1,-16,2,-15,2,-16,2,-15,3,-16,3,-16,4,-15,4,-15,5,-15,4,-16,6,-14,6,-15,6,-14,6,-15,7,-15,7,-15,8,-15,7,-14,9,-15,9,-15,10,0,0,-15,10,-16,12,-15,11,-15,13,-15,12,-16,12,-16,12,-16,12,-17,14,-17,14,-17,15,-17,13,-17,13,-18,14,-19,14,-18,15,-19,15,-19,14,-20,14,-20,13,-22,12,-21,12,-22,12,-22,12,-23,10,-23,9,0,0]"
CSI_DATA: 293,4,61,61,70,60,72,0,-23,-32,27923.111,27924.323,57.111,28149.440,252.582,65.442,"[2,-13,2,-14,1,-13,2,-15,1,-14,1,-15,1,-14,1,-14,1,-14,0,-14,0,-15,0,-15,0,-15,-1,-15,0,-15,-1,-14,-1,-14,-1,-13,-2,-14,-2,-14,-2,-14,-2,-14,-2,-13,-4,-14,-4,-15,-5,-15,0,0,-5,-15,-5,-15,-6,-15,-6,-14,-6,-15,-6,-16,-6,-16,-6,-15,-6,-16,-6,-15,-7,-17,-6,-16,-7,-17,-7,-18,-6,-17,-7,-18,-6,-18,-6,-18,-6,-18,-5,-18,-4,-19,-3,-19,-3,-19,-4,-19,-2,-19,-1,-19,0,0,-12,-19,-12,-18,-12,-18,-11,-19,-11,-19,-10,-18,-10,-18,-9,-17,-9,-18,-8,-17,-9,-18,-9,-17,-8,-17,-8,-16,-6,-16,-8,-16,-7,-14,-6,-15,-6,-13,-6,-13,-5,-13,-6,-13,-5,-13,-6,-11,-6,-12,-6,-12,0,0,-6,-10,-6,-10,-6,-9,-6,-9,-5,-9,-6,-8,-6,-7,-6,-7,-6,-7,-6,-6,-7,-6,-7,-5,-7,-5,-8,-5,-8,-5,-8,-4,-9,-4,-9,-3,-9,-4,-9,-4,-10,-4,-10,-4,-11,-4,-11,-3,-11,-4,-11,-5,0,0]"
CSI_DATA: 294,5,66,66,70,65,72,0,-23,-31,27926.163,27927.374,101.681,28220.414,323.556,136.416,"[-14,11,-13,11,-12,12,-14,12,-13,12,-13,11,-13,11,-12,11,-13,12,-12,11,-13,12,-12,12,-12,13,-12,12,-13,12,-12,13,-11,12,-11,11,-11,13,-11,12,-11,13,-10,13,-11,11,-10,13,-11,14,-10,14,0,0,-10,14,-10,14,-10,15,-9,14,-10,15,-9,15,-10,15,-10,15,-10,15,-9,14,-10,15,-10,14,-10,15,-10,16,-10,15,-11,15,-10,15,-11,15,-10,15,-11,14,-12,14,-12,14,-13,13,-12,13,-13,12,-13,12,0,0,8,17,8,17,9,17,8,18,8,18,6,17,6,17,6,17,6,17,6,16,7,17,7,17,7,17,6,17,5,17,7,17,6,15,5,16,6,15,5,16,4,16,5,15,4,15,6,14,5,15,5,15,0,0,5,14,5,14,6,14,6,13,5,13,5,14,5,13,5,13,5,13,5,12,6,12,5,12,5,12,5,11,5,11,6,11,7,11,6,10,6,10,6,10,6,11,6,11,7,11,7,11,7,11,6,11,0,0]"
CSI_DATA: 295,6,63,63,69,62,72,0,-26,-29,27929.289,27930.500,157.74,28284.534,387.676,200.536,"[-8,3,-8,3,-7,4,-9,4,-8,4,-8,4,-8,4,-8,5,-8,5,-8,5,-9,6,-8,6,-8,6,-8,7,-9,7,-8,7,-8,7,-8,7,-8,7,-8,8,-8,8,-8,8,-8,7,-7,9,-8,9,-8,9,0,0,-8,9,-9,10,-8,10,-8,10,-8,10,-9,10,-8,10,-8,10,-9,10,-8,10,-9,11,-9,10,-9,11,-9,11,-9,10,-9,11,-9,11,-9,11,-9,10,-10,10,-11,10,-11,9,-10,9,-10,10,-11,9,-11,8,0,0,15,8,14,7,14,7,14,8,14,8,13,8,13,8,12,8,13,8,12,7,13,7,13,6,13,6,12,6,12,6,14,5,13,4,13,4,12,4,12,4,13,4,13,4,14,4,14,1,15,2,16,1,0,0,15,1,16,1,16,0,17,0,16,1,17,1,17,1,18,1,18,1,19,0,20,0,19,1,19,0,19,1,20,1,20,1,21,2,20,2,20,3,20,4,21,4,20,5,21,5,20,4,20,6,19,7,0,0]"
CSI_DATA: 296,7,59,59,62,59,72,0,-20,-22,27844.233,27845.445,201.423,28342.162,445.304,258.164,"[-14,6,-14,6,-13,6,-15,6,-14,5,-14,6,-13,5,-13,5,-13,5,-12,5,-13,6,-12,6,-12,6,-11,6,-12,6,-11,7,-10,7,-10,7,-10,7,-10,7,-10,7,-10,8,-10,7,-9,8,-10,9,-10,9,0,0,-9,9,-9,10,-9,10,-8,10,-9,10,-9,11,-9,11,-9,11,-9,11,-8,11,-9,13,-9,12,-9,13,-9,13,-10,13,-10,14,-10,14,-11,14,-11,13,-12,13,-13,13,-13,13,-14,13,-14,14,-15,12,-16,12,0,0,8,14,8,14,9,13,9,14,9,14,8,14,8,14,7,13,7,14,8,13,8,14,9,13,8,13,8,12,7,13,9,12,8,11,8,11,8,11,8,11,8,11,9,11,8,11,10,9,10,11,10,11,0,0,10,10,11,10,11,10,11,10,10,10,10,11,10,10,10,10,10,11,10,10,11,10,10,10,10,10,10,10,10,11,10,10,10,10,10,11,9,11,8,11,8,11,8,11,8,11,8,11,7,11,6,11,0,0]"
CSI_DATA: 297,3,55,55,71,54,73,0,-21,-23,28316.198,28317.419,11.328,28486.775,144.613,12.777,"[3,-13,3,-13,2,-13,3,-14,3,-14,2,-14,2,-14,2,-13,2,-14,1,-14,2,-15,1,-15,1,-15,1,-15,1,-15,0,-16,0,-15,0,-15,-1,-16,0,-16,0,-16,-1,-16,0,-15,-2,-16,-1,-17,-2,-17,0,0,-2,-17,-2,-18,-3,-18,-3,-17,-2,-18,-3,-19,-3,-19,-3,-18,-2,-19,-3,-19,-3,-20,-2,-19,-2,-19,-2,-20,-2,-20,-2,-21,-2,-21,-1,-21,-1,-21,0,-20,1,-20,1,-20,2,-20,2,-21,3,-20,3,-20,0,0,-6,18,-6,18,-5,18,-7,19,-6,18,-6,18,-6,18,-6,17,-7,17,-5,17,-6,18,-5,18,-5,17,-5,17,-6,17,-4,18,-4,17,-4,16,-3,17,-4,17,-4,17,-4,17,-4,17,-2,17,-3,18,-2,18,0,0,-2,18,-2,19,-2,19,-1,18,-2,19,-2,19,-2,19,-2,18,-2,19,-2,19,-1,20,-2,18,-2,19,-2,19,-2,19,-2,19,-2,19,-2,19,-3,19,-3,18,-4,19,-4,18,-4,19,-3,19,-5,19,-5,18,0,0]"
CSI_DATA: 298,4,62,62,71,61,73,0,-23,-37,28313.97,28314.318,57.97,28542.113,199.951,68.115,"[8,11,8,11,10,10,10,12,10,11,9,11,9,11,9,10,10,11,10,10,10,11,10,11,10,11,10,10,10,11,12,10,11,9,10,9,11,9,11,9,11,9,12,9,11,9,12,8,12,9,13,8,0,0,13,8,13,7,14,8,13,8,14,8,14,8,14,8,14,8,14,8,14,8,15,8,14,8,14,9,15,8,14,9,15,9,15,10,14,10,14,10,14,10,13,11,13,11,13,12,13,13,11,13,10,13,0,0,13,16,13,15,14,15,13,17,12,16,12,16,12,15,11,14,11,14,11,14,12,15,12,14,12,14,11,13,9,13,12,13,11,11,10,12,10,11,9,12,8,12,9,11,7,11,8,9,8,10,8,10,0,0,7,8,6,8,6,8,6,7,5,7,4,7,4,6,3,6,3,5,3,5,3,5,2,3,1,3,1,2,1,2,0,1,0,1,-1,0,-1,-1,-1,-1,-2,-2,-2,-2,-2,-3,-2,-4,-2,-5,-3,-5,0,0]"
CSI_DATA: 299,5,67,67,71,66,73,0,-23,-37,28316.148,28317.369,101.687,28599.679,257.517,125.681,"[-19,-3,-20,-3,-19,-2,-21,-3,-19,-3,-20,-3,-19,-3,-18,-3,-19,-3,-18,-2,-19,-3,-19,-2,-19,-3,-19,-2,-19,-3,-19,-1,-18,-1,-17,-1,-18,0,-18,-1,-18,-1,-18,0,-17,-1,-18,1,-19,0,-19,1,0,0,-18,2,-18,1,-19,2,-18,2,-19,1,-19,2,-19,2,-18,2,-19,2,-18,2,-19,3,-19,1,-19,1,-20,2,-19,1,-20,2,-19,1,-20,1,-20,1,-19,0,-19,0,-19,-1,-19,-1,-19,-1,-19,-3,-19,-3,0,0,-12,7,-12,8,-12,8,-13,8,-12,8,-12,8,-13,7,-11,7,-12,7,-12,7,-13,8,-12,8,-12,8,-12,7,-13,7,-13,8,-12,7,-12,7,-12,7,-13,7,-13,6,-13,7,-13,6,-12,7,-13,7,-13,7,0,0,-12,6,-13,6,-13,6,-12,6,-12,5,-12,5,-12,4,-11,4,-11,4,-10,4,-11,4,-10,3,-10,2,-9,2,-8,3,-8,3,-7,3,-6,3,-6,2,-5,3,-4,3,-4,3,-3,3,-3,4,-2,4,-2,5,0,0]"
CSI_DATA: 300,6,64,64,70,63,73,0,-22,-22,28319.275,28320.496,157.158,28665.189,323.27,191.191,"[2,8,3,8,4,8,4,9,4,8,5,8,5,8,5,8,5,9,6,8,7,9,7,9,7,9,8,9,8,10,9,9,9,8,8,9,9,9,9,10,9,10,9,10,9,9,11,9,11,11,11,10,0,0,11,10,12,11,12,10,12,10,12,10,12,11,12,11,12,11,13,11,12,11,13,11,12,12,12,12,13,12,12,11,13,12,13,12,13,13,12,13,12,13,11,14,11,14,11,14,11,14,10,15,10,15,0,0,10,-11,11,-11,10,-11,11,-12,10,-11,10,-11,10,-11,10,-11,10,-11,10,-12,10,-13,10,-13,9,-13,9,-13,9,-12,8,-14,7,-14,8,-13,7,-14,7,-14,8,-14,7,-15,7,-15,5,-16,6,-17,5,-18,0,0,5,-18,5,-19,5,-19,5,-19,5,-20,6,-20,5,-20,6,-21,5,-21,5,-22,5,-23,5,-22,6,-22,6,-22,7,-22,7,-23,7,-23,8,-23,9,-22,9,-22,10,-22,10,-21,10,-21,9,-21,11,-21,11,-20,0,0]"
CSI_DATA: 301,7,60,60,63,60,73,0,-23,-18,28234.220,28235.441,201.400,28727.163,385.01,253.165,"[2,-17,2,-17,1,-16,2,-18,1,-17,2,-16,1,-16,1,-16,1,-16,1,-15,1,-17,1,-16,1,-16,1,-16,1,-16,0,-16,0,-15,0,-14,-1,-15,0,-15,0,-15,-1,-14,0,-14,-2,-14,-1,-15,-2,-15,0,0,-3,-14,-3,-15,-4,-15,-4,-14,-4,-15,-4,-15,-5,-15,-5,-14,-5,-15,-5,-15,-6,-16,-5,-15,-5,-16,-6,-16,-6,-16,-7,-17,-7,-17,-7,-18,-6,-18,-5,-18,-5,-19,-4,-19,-4,-20,-4,-21,-3,-20,-2,-21,0,0,-2,-18,-2,-18,-3,-18,-2,-19,-2,-19,-2,-19,-2,-19,-1,-18,-1,-18,-1,-18,-1,-19,-2,-18,-2,-18,-2,-17,-1,-17,-4,-17,-4,-16,-4,-16,-5,-16,-4,-16,-4,-16,-5,-16,-4,-16,-6,-16,-6,-17,-7,-17,0,0,-7,-17,-8,-18,-8,-18,-8,-18,-7,-18,-7,-18,-7,-18,-6,-18,-7,-19,-7,-19,-8,-20,-6,-18,-6,-18,-6,-19,-6,-19,-7,-20,-7,-19,-6,-20,-5,-19,-4,-19,-4,-20,-3,-18,-3,-19,-4,-19,-2,-19,-2,-18,0,0]"
CSI_DATA: 302,3,56,56,72,55,74,0,-19,-31,28706.180,28707.465,11.413,28878.629,151.466,14.629,"[5,5,5,5,6,4,6,5,6,5,6,5,6,5,6,4,6,5,6,4,7,4,7,4,7,4,7,4,7,4,7,4,7,3,7,3,8,3,7,4,7,4,8,4,7,3,8,2,9,3,9,3,0,0,9,2,9,3,9,3,9,2,9,3,9,3,9,3,9,3,10,3,9,2,10,2,10,3,10,3,10,3,10,3,10,3,10,3,10,4,10,4,10,4,10,4,10,5,9,5,10,4,9,5,9,5,0,0,-1,14,-1,14,0,14,-2,15,-2,15,-2,14,-2,14,-2,14,-2,14,-1,13,-1,15,0,15,-1,14,0,14,-1,14,1,14,2,14,1,14,2,14,2,15,1,15,2,15,1,15,4,15,3,16,4,16,0,0,4,16,4,16,5,16,5,17,4,17,4,17,4,17,4,17,4,17,4,17,4,18,3,17,3,17,3,17,3,17,3,17,3,17,2,16,2,16,1,15,1,15,1,14,0,15,1,14,-1,13,-1,13,0,0]"
CSI_DATA: 303,4,63,63,72,62,74,0,-24,-40,28703.80,28704.365,57.135,28922.417,195.254,58.417,"[-12,-2,-13,-2,-12,-1,-14,-2,-13,-2,-13,-2,-13,-2,-12,-2,-13,-2,-12,-1,-14,-1,-13,0,-13,0,-13,0,-13,-1,-13,0,-13,0,-12,0,-13,1,-13,1,-13,0,-13,1,-12,1,-13,2,-14,2,-13,2,0,0,-13,3,-14,2,-14,3,-13,3,-14,3,-14,3,-14,3,-14,3,-14,2,-14,3,-15,4,-15,3,-15,3,-15,3,-14,2,-15,3,-15,3,-15,2,-15,1,-15,1,-15,0,-15,-1,-15,-1,-15,0,-15,-2,-14,-2,0,0,-3,-6,-3,-6,-4,-6,-3,-6,-3,-6,-3,-6,-4,-6,-3,-6,-4,-6,-4,-6,-4,-7,-4,-7,-4,-7,-5,-7,-5,-7,-6,-7,-5,-7,-5,-8,-6,-7,-6,-8,-6,-8,-7,-7,-6,-8,-7,-8,-7,-8,-7,-8,0,0,-8,-8,-8,-8,-9,-8,-9,-8,-8,-8,-9,-8,-9,-8,-9,-8,-9,-8,-9,-8,-10,-8,-9,-8,-9,-8,-9,-8,-10,-8,-10,-8,-10,-8,-10,-8,-10,-9,-10,-9,-10,-9,-9,-9,-10,-10,-10,-10,-9,-11,-8,-11,0,0]"
CSI_DATA: 304,5,68,68,72,67,74,0,-24,-27,28706.131,28707.416,101.701,28987.478,260.315,123.478,"[-18,-4,-19,-4,-18,-3,-19,-4,-18,-4,-18,-5,-18,-4,-17,-4,-18,-4,-16,-4,-18,-4,-18,-4,-18,-4,-17,-4,-17,-5,-17,-3,-17,-3,-16,-3,-17,-2,-17,-3,-16,-4,-16,-3,-15,-3,-16,-1,-17,-2,-17,-1,0,0,-16,-1,-16,-1,-17,-1,-16,0,-17,-1,-17,-1,-17,-1,-16,-1,-17,0,-16,0,-17,0,-16,-1,-17,-1,-17,0,-16,0,-17,0,-17,-1,-18,0,-17,-1,-16,-2,-17,-2,-16,-3,-16,-3,-17,-2,-17,-3,-16,-3,0,0,-14,-8,-14,-8,-14,-7,-15,-8,-14,-7,-15,-7,-15,-6,-14,-6,-15,-6,-15,-6,-16,-6,-16,-5,-16,-5,-17,-4,-17,-5,-18,-3,-17,-2,-17,-3,-18,-2,-18,-3,-18,-4,-19,-2,-18,-3,-19,-1,-20,-2,-20,-1,0,0,-20,0,-21,-1,-21,0,-21,0,-21,0,-22,0,-22,0,-21,0,-21,1,-22,1,-23,1,-22,0,-22,0,-23,0,-23,1,-24,1,-24,1,-24,1,-25,0,-24,-1,-25,-1,-24,-2,-25,-2,-25,-2,-25,-4,-25,-5,0,0]"
CSI_DATA: 305,6,65,65,71,64,74,0,-25,-16,28709.258,28710.543,157.104,29058.768,331.605,194.768,"[4,10,4,10,5,9,5,12,5,11,5,11,5,11,5,11,5,12,6,11,6,13,6,12,6,12,6,12,6,13,7,12,7,12,6,12,7,13,7,13,7,13,7,13,7,12,8,12,8,13,9,13,0,0,9,13,9,13,9,14,9,12,9,14,9,14,8,14,9,14,9,14,9,13,10,14,9,14,9,14,9,14,8,13,9,15,9,15,9,15,8,14,8,14,8,15,7,15,7,15,8,15,7,16,6,16,0,0,-1,13,-1,14,0,14,-1,15,-1,14,-1,15,-1,15,-1,15,-1,15,-1,15,0,16,0,16,1,16,1,15,0,16,3,16,3,15,3,15,4,16,4,16,3,17,4,17,4,16,7,16,6,18,7,18,0,0,7,18,8,18,8,19,8,18,9,19,9,20,8,20,9,20,9,19,10,20,11,21,10,20,10,21,10,22,10,22,11,23,10,22,10,24,9,23,8,23,8,25,8,23,7,24,8,24,6,26,5,26,0,0]"
CSI_DATA: 306,7,61,61,64,61,74,0,-25,-21,28624.204,28625.488,201.437,29115.673,388.510,251.673,"[-5,2,-5,2,-5,2,-6,2,-5,2,-5,2,-5,2,-5,2,-5,2,-5,2,-5,2,-5,2,-5,2,-4,2,-5,2,-4,2,-4,2,-4,2,-4,2,-4,2,-4,2,-4,2,-4,2,-3,3,-4,3,-3,3,0,0,-3,3,-3,3,-3,4,-3,3,-3,3,-3,4,-3,4,-3,4,-3,4,-3,4,-3,4,-3,4,-3,4,-3,5,-3,4,-3,5,-3,5,-4,5,-4,5,-4,5,-4,5,-5,5,-5,5,-5,5,-5,5,-5,5,0,0,-13,16,-12,15,-12,16,-14,16,-14,16,-14,15,-14,15,-14,14,-14,14,-14,13,-15,13,-13,13,-13,12,-12,11,-11,10,-9,13,-8,12,-8,12,-7,12,-8,13,-8,13,-7,14,-8,14,-6,15,-8,15,-7,16,0,0,-6,16,-7,17,-7,16,-7,17,-8,16,-8,16,-8,16,-8,15,-8,16,-8,15,-8,16,-9,14,-9,14,-8,14,-8,14,-8,14,-8,13,-8,12,-8,12,-8,11,-8,11,-7,10,-8,10,-7,10,-7,10,-7,10,0,0]"
CSI_DATA: 307,3,57,57,73,56,75,0,-23,-35,29096.200,29098.192,12.134,29267.461,151.788,13.461,"[14,-4,14,-4,14,-6,15,-5,14,-5,15,-5,15,-5,14,-5,15,-5,14,-6,16,-7,15,-7,16,-7,15,-7,16,-7,16,-8,15,-8,15,-8,16,-9,16,-8,16,-8,16,-9,16,-8,16,-10,17,-10,16,-11,0,0,16,-11,17,-11,17,-12,16,-11,17,-11,17,-11,17,-12,16,-11,17,-12,16,-11,17,-13,17,-11,17,-12,18,-12,17,-12,18,-12,18,-13,18,-12,19,-11,19,-11,19,-10,19,-10,20,-10,20,-10,19,-9,20,-8,0,0,6,9,6,10,6,9,6,11,5,10,5,11,5,10,4,10,4,10,4,10,4,11,4,10,4,10,4,10,3,10,5,10,5,9,5,9,5,9,5,9,4,10,5,10,4,10,6,9,6,10,6,10,0,0,6,10,6,10,7,10,7,10,6,11,6,11,6,11,5,11,6,11,6,10,6,11,5,10,5,10,5,10,5,9,6,10,5,10,6,9,5,9,5,9,5,9,5,9,5,9,6,9,5,9,6,9,0,0]"
CSI_DATA: 308,4,64,64,73,63,75,0,-22,-39,29093.101,29095.93,57.128,29317.51,201.378,63.51,"[7,-11,7,-11,6,-12,7,-12,6,-12,6,-12,5,-12,6,-11,5,-12,5,-12,5,-13,5,-13,5,-13,4,-13,5,-13,3,-14,3,-13,3,-12,3,-13,3,-13,3,-13,2,-14,2,-13,1,-14,2,-15,1,-15,0,0,0,-15,0,-15,0,-16,-1,-15,0,-16,-1,-16,0,-16,-1,-16,-1,-17,-1,-17,-1,-18,0,-17,0,-18,-1,-19,-1,-18,-1,-19,-1,-19,0,-19,0,-19,1,-19,2,-20,2,-19,3,-19,3,-20,5,-19,5,-19,0,0,-2,6,-1,6,-1,6,-1,6,-1,6,0,6,0,6,0,5,0,5,1,5,1,5,2,5,2,5,3,4,3,5,4,4,4,4,4,4,5,4,5,4,5,4,6,4,6,4,6,3,7,4,8,3,0,0,9,3,9,4,9,4,10,3,10,4,10,4,10,4,10,4,11,4,11,4,12,4,11,5,11,5,11,5,12,5,13,5,13,5,13,5,13,6,13,6,13,7,13,7,13,8,14,8,14,9,14,10,0,0]"
CSI_DATA: 309,5,69,69,73,68,75,0,-25,-25,29096.152,29098.144,111.981,29375.318,259.645,121.318,"[19,1,19,1,19,0,20,1,18,1,19,2,19,2,18,2,18,2,17,1,19,2,19,1,18,1,18,1,18,2,18,0,17,0,16,1,18,0,17,1,17,1,17,0,16,1,17,-1,17,0,18,-1,0,0,17,-2,17,-1,18,-1,16,-2,18,-1,17,-1,18,-1,17,-1,17,-1,16,-2,18,-3,17,-2,17,-2,18,-2,17,-1,18,-2,18,-1,18,-2,18,-1,17,0,17,0,17,1,17,1,18,0,17,1,18,1,0,0,-1,-16,-2,-17,-2,-16,-1,-18,-2,-17,-1,-17,-1,-17,-2,-17,-1,-17,-2,-16,-2,-18,-3,-17,-3,-18,-3,-17,-2,-18,-4,-18,-4,-18,-4,-17,-5,-18,-4,-19,-3,-19,-4,-19,-3,-18,-6,-18,-5,-20,-5,-20,0,0,-5,-19,-5,-20,-6,-20,-6,-19,-5,-20,-5,-21,-4,-20,-4,-20,-5,-20,-5,-19,-5,-20,-4,-19,-4,-19,-4,-20,-5,-20,-5,-20,-5,-19,-5,-20,-4,-19,-3,-19,-3,-20,-3,-19,-3,-19,-4,-19,-3,-20,-2,-19,0,0]"
CSI_DATA: 310,6,66,66,72,65,75,0,-28,-17,29099.279,29101.271,157.371,29441.524,325.851,187.524,"[4,-9,5,-10,4,-10,5,-11,4,-10,4,-11,4,-11,4,-11,5,-11,4,-11,5,-13,4,-12,5,-12,4,-12,5,-13,4,-13,4,-13,3,-13,3,-13,4,-13,4,-13,3,-13,4,-13,3,-15,4,-15,3,-15,0,0,3,-15,4,-15,3,-16,3,-15,4,-17,4,-16,4,-16,3,-16,3,-16,3,-15,4,-17,4,-16,4,-16,4,-17,4,-16,4,-17,4,-17,4,-17,5,-17,5,-15,6,-16,6,-15,6,-15,6,-15,7,-15,7,-15,0,0,-2,14,-2,15,0,14,-1,16,-1,15,-1,16,-1,15,-1,15,-1,16,-1,15,0,17,0,16,0,16,1,16,0,16,3,16,3,15,3,15,4,15,4,16,4,17,5,17,4,16,7,16,6,18,8,18,0,0,8,18,8,18,9,18,9,18,9,19,9,20,9,20,9,20,10,20,10,20,11,21,10,21,10,21,10,22,10,22,11,23,11,23,11,23,9,24,9,24,8,25,8,24,8,24,8,25,7,26,6,26,0,0]"
CSI_DATA: 311,7,62,62,65,62,75,0,-26,-19,29014.225,29016.217,211.422,29502.982,387.309,248.982,"[13,-3,13,-3,13,-4,14,-3,13,-3,13,-3,13,-3,13,-3,13,-3,12,-3,14,-3,13,-4,14,-3,13,-3,13,-2,13,-4,12,-3,12,-3,12,-4,12,-3,12,-3,11,-3,11,-3,11,-4,11,-4,11,-5,0,0,11,-5,11,-6,10,-6,10,-7,10,-6,10,-7,11,-7,10,-7,10,-8,10,-8,11,-9,11,-8,11,-9,11,-10,11,-9,12,-10,12,-10,12,-10,13,-10,13,-10,14,-10,14,-9,15,-10,16,-10,16,-8,17,-8,0,0,4,18,5,18,6,18,5,19,4,18,4,19,4,19,3,18,3,18,3,17,2,18,2,17,2,16,2,15,2,14,4,14,5,13,4,13,5,13,6,13,5,13,6,13,5,13,8,13,7,14,8,14,0,0,8,14,8,14,8,14,8,14,7,15,8,15,7,15,7,14,7,14,6,14,7,15,6,14,5,14,5,14,5,14,6,14,5,13,5,14,4,13,4,13,3,13,4,12,3,12,3,12,2,12,2,11,0,0]"
CSI_DATA: 312,3,58,58,74,57,76,0,-22,-29,29486.181,29487.410,11.357,29656.747,153.765,12.747,"[-7,10,-7,10,-6,11,-7,12,-7,11,-6,12,-6,11,-6,12,-6,12,-5,12,-6,14,-4,14,-5,14,-4,14,-5,14,-4,14,-3,14,-4,14,-3,15,-3,15,-4,16,-2,16,-3,15,-1,16,-2,17,-1,18,0,0,-1,18,-1,18,-1,19,0,18,-1,20,-1,20,-1,20,-1,20,-1,20,0,19,0,22,-1,21,-1,21,-1,22,-1,21,-1,22,-1,22,-2,22,-3,22,-3,21,-4,21,-4,20,-5,20,-4,21,-6,20,-6,20,0,0,13,-1,14,-2,14,-2,15,-2,14,-2,15,-1,15,-2,14,-1,15,-1,14,-2,16,-2,16,-3,15,-3,15,-3,16,-2,16,-4,16,-4,15,-4,16,-4,16,-3,17,-3,17,-4,16,-3,16,-6,18,-5,18,-5,0,0,18,-6,18,-5,18,-6,18,-6,18,-5,19,-5,19,-5,18,-5,19,-6,18,-6,19,-7,18,-6,18,-6,19,-6,19,-6,20,-7,19,-7,20,-6,20,-6,20,-5,20,-5,19,-4,20,-4,20,-5,21,-4,21,-3,0,0]"
CSI_DATA: 313,4,65,65,74,64,76,0,-22,-42,29483.82,29484.311,57.133,29709.778,206.796,65.778,"[13,2,13,2,13,1,14,2,14,1,14,1,13,1,13,1,13,1,13,0,14,1,14,0,14,0,13,0,14,0,14,-1,13,-1,12,-1,13,-2,13,-1,13,-1,13,-2,13,-1,13,-3,14,-3,14,-3,0,0,13,-4,14,-4,14,-4,13,-5,14,-5,15,-5,15,-5,15,-5,15,-5,14,-5,16,-6,15,-5,16,-5,16,-5,15,-5,17,-5,17,-5,17,-5,17,-4,17,-4,17,-3,18,-3,18,-2,18,-2,18,-1,18,0,0,0,0,0,-1,0,-1,0,-1,0,-2,0,-2,1,-2,1,-2,1,-3,2,-3,1,-4,2,-4,2,-4,3,-4,2,-5,3,-5,3,-5,4,-5,4,-5,4,-5,4,-6,4,-6,5,-6,5,-5,6,-6,6,-5,7,0,0,-5,7,-5,7,-6,8,-5,8,-6,8,-6,9,-6,9,-6,9,-6,10,-5,10,-5,11,-6,10,-6,11,-6,11,-6,11,-6,13,-6,13,-6,13,-7,13,-6,13,-7,14,-8,13,-8,13,-8,14,-9,14,-10,14,0,0]"
CSI_DATA: 314,5,70,70,74,69,76,0,-28,-25,29486.133,29487.362,101.699,29769.465,266.483,125.465,"[-18,5,-18,6,-17,6,-19,5,-18,5,-18,5,-18,5,-16,4,-17,4,-16,4,-17,4,-17,5,-17,5,-17,4,-17,4,-17,5,-16,4,-15,4,-16,5,-16,4,-16,4,-16,4,-15,3,-15,5,-16,4,-16,5,0,0,-15,5,-16,5,-16,5,-15,4,-15,5,-15,4,-15,4,-14,4,-15,4,-14,4,-15,4,-14,3,-14,3,-14,4,-13,4,-14,4,-13,4,-13,4,-13,4,-12,3,-13,4,-12,4,-13,4,-13,5,-13,4,-13,4,0,0,5,-15,5,-16,4,-15,6,-17,5,-15,5,-16,5,-16,5,-15,5,-16,4,-15,5,-17,4,-17,4,-17,4,-17,5,-17,4,-18,3,-18,3,-17,3,-18,4,-18,5,-18,4,-18,5,-17,3,-18,4,-19,4,-20,0,0,3,-19,4,-19,4,-20,3,-19,4,-20,4,-19,5,-19,4,-18,4,-19,4,-18,3,-20,4,-18,4,-18,4,-19,4,-18,4,-20,3,-19,4,-19,4,-19,4,-18,5,-18,5,-18,5,-17,5,-18,7,-18,7,-18,0,0]"
CSI_DATA: 315,6,67,67,73,66,76,0,-30,-16,29489.260,29490.489,157.94,29833.849,330.867,189.849,"[6,2,7,2,7,1,8,2,8,1,8,1,8,2,8,1,8,1,9,0,10,1,9,1,10,1,10,0,10,1,11,0,10,0,11,0,11,-1,11,0,12,0,12,0,12,1,12,-1,13,-1,14,-1,0,0,13,0,13,-1,15,0,13,-1,14,0,14,0,14,0,14,0,15,0,14,0,15,0,14,1,14,0,15,1,14,1,15,1,15,1,14,1,14,1,13,2,13,2,13,2,14,2,14,2,13,3,13,3,0,0,2,14,2,14,3,14,2,15,2,15,2,15,2,15,2,15,2,15,2,14,3,16,4,16,4,15,4,15,4,16,5,15,6,14,5,14,6,15,6,16,6,16,7,16,7,16,9,15,9,17,10,16,0,0,10,16,10,17,11,17,11,16,11,17,11,18,12,18,12,18,12,18,13,18,14,19,13,18,12,19,12,20,12,20,13,21,13,20,13,21,12,21,11,21,11,23,10,22,10,22,11,23,9,24,8,25,0,0]"
CSI_DATA: 316,7,63,63,66,63,76,0,-26,-18,29404.207,29405.436,201.430,29890.880,387.898,246.880,"[-8,10,-9,11,-8,10,-9,11,-8,10,-8,10,-8,10,-8,10,-8,10,-7,10,-8,12,-8,12,-8,12,-8,12,-9,11,-8,11,-8,11,-8,10,-8,11,-8,10,-8,10,-8,11,-7,9,-6,11,-7,11,-7,11,0,0,-6,11,-6,11,-6,12,-4,11,-5,12,-5,12,-5,12,-4,12,-5,12,-4,12,-4,14,-4,14,-4,14,-4,15,-4,14,-4,16,-4,16,-5,16,-5,16,-6,16,-7,17,-7,17,-7,17,-8,19,-9,18,-10,18,0,0,-15,-11,-16,-11,-16,-10,-17,-13,-15,-12,-15,-12,-15,-12,-14,-12,-14,-12,-12,-11,-13,-12,-13,-11,-13,-10,-13,-9,-12,-9,-13,-8,-13,-8,-12,-7,-14,-7,-14,-7,-14,-8,-14,-7,-13,-7,-15,-6,-16,-7,-16,-7,0,0,-16,-7,-16,-7,-16,-7,-15,-7,-16,-8,-16,-8,-15,-8,-15,-8,-15,-8,-14,-8,-15,-8,-14,-8,-14,-8,-14,-8,-13,-8,-14,-8,-14,-7,-13,-8,-13,-8,-12,-8,-12,-8,-11,-8,-11,-8,-12,-7,-11,-8,-11,-8,0,0]"
CSI_DATA: 317,3,59,59,75,58,77,0,-19,-32,29876.197,29877.462,11.404,30046.780,155.900,12.782,"[11,-7,11,-8,10,-8,11,-9,10,-9,11,-9,10,-9,9,-9,9,-9,9,-10,10,-10,10,-11,10,-11,10,-11,10,-11,9,-12,8,-12,8,-11,8,-13,8,-13,9,-13,8,-13,8,-13,7,-14,9,-15,8,-15,0,0,7,-16,8,-16,8,-18,7,-16,8,-17,8,-18,8,-18,8,-18,8,-18,8,-17,8,-19,9,-18,10,-19,9,-20,9,-18,10,-20,10,-20,10,-19,10,-19,10,-18,12,-18,13,-18,13,-17,13,-18,15,-16,14,-16,0,0,15,9,15,9,15,9,15,10,14,10,14,11,13,11,13,11,12,11,12,10,13,11,13,11,13,10,13,10,11,11,14,10,13,9,12,10,12,10,12,11,12,11,12,10,11,11,13,9,13,11,13,11,0,0,12,10,12,11,13,10,12,10,12,10,12,11,11,11,11,10,11,10,11,9,12,9,11,9,10,8,10,8,11,8,12,7,11,7,12,7,12,8,12,8,12,8,12,8,12,8,13,7,14,9,14,9,0,0]"
CSI_DATA: 318,5,71,71,75,70,77,0,-28,-26,29876.150,29877.415,101.692,30137.13,246.133,103.15,"[-15,15,-15,16,-13,16,-16,16,-14,15,-16,15,-15,14,-14,13,-14,13,-13,13,-15,13,-14,13,-14,13,-14,13,-14,13,-13,13,-13,13,-12,12,-12,13,-12,13,-13,12,-12,12,-12,10,-11,12,-12,12,-12,13,0,0,-11,13,-11,12,-12,13,-10,12,-11,12,-11,13,-11,12,-10,12,-11,12,-10,11,-11,12,-11,11,-11,11,-11,12,-10,10,-11,12,-10,11,-11,11,-10,11,-10,10,-11,10,-10,10,-11,10,-11,10,-11,9,-12,10,0,0,-13,10,-14,10,-12,10,-14,11,-14,11,-14,10,-14,10,-14,10,-14,10,-13,10,-14,12,-13,12,-13,12,-13,12,-14,11,-14,13,-13,12,-13,12,-13,13,-14,12,-15,12,-14,12,-14,11,-13,14,-14,14,-14,14,0,0,-14,13,-14,13,-14,14,-14,13,-14,13,-15,13,-15,12,-14,12,-14,12,-13,12,-13,13,-13,12,-13,12,-14,12,-13,12,-13,13,-13,14,-13,13,-13,13,-13,12,-14,12,-14,12,-14,12,-14,13,-15,12,-15,11,0,0]"
CSI_DATA: 319,6,68,68,74,67,77,0,-32,-16,29879.277,29880.543,157.186,30199.205,308.325,165.207,"[2,-7,1,-8,0,-9,1,-10,1,-9,0,-10,0,-10,0,-10,0,-11,0,-11,0,-12,0,-13,0,-13,0,-13,0,-13,-1,-14,-1,-13,-1,-13,-2,-14,-1,-14,-1,-14,-2,-15,0,-14,-2,-15,-1,-16,-2,-16,0,0,-2,-16,-2,-16,-3,-17,-2,-16,-2,-17,-2,-17,-2,-17,-2,-17,-2,-17,-2,-16,-2,-18,-1,-17,-2,-17,-2,-17,-2,-17,-3,-18,-3,-18,-2,-17,-2,-17,-1,-17,-1,-17,-1,-17,0,-17,-1,-17,1,-16,0,-16,0,0,-10,-12,-10,-12,-11,-12,-11,-13,-11,-13,-11,-13,-12,-13,-11,-13,-11,-13,-11,-13,-12,-14,-12,-13,-12,-13,-12,-13,-12,-13,-14,-13,-13,-11,-13,-12,-14,-11,-14,-12,-14,-13,-15,-12,-15,-12,-17,-10,-17,-12,-18,-11,0,0,-18,-11,-18,-12,-19,-12,-19,-11,-19,-12,-19,-12,-19,-13,-19,-12,-19,-12,-20,-13,-21,-13,-20,-13,-19,-13,-20,-14,-20,-14,-20,-14,-21,-14,-20,-14,-20,-15,-20,-15,-20,-16,-19,-16,-19,-17,-20,-16,-18,-18,-18,-18,0,0]"
CSI_DATA: 320,3,60,60,76,59,78,0,-22,-33,30266.179,30267.417,11.291,30436.769,237.564,12.769,"[12,2,13,2,12,1,14,2,13,2,14,2,13,2,13,2,14,2,14,1,15,1,15,0,15,0,15,0,15,1,15,-1,15,-1,15,0,16,-1,16,0,16,0,16,-1,16,0,17,-3,17,-2,18,-3,0,0,18,-2,18,-3,19,-3,17,-3,19,-3,19,-2,19,-2,19,-2,19,-2,19,-2,20,-3,19,-2,19,-2,20,-2,19,-1,20,-2,20,-1,20,-1,19,0,19,1,19,1,19,2,19,1,19,1,18,2,18,3,0,0,-9,5,-9,5,-9,6,-10,6,-10,5,-10,6,-11,6,-10,6,-11,6,-10,6,-11,7,-10,7,-10,7,-11,7,-11,7,-10,9,-10,9,-10,9,-9,9,-10,9,-10,10,-10,10,-10,10,-9,11,-10,12,-10,13,0,0,-10,13,-10,13,-10,14,-9,14,-10,14,-10,14,-11,14,-10,14,-11,14,-10,14,-10,15,-11,13,-11,13,-11,14,-11,13,-12,14,-11,13,-11,13,-11,12,-11,11,-12,11,-11,10,-11,10,-11,10,-11,9,-11,8,0,0]"
CSI_DATA: 321,4,66,66,76,65,78,0,-23,-39,30263.82,30264.320,56.943,30489.746,290.541,65.746,"[6,-12,6,-13,5,-13,7,-14,6,-13,6,-13,5,-13,5,-13,6,-13,4,-13,5,-14,4,-14,4,-14,4,-14,5,-14,3,-14,3,-14,3,-14,3,-14,3,-14,4,-14,3,-14,3,-14,1,-15,2,-16,1,-15,0,0,1,-16,1,-16,1,-16,0,-15,1,-16,1,-17,1,-17,1,-16,1,-17,1,-17,0,-18,1,-17,1,-17,1,-18,2,-17,2,-18,2,-18,3,-18,3,-18,4,-17,5,-17,5,-16,5,-16,5,-17,7,-16,7,-16,0,0,-3,9,-2,9,-2,9,-3,10,-2,8,-2,8,-2,8,-2,8,-2,8,-1,6,-1,7,-1,7,-1,6,0,6,0,6,1,6,1,5,1,5,2,5,2,5,2,6,2,5,2,5,3,5,3,6,4,6,0,0,5,5,5,5,5,6,6,5,5,6,6,6,6,6,6,6,7,7,6,7,7,7,6,7,7,7,7,7,7,8,8,8,8,8,8,8,8,9,8,9,8,10,7,10,7,10,8,11,7,12,6,13,0,0]"
CSI_DATA: 322,5,72,72,76,71,78,0,-32,-24,30266.133,30267.371,101.614,30546.589,347.384,122.589,"[-11,16,-11,17,-9,17,-11,18,-10,17,-10,17,-10,16,-10,15,-10,16,-8,16,-9,17,-8,17,-8,17,-8,16,-9,16,-8,17,-8,16,-7,15,-7,16,-8,16,-8,16,-7,16,-8,14,-6,16,-7,16,-7,16,0,0,-7,15,-7,15,-7,16,-7,14,-7,15,-8,14,-8,14,-7,13,-7,13,-7,12,-7,13,-7,11,-7,11,-8,11,-7,9,-7,10,-7,9,-7,8,-7,7,-6,6,-6,6,-6,5,-5,4,-4,4,-4,4,-4,3,0,0,-4,15,-4,15,-3,14,-3,15,-3,15,-3,15,-3,15,-3,14,-3,15,-2,14,-2,16,-1,16,-1,16,-1,16,-1,16,0,17,1,16,0,16,1,16,0,17,0,17,0,17,-1,17,2,17,1,18,2,18,0,0,2,18,1,18,2,18,2,18,2,18,2,19,2,19,2,18,2,19,2,18,3,20,2,18,2,19,2,19,2,19,3,20,3,20,3,21,2,21,2,20,1,21,0,20,0,21,1,21,-1,22,-2,21,0,0]"
CSI_DATA: 323,6,69,69,75,68,78,0,-31,-16,30269.261,30270.499,157.16,30607.739,408.534,183.739,"[7,2,8,2,8,2,9,2,8,2,9,2,9,2,9,2,10,3,10,2,11,2,11,2,11,2,12,2,12,3,12,2,12,2,12,2,13,2,12,3,13,3,13,2,13,3,14,1,15,2,15,1,0,0,15,2,15,2,16,2,15,2,16,3,16,3,16,3,15,3,16,3,15,2,17,2,16,3,16,3,16,3,15,3,17,3,16,3,17,4,16,4,15,5,16,5,15,5,15,5,16,4,16,5,16,5,0,0,-1,-16,-2,-16,-2,-16,-2,-18,-2,-17,-2,-17,-2,-17,-2,-17,-2,-17,-3,-17,-3,-18,-4,-18,-4,-18,-4,-17,-3,-18,-5,-18,-5,-17,-5,-17,-6,-18,-6,-19,-5,-19,-6,-19,-6,-19,-9,-18,-8,-20,-10,-20,0,0,-9,-20,-9,-21,-10,-21,-10,-20,-10,-21,-10,-22,-10,-22,-10,-22,-10,-22,-11,-22,-12,-23,-11,-23,-11,-23,-11,-24,-10,-24,-11,-25,-11,-24,-11,-26,-9,-26,-9,-25,-8,-27,-7,-26,-8,-26,-8,-27,-6,-28,-5,-28,0,0]"
CSI_DATA: 324,7,64,64,67,64,78,0,-28,-24,30184.208,30185.447,201.458,30672.960,473.755,248.960,"[-13,3,-13,4,-12,4,-13,4,-12,4,-12,4,-11,4,-11,4,-11,4,-10,5,-11,5,-11,5,-11,5,-10,5,-10,5,-10,6,-9,5,-9,5,-9,5,-9,5,-8,5,-8,6,-7,6,-6,7,-7,7,-6,8,0,0,-6,9,-5,9,-5,10,-4,10,-5,11,-5,11,-5,12,-4,12,-5,13,-4,13,-3,15,-4,14,-4,15,-5,16,-5,16,-5,18,-5,18,-6,19,-7,18,-8,18,-9,19,-9,20,-10,20,-9,21,-11,21,-13,21,0,0,-12,13,-12,14,-11,13,-13,14,-12,13,-13,13,-13,12,-12,12,-13,11,-11,10,-12,11,-11,10,-10,9,-8,9,-8,9,-6,11,-5,11,-5,11,-5,12,-5,13,-6,13,-5,14,-5,14,-3,15,-5,16,-4,17,0,0,-4,16,-5,16,-6,17,-5,17,-6,16,-6,17,-6,17,-7,16,-7,17,-6,16,-6,17,-7,15,-7,15,-7,15,-7,15,-7,16,-7,15,-7,15,-7,14,-7,14,-7,14,-8,13,-7,13,-7,13,-8,13,-8,13,0,0]"
CSI_DATA: 325,3,61,61,77,60,79,0,-21,-35,30656.164,30657.464,11.396,30826.746,153.786,12.746,"[8,-9,7,-9,7,-10,8,-11,7,-10,7,-10,7,-10,7,-10,7,-10,7,-11,7,-12,7,-12,7,-12,7,-12,7,-12,6,-13,6,-12,6,-12,6,-13,7,-13,7,-13,7,-13,7,-13,6,-14,7,-14,6,-14,0,0,6,-14,7,-15,6,-15,6,-15,7,-15,7,-15,8,-15,7,-15,7,-15,7,-15,7,-16,7,-15,8,-15,8,-15,7,-15,7,-16,8,-15,8,-15,8,-14,8,-14,9,-14,9,-13,9,-13,9,-14,9,-13,10,-13,0,0,-3,-8,-3,-8,-3,-8,-3,-9,-3,-9,-3,-9,-2,-9,-2,-9,-2,-10,-2,-9,-3,-10,-3,-10,-3,-10,-3,-10,-3,-10,-4,-11,-4,-10,-4,-11,-5,-10,-5,-11,-4,-11,-5,-11,-5,-11,-6,-11,-6,-12,-7,-12,0,0,-7,-12,-7,-12,-8,-12,-8,-12,-7,-12,-8,-12,-7,-12,-7,-12,-7,-13,-7,-12,-8,-13,-6,-12,-6,-12,-6,-12,-6,-12,-6,-12,-6,-11,-5,-11,-5,-11,-4,-11,-4,-11,-3,-10,-3,-9,-3,-9,-2,-9,-2,-9,0,0]"
CSI_DATA: 326,4,67,67,77,66,79,0,-22,-40,30653.68,30654.368,57.114,30883.244,210.284,69.244,"[0,-14,-1,-14,-2,-13,-1,-15,-1,-14,-1,-14,-1,-14,-1,-14,-1,-14,-2,-13,-2,-14,-2,-14,-2,-14,-2,-14,-2,-14,-3,-14,-3,-13,-3,-13,-4,-13,-3,-13,-3,-14,-4,-13,-3,-13,-5,-13,-5,-14,-5,-14,0,0,-5,-13,-6,-14,-6,-14,-6,-13,-6,-14,-6,-14,-6,-14,-6,-14,-6,-15,-6,-15,-7,-15,-6,-15,-6,-15,-6,-16,-6,-15,-6,-16,-6,-16,-5,-16,-5,-16,-4,-16,-3,-17,-3,-17,-3,-17,-3,-17,-1,-17,-1,-17,0,0,-9,12,-9,12,-9,12,-10,12,-10,11,-10,11,-10,11,-10,10,-11,10,-10,10,-11,10,-10,10,-10,9,-10,9,-10,8,-9,9,-9,8,-9,7,-8,7,-9,7,-8,6,-8,7,-7,6,-6,7,-7,7,-7,7,0,0,-5,6,-5,7,-5,7,-4,7,-4,6,-4,7,-4,7,-3,7,-3,7,-2,7,-1,8,-2,7,-2,8,-2,8,-1,9,-1,9,-1,9,0,10,-1,10,-1,10,-1,11,-1,10,-1,11,0,12,-1,12,-1,13,0,0]"
CSI_DATA: 327,5,73,73,77,72,79,0,-34,-20,30656.119,30657.419,101.681,30950.73,277.113,136.73,"[-12,-14,-13,-14,-14,-13,-14,-14,-14,-13,-13,-13,-14,-13,-13,-12,-14,-12,-14,-12,-16,-12,-16,-12,-16,-12,-16,-12,-16,-12,-17,-11,-16,-10,-15,-10,-16,-9,-16,-10,-16,-11,-16,-10,-15,-10,-16,-9,-16,-10,-16,-9,0,0,-16,-8,-16,-9,-16,-8,-15,-8,-15,-9,-15,-9,-15,-9,-14,-9,-14,-9,-14,-8,-14,-8,-13,-9,-13,-9,-12,-9,-12,-9,-11,-10,-11,-10,-9,-10,-8,-10,-7,-10,-7,-10,-6,-10,-5,-10,-4,-10,-2,-10,-2,-9,0,0,-4,-16,-4,-16,-5,-16,-4,-17,-5,-16,-4,-16,-5,-16,-5,-16,-5,-16,-6,-16,-6,-16,-7,-16,-7,-16,-8,-15,-7,-17,-9,-17,-9,-16,-8,-16,-9,-15,-8,-16,-8,-17,-9,-17,-9,-17,-11,-15,-11,-18,-12,-17,0,0,-12,-17,-12,-18,-13,-18,-13,-17,-11,-17,-12,-18,-12,-19,-12,-18,-12,-19,-12,-19,-14,-19,-12,-19,-12,-19,-13,-20,-13,-20,-13,-20,-13,-20,-12,-20,-12,-21,-11,-21,-11,-22,-10,-22,-10,-23,-11,-22,-9,-23,-9,-23,0,0]"
CSI_DATA: 328,7,65,65,67,65,79,0,-28,-20,30184.208,30575.495,201.401,31027.761,354.801,213.761,"[-13,3,-13,4,-12,4,-13,4,-12,4,-12,4,-11,4,-11,4,-11,4,-10,5,-11,5,-11,5,-11,5,-10,5,-10,5,-10,6,-9,5,-9,5,-9,5,-9,5,-8,5,-8,6,-7,6,-6,7,-7,7,-6,8,0,0,-6,9,-5,9,-5,10,-4,10,-5,11,-5,11,-5,12,-4,12,-5,13,-4,13,-3,15,-4,14,-4,15,-5,16,-5,16,-5,18,-5,18,-6,19,-7,18,-8,18,-9,19,-9,20,-10,20,-9,21,-11,21,-13,21,0,0,17,0,17,0,18,-1,18,0,18,0,17,1,17,1,17,1,16,2,16,1,17,1,16,0,15,0,14,-1,14,0,15,-2,14,-3,14,-3,14,-3,15,-3,15,-2,15,-3,15,-3,15,-5,16,-5,16,-5,0,0,16,-5,17,-5,17,-6,16,-6,16,-5,17,-4,17,-4,17,-4,17,-4,17,-4,17,-5,16,-4,17,-4,16,-4,16,-4,17,-4,17,-4,16,-4,16,-3,16,-2,16,-2,16,-1,16,-1,16,-2,15,-1,15,-1,0,0]"
CSI_DATA: 329,3,62,62,78,61,80,0,-20,-36,31046.901,31057.467,21.444,31226.769,199.08,22.769,"[-15,2,-16,3,-15,4,-17,4,-16,4,-16,4,-16,4,-15,4,-16,4,-15,5,-17,5,-17,5,-17,6,-17,6,-17,5,-17,7,-16,6,-16,7,-17,8,-17,7,-17,7,-17,8,-16,7,-16,9,-18,9,-17,10,0,0,-17,10,-17,10,-18,11,-17,10,-18,11,-18,11,-18,11,-18,11,-18,12,-17,11,-19,12,-19,11,-19,12,-20,12,-19,11,-20,13,-20,12,-20,12,-20,11,-20,11,-21,10,-22,10,-21,9,-22,10,-22,8,-22,8,0,0,3,17,3,17,3,16,2,18,1,16,1,17,0,16,-1,16,-1,15,0,14,0,16,0,15,0,14,0,13,-1,13,0,14,0,12,0,13,1,12,0,12,-1,12,0,12,0,12,1,12,1,12,1,13,0,0,0,12,0,11,0,11,1,11,0,10,0,11,0,10,0,9,-1,9,0,8,0,8,0,7,0,6,0,6,0,5,1,5,1,4,2,4,2,3,3,2,3,2,4,2,5,2,6,1,6,1,7,1,0,0]"
CSI_DATA: 330,5,74,74,78,73,80,0,-34,-21,31046.857,31057.423,111.725,31316.993,289.232,112.993,"[-10,21,-10,21,-8,20,-11,21,-10,19,-11,19,-11,17,-11,17,-11,17,-9,16,-10,17,-10,17,-9,16,-10,16,-10,15,-9,15,-8,14,-8,13,-7,14,-8,13,-8,13,-7,13,-7,11,-5,13,-6,13,-5,13,0,0,-5,12,-4,13,-4,13,-3,12,-3,13,-4,13,-3,13,-3,13,-2,13,-2,13,-2,14,-2,14,-2,14,-2,14,-2,14,-1,14,-1,15,-1,15,-2,15,-2,15,-2,16,-2,16,-2,16,-1,18,-3,18,-4,18,0,0,11,-11,11,-12,10,-12,12,-12,11,-12,11,-12,11,-13,11,-12,11,-12,10,-12,11,-14,10,-14,10,-14,10,-14,11,-13,10,-16,9,-15,10,-15,9,-15,10,-15,10,-15,10,-15,10,-15,8,-16,10,-16,9,-17,0,0,9,-17,10,-18,9,-18,9,-18,9,-17,10,-17,10,-18,10,-17,9,-18,9,-18,9,-19,9,-17,9,-17,10,-18,10,-19,9,-19,10,-19,10,-18,11,-18,11,-18,12,-18,12,-17,13,-17,12,-18,14,-17,14,-17,0,0]"
CSI_DATA: 331,3,63,63,79,62,81,0,-23,-23,31436.150,31437.424,11.378,31606.811,289.818,12.812,"[-12,6,-12,7,-11,7,-12,8,-12,7,-12,8,-12,7,-11,7,-12,8,-10,8,-12,9,-11,9,-11,10,-11,10,-12,10,-11,10,-10,10,-10,10,-10,11,-10,11,-11,11,-11,12,-10,11,-9,12,-11,13,-10,14,0,0,-10,14,-10,14,-11,15,-9,14,-10,15,-11,15,-11,15,-10,15,-10,15,-10,15,-11,17,-11,15,-11,15,-12,16,-11,15,-12,17,-11,16,-12,16,-12,15,-12,14,-13,15,-14,13,-14,13,-13,14,-14,13,-14,13,0,0,-15,6,-15,6,-14,7,-16,7,-16,7,-16,7,-16,7,-15,6,-16,6,-15,7,-16,8,-15,9,-15,9,-15,9,-16,8,-15,9,-15,9,-15,8,-15,10,-16,9,-16,9,-15,9,-15,8,-14,11,-16,11,-16,11,0,0,-15,11,-16,11,-16,12,-15,11,-16,11,-16,11,-16,11,-16,11,-16,11,-15,11,-16,13,-16,11,-16,11,-16,12,-16,11,-17,13,-16,12,-17,12,-17,12,-17,11,-18,11,-18,10,-18,11,-17,12,-19,11,-19,10,0,0]"
CSI_DATA: 332,4,68,68,79,67,81,0,-24,-43,31433.56,31434.330,57.18,31665.858,348.865,71.859,"[-11,-5,-11,-4,-12,-3,-13,-4,-12,-4,-12,-4,-12,-3,-11,-3,-12,-3,-11,-2,-12,-3,-12,-2,-13,-2,-12,-2,-12,-2,-12,-1,-12,-1,-12,-1,-13,0,-13,0,-13,-1,-13,0,-12,-1,-13,1,-14,1,-13,1,0,0,-13,2,-13,2,-14,2,-13,2,-14,2,-15,3,-15,2,-14,3,-15,3,-14,3,-15,3,-15,2,-15,2,-16,2,-15,2,-16,2,-16,3,-16,2,-16,2,-16,1,-16,0,-17,0,-16,-1,-17,-1,-16,-2,-16,-3,0,0,-15,-20,-16,-20,-16,-19,-16,-21,-15,-20,-15,-21,-15,-21,-14,-20,-15,-21,-15,-19,-16,-22,-17,-21,-16,-21,-15,-21,-13,-22,-15,-22,-14,-21,-12,-20,-12,-20,-11,-20,-10,-20,-10,-19,-9,-18,-11,-16,-10,-17,-11,-16,0,0,-9,-13,-9,-12,-10,-11,-9,-9,-9,-9,-10,-7,-11,-6,-11,-4,-12,-3,-13,-2,-15,0,-16,0,-17,1,-19,1,-19,2,-22,3,-22,3,-24,3,-25,2,-25,2,-27,1,-27,0,-29,0,-31,1,-32,-1,-33,-1,0,0]"
CSI_DATA: 333,6,71,71,77,70,81,0,-27,-16,31439.235,31440.509,157.92,31753.625,436.632,159.626,"[-1,9,-1,10,0,10,0,12,0,11,0,12,0,11,0,11,0,12,1,11,1,13,2,12,1,13,2,13,1,14,2,13,2,13,2,13,3,14,2,14,2,14,2,14,2,13,3,14,3,15,3,16,0,0,4,15,3,15,3,16,4,14,3,16,3,16,2,16,3,15,3,16,3,15,3,16,2,15,2,15,2,16,3,14,3,16,2,15,3,15,2,15,2,14,1,15,1,14,1,14,1,15,1,14,0,15,0,0,15,1,15,0,15,-1,16,0,16,0,16,0,16,0,16,0,16,0,16,0,17,-1,17,-2,17,-2,16,-2,17,-2,17,-4,16,-5,17,-4,17,-5,18,-5,18,-4,18,-5,18,-5,17,-8,19,-7,20,-9,0,0,19,-9,20,-9,20,-9,20,-9,21,-9,22,-9,22,-9,22,-9,22,-10,22,-10,23,-12,23,-10,23,-10,24,-9,24,-9,25,-10,24,-9,25,-9,25,-8,25,-7,25,-6,25,-5,25,-5,25,-6,26,-4,25,-3,0,0]"
CSI_DATA: 334,7,67,67,69,67,81,0,-28,-19,31354.184,31355.458,201.449,31802.308,485.315,208.309,"[-12,2,-12,2,-11,3,-12,2,-11,2,-12,3,-11,2,-10,2,-11,2,-10,3,-11,3,-10,3,-10,3,-10,3,-10,3,-9,3,-9,3,-8,3,-8,4,-8,4,-8,4,-7,4,-7,4,-6,5,-7,6,-7,6,0,0,-6,7,-6,7,-5,8,-5,7,-5,8,-5,9,-5,9,-5,9,-5,10,-5,10,-5,11,-5,11,-5,11,-5,12,-6,12,-6,13,-5,14,-7,14,-7,13,-7,14,-8,14,-9,14,-10,15,-10,15,-11,14,-12,14,0,0,-20,-3,-21,-3,-21,-2,-22,-3,-21,-3,-21,-3,-21,-4,-20,-4,-20,-4,-20,-4,-21,-4,-20,-4,-19,-4,-18,-3,-17,-4,-18,-1,-17,0,-16,0,-17,0,-18,0,-18,0,-18,1,-18,1,-18,3,-19,2,-19,3,0,0,-19,3,-20,3,-20,3,-19,3,-20,3,-21,3,-21,2,-20,2,-20,2,-20,2,-21,3,-19,1,-19,1,-19,1,-19,1,-20,1,-19,1,-19,1,-19,0,-18,0,-18,-1,-17,-1,-17,-1,-17,0,-17,-2,-16,-1,0,0]"
CSI_DATA: 335,3,64,64,80,63,82,0,-23,-20,31826.164,31827.501,11.508,31996.820,194.512,12.821,"[12,-8,12,-8,11,-9,13,-9,12,-8,12,-8,11,-8,11,-8,11,-8,11,-9,12,-9,11,-9,11,-9,11,-9,11,-9,10,-11,10,-10,10,-10,10,-11,10,-10,11,-10,10,-11,10,-10,9,-12,11,-12,10,-12,0,0,9,-13,10,-13,10,-14,9,-13,10,-13,11,-14,11,-14,10,-14,10,-14,10,-14,11,-15,11,-13,12,-14,11,-14,11,-14,12,-15,12,-15,12,-15,12,-14,13,-13,14,-13,14,-13,14,-12,14,-13,15,-11,15,-12,0,0,-10,-9,-11,-9,-11,-8,-12,-9,-11,-9,-12,-8,-12,-9,-12,-8,-12,-8,-12,-8,-13,-8,-13,-8,-13,-8,-13,-7,-13,-8,-15,-7,-14,-6,-14,-7,-15,-6,-15,-7,-15,-8,-15,-6,-15,-7,-16,-5,-17,-7,-18,-6,0,0,-17,-6,-18,-6,-18,-6,-18,-6,-18,-7,-19,-7,-19,-7,-18,-7,-19,-7,-18,-7,-20,-7,-18,-7,-19,-8,-19,-8,-19,-8,-20,-8,-20,-8,-20,-9,-19,-9,-18,-9,-19,-10,-17,-10,-17,-10,-18,-10,-17,-12,-17,-12,0,0]"
CSI_DATA: 336,4,69,69,80,68,82,0,-25,-32,31823.71,31824.408,57.168,32058.154,255.846,74.155,"[9,5,10,5,10,4,11,5,10,4,11,4,10,4,10,4,10,4,10,3,11,4,11,3,12,3,11,3,11,4,12,2,11,2,11,2,12,2,12,2,12,2,12,2,11,2,12,1,13,2,13,1,0,0,13,0,13,0,14,0,12,0,13,0,13,0,14,0,13,0,13,0,13,0,14,0,14,0,14,0,14,0,13,1,15,0,14,1,14,1,14,1,14,2,14,2,14,3,14,3,14,4,13,4,13,5,0,0,19,-4,18,-4,18,-5,19,-4,18,-4,18,-4,18,-3,17,-3,17,-3,16,-3,18,-3,17,-3,17,-3,16,-3,16,-2,17,-3,15,-3,15,-2,15,-3,15,-2,14,-2,14,-2,13,-1,13,-3,14,-2,13,-3,0,0,12,-3,13,-3,12,-3,12,-4,12,-3,12,-3,11,-4,11,-4,11,-4,11,-4,11,-5,10,-5,10,-5,10,-5,11,-5,11,-6,11,-6,11,-6,11,-6,11,-5,12,-5,12,-5,12,-5,13,-6,12,-5,13,-5,0,0]"
CSI_DATA: 337,5,76,76,80,75,82,0,-26,-36,31826.122,31827.459,101.754,32117.635,315.327,133.636,"[7,16,8,17,8,15,9,18,8,17,8,17,8,16,8,16,8,16,8,15,8,17,8,16,9,17,8,16,8,16,9,15,9,15,8,14,9,15,9,15,9,15,9,15,8,14,10,14,10,16,11,14,0,0,11,14,10,14,11,15,10,13,11,14,11,14,11,14,11,13,11,14,11,13,11,14,10,14,10,14,11,14,10,14,11,14,11,14,11,14,10,14,10,14,9,15,9,14,8,15,9,15,7,15,7,15,0,0,-13,5,-13,5,-12,5,-13,5,-13,4,-13,4,-12,4,-11,4,-12,5,-11,4,-12,5,-11,5,-11,5,-11,5,-11,4,-10,6,-10,6,-10,6,-9,6,-10,6,-10,6,-10,6,-10,6,-9,7,-10,7,-9,8,0,0,-9,8,-10,8,-9,8,-9,9,-9,8,-10,9,-9,9,-9,9,-10,10,-9,10,-9,11,-10,9,-9,10,-10,10,-11,11,-11,12,-11,12,-11,12,-12,11,-12,11,-13,11,-13,10,-14,11,-14,11,-15,10,-16,10,0,0]"
CSI_DATA: 338,7,68,68,70,68,82,0,-28,-19,31744.200,31745.537,201.480,32186.858,384.550,202.859,"[-15,0,-15,0,-14,1,-16,0,-14,0,-15,0,-13,0,-12,0,-13,0,-11,1,-12,1,-11,2,-11,2,-11,2,-11,3,-11,4,-10,4,-11,4,-10,5,-11,5,-11,5,-11,5,-10,5,-10,7,-11,7,-10,7,0,0,-10,8,-10,8,-10,9,-10,10,-10,10,-11,10,-11,10,-11,11,-11,11,-11,11,-12,13,-12,12,-12,12,-13,13,-13,13,-14,14,-14,14,-14,15,-15,14,-15,14,-16,13,-17,13,-17,13,-19,14,-20,12,-20,12,0,0,-5,-18,-5,-18,-6,-17,-5,-19,-5,-18,-4,-18,-4,-18,-4,-18,-4,-18,-4,-17,-4,-18,-4,-17,-4,-16,-4,-16,-3,-15,-6,-16,-6,-14,-6,-14,-7,-14,-6,-15,-6,-15,-7,-15,-6,-15,-8,-14,-8,-16,-9,-16,0,0,-8,-16,-8,-16,-9,-16,-9,-16,-8,-16,-8,-17,-7,-17,-7,-16,-7,-17,-7,-16,-8,-17,-6,-16,-6,-16,-6,-16,-6,-16,-6,-16,-6,-16,-6,-16,-5,-16,-4,-15,-4,-16,-3,-14,-3,-15,-4,-15,-3,-15,-2,-15,0,0]"
CSI_DATA: 339,3,65,65,81,64,83,0,-22,-20,32216.165,32217.403,11.371,32390.209,203.351,16.210,"[9,8,10,8,10,7,10,8,10,8,10,8,9,8,9,7,9,8,9,7,10,7,10,7,10,6,10,6,10,7,11,6,10,5,10,5,11,6,11,6,11,6,11,6,10,6,12,4,12,5,12,5,0,0,12,5,13,5,13,5,12,4,13,5,13,5,13,5,13,5,13,5,13,4,14,5,13,5,14,5,14,5,13,6,14,5,14,6,14,6,13,7,13,7,13,8,13,8,13,8,13,8,12,9,11,9,0,0,10,-10,9,-10,9,-11,10,-11,9,-11,10,-11,9,-11,9,-11,9,-11,9,-11,9,-13,9,-13,8,-13,8,-13,9,-12,8,-14,7,-13,7,-13,7,-14,7,-14,8,-14,7,-14,7,-14,5,-15,7,-16,6,-17,0,0,6,-16,5,-18,5,-18,5,-18,6,-18,6,-19,6,-19,6,-18,6,-19,6,-19,6,-20,6,-19,6,-19,7,-20,7,-20,7,-20,7,-20,7,-20,8,-19,8,-19,10,-19,9,-18,10,-18,9,-19,11,-17,11,-16,0,0]"
CSI_DATA: 340,4,70,70,81,69,83,0,-21,-27,32213.73,32214.311,57.166,32439.27,252.169,65.28,"[-2,13,-1,14,0,13,-1,15,-1,14,0,14,0,14,0,14,-1,14,0,13,0,15,1,14,1,15,1,14,0,15,2,14,2,14,2,13,3,14,2,14,2,14,3,14,3,14,4,14,4,15,5,15,0,0,5,15,5,15,6,15,6,14,6,15,6,16,6,16,6,15,6,16,6,15,7,17,6,16,6,17,6,17,6,17,6,18,6,18,6,18,5,19,4,19,3,19,3,19,2,19,3,19,1,19,0,19,0,0,-17,-3,-17,-3,-17,-1,-18,-3,-17,-2,-17,-2,-17,-2,-16,-2,-16,-2,-16,-2,-17,-2,-16,0,-17,0,-16,0,-16,-2,-16,-1,-15,0,-15,-1,-15,1,-15,0,-15,0,-15,1,-15,0,-14,3,-15,2,-15,2,0,0,-15,3,-15,3,-15,4,-15,4,-15,4,-16,4,-15,5,-16,5,-16,5,-16,6,-16,7,-16,6,-17,6,-17,6,-18,6,-19,6,-19,7,-19,6,-20,5,-20,5,-21,4,-21,3,-22,3,-22,4,-22,2,-22,1,0,0]"
CSI_DATA: 341,5,77,77,81,76,83,0,-23,-31,32216.124,32217.362,101.713,32500.124,313.266,126.125,"[18,0,18,0,17,-2,19,-1,17,-1,18,0,17,0,17,0,17,0,16,-1,18,-1,17,-1,17,-1,17,-2,17,-1,17,-2,16,-3,16,-2,16,-3,16,-2,17,-2,16,-3,16,-2,16,-4,17,-4,17,-5,0,0,16,-4,16,-4,17,-5,16,-5,17,-5,17,-4,17,-4,16,-5,17,-5,16,-5,18,-6,17,-5,17,-5,17,-5,17,-5,18,-5,17,-5,18,-5,17,-4,17,-3,17,-3,17,-2,17,-2,17,-3,17,-1,17,-1,0,0,-3,-14,-4,-15,-4,-14,-4,-16,-3,-14,-4,-15,-3,-14,-4,-14,-3,-14,-4,-13,-4,-15,-5,-14,-5,-14,-5,-14,-4,-15,-5,-15,-5,-14,-4,-14,-5,-14,-5,-14,-5,-15,-5,-14,-4,-14,-6,-14,-6,-15,-6,-15,0,0,-6,-15,-7,-15,-7,-15,-6,-14,-6,-14,-7,-15,-7,-15,-7,-15,-6,-15,-7,-14,-8,-15,-7,-15,-7,-15,-8,-16,-7,-16,-8,-16,-9,-16,-8,-17,-8,-17,-8,-17,-7,-18,-7,-18,-7,-19,-8,-20,-5,-20,-5,-21,0,0]"
CSI_DATA: 342,6,72,72,79,71,83,0,-22,-25,32219.252,32220.490,157.104,32568.527,381.669,194.528,"[-4,8,-4,9,-3,9,-3,10,-3,10,-3,10,-3,10,-2,10,-2,10,-2,11,-2,11,-1,11,-1,12,-1,12,-1,12,0,12,0,12,0,12,0,12,0,13,0,13,0,13,0,13,1,13,0,14,1,14,0,0,1,14,1,15,2,15,2,14,1,15,2,16,1,15,2,15,2,15,2,15,2,16,1,16,2,16,2,16,2,16,2,17,1,17,1,17,1,17,1,16,0,17,-1,17,-1,17,-1,18,-2,17,-2,17,0,0,-11,11,-11,11,-10,12,-11,12,-11,11,-11,11,-11,11,-10,11,-11,11,-10,11,-11,12,-10,12,-10,11,-9,11,-10,11,-9,12,-8,12,-7,12,-7,12,-8,13,-8,13,-7,13,-7,13,-6,14,-7,15,-6,16,0,0,-5,16,-6,16,-6,17,-5,17,-6,17,-6,18,-6,18,-6,17,-6,18,-5,18,-5,20,-6,18,-7,18,-7,19,-7,19,-7,19,-7,19,-8,19,-9,18,-8,18,-9,18,-9,17,-10,17,-10,17,-11,16,-11,16,0,0]"
CSI_DATA: 343,7,69,69,71,69,83,0,-25,-23,32134.202,32135.441,201.434,32631.590,444.732,257.591,"[14,-2,14,-3,13,-3,14,-3,13,-3,13,-3,12,-2,12,-3,12,-2,11,-3,12,-4,11,-5,12,-5,11,-5,12,-4,12,-5,11,-5,11,-5,11,-5,11,-4,11,-5,10,-5,10,-5,9,-6,10,-6,10,-7,0,0,9,-7,9,-8,9,-9,8,-8,8,-8,9,-9,9,-10,9,-10,9,-10,8,-11,9,-12,9,-12,10,-13,10,-13,10,-13,11,-14,11,-14,12,-14,13,-14,13,-13,14,-13,16,-13,16,-14,16,-15,18,-13,19,-13,0,0,-6,17,-7,17,-5,16,-7,18,-7,17,-7,17,-8,16,-8,16,-9,16,-8,15,-9,16,-8,15,-8,14,-8,13,-9,12,-7,12,-6,12,-6,11,-5,12,-5,12,-5,11,-4,12,-5,11,-3,12,-4,13,-3,13,0,0,-3,12,-3,12,-3,13,-2,12,-3,12,-3,12,-3,12,-3,12,-3,12,-2,12,-2,12,-2,11,-2,11,-2,11,-2,11,-2,12,-2,11,-2,11,-2,11,-2,11,-3,11,-3,11,-2,11,-2,11,-3,11,-3,11,0,0]"
CSI_DATA: 344,3,66,66,82,65,84,0,-24,-21,32607.411,32617.431,21.423,32787.591,156.01,23.592,"[11,-3,11,-3,11,-4,12,-4,11,-4,11,-4,11,-4,11,-4,11,-4,11,-4,12,-5,11,-5,11,-5,11,-6,12,-5,11,-7,11,-6,11,-6,11,-7,11,-6,12,-6,11,-7,11,-7,11,-8,12,-8,11,-9,0,0,11,-9,12,-9,12,-10,11,-10,12,-9,12,-10,13,-10,12,-10,12,-10,12,-10,13,-11,13,-11,13,-10,13,-11,13,-11,13,-11,14,-11,14,-11,14,-10,15,-10,15,-10,16,-9,17,-9,17,-9,17,-8,17,-8,0,0,-18,-2,-18,-2,-17,-1,-18,-2,-17,-1,-18,-1,-18,-1,-17,-1,-17,-1,-16,0,-18,0,-17,1,-17,1,-16,1,-16,1,-17,2,-16,3,-16,2,-16,3,-16,3,-16,3,-16,4,-16,3,-15,6,-16,6,-17,7,0,0,-16,7,-17,8,-17,8,-17,9,-17,9,-18,9,-18,9,-18,9,-18,9,-18,10,-19,11,-19,10,-19,10,-20,10,-20,10,-21,11,-21,10,-22,10,-22,9,-22,8,-23,7,-22,7,-23,6,-23,7,-23,4,-24,4,0,0]"
CSI_DATA: 345,5,78,78,82,77,84,0,-22,-23,32607.371,32617.391,111.737,32877.50,245.460,113.51,"[-3,-16,-3,-16,-4,-16,-3,-17,-3,-16,-3,-16,-3,-16,-3,-15,-3,-15,-3,-15,-3,-16,-4,-15,-4,-15,-3,-15,-3,-15,-4,-15,-4,-15,-4,-14,-4,-15,-3,-15,-3,-15,-4,-15,-3,-14,-5,-14,-4,-15,-5,-15,0,0,-5,-15,-5,-15,-5,-15,-5,-14,-5,-15,-5,-15,-5,-15,-4,-15,-5,-14,-5,-15,-6,-15,-4,-15,-4,-15,-4,-15,-4,-15,-4,-15,-4,-16,-4,-15,-3,-15,-3,-14,-2,-15,-1,-15,-1,-15,-2,-15,-1,-14,-1,-14,0,0,-16,1,-16,1,-16,2,-17,1,-17,1,-16,1,-16,1,-16,1,-16,1,-16,1,-18,2,-17,3,-17,3,-17,3,-17,2,-18,3,-16,3,-17,3,-17,4,-17,3,-17,2,-17,4,-17,3,-17,5,-18,4,-18,6,0,0,-17,6,-18,5,-18,6,-18,6,-18,6,-19,6,-19,6,-18,5,-18,6,-19,6,-19,7,-18,6,-19,6,-19,6,-19,7,-20,7,-20,7,-20,6,-21,6,-20,5,-21,4,-20,4,-21,4,-22,5,-22,3,-22,2,0,0]"
CSI_DATA: 346,7,70,70,72,70,84,0,-22,-25,32525.450,32535.470,211.454,32976.877,345.287,212.878,"[6,13,7,12,7,12,7,13,7,12,7,12,7,11,7,11,7,11,8,10,8,11,9,11,9,11,8,11,8,11,9,10,9,10,8,10,9,10,8,10,8,10,8,9,8,9,9,8,10,9,10,8,0,0,10,7,10,7,11,7,11,6,11,7,12,7,12,7,12,7,13,6,13,6,14,6,14,7,14,7,15,7,15,7,16,7,16,8,16,8,16,9,16,9,16,10,16,11,16,12,17,12,16,13,16,14,0,0,18,-3,18,-3,18,-4,20,-3,18,-3,18,-3,18,-2,18,-2,18,-2,17,-2,19,-2,17,-3,17,-2,16,-2,16,-1,16,-3,14,-3,14,-3,14,-4,14,-3,14,-3,14,-4,14,-3,14,-5,14,-5,14,-6,0,0,14,-5,14,-6,14,-6,14,-6,14,-5,14,-5,14,-5,14,-5,14,-5,13,-5,14,-6,13,-5,13,-5,14,-5,13,-5,13,-5,13,-5,13,-5,13,-4,13,-3,13,-3,13,-2,13,-2,12,-3,12,-1,12,-1,0,0]"
CSI_DATA: 347,3,67,67,83,66,85,0,-25,-20,32996.147,32997.598,11.578,33167.38,190.161,13.38,"[-3,9,-2,10,-1,10,-2,11,-2,10,-2,10,-1,10,-1,10,-1,11,0,10,0,12,0,12,0,12,0,12,0,12,1,12,1,12,1,11,1,12,1,12,1,13,2,13,1,12,3,13,2,14,3,14,0,0,3,14,3,14,3,15,4,14,3,15,4,15,4,15,4,15,4,15,4,15,6,16,4,16,5,16,5,17,5,16,5,18,5,18,5,19,5,19,4,19,3,20,3,20,2,20,3,21,1,21,0,21,0,0,14,5,14,4,14,4,15,4,14,4,14,4,15,3,14,3,14,3,14,3,15,3,15,2,15,2,14,2,14,2,15,1,14,0,14,1,14,0,14,0,15,0,14,0,14,0,14,-2,16,-2,16,-3,0,0,15,-3,16,-4,16,-5,16,-5,16,-5,17,-5,17,-5,17,-5,17,-6,17,-6,19,-7,18,-5,18,-6,19,-6,19,-6,21,-6,21,-6,21,-6,21,-5,21,-4,22,-4,21,-3,22,-3,23,-3,23,-1,23,0,0,0]"
CSI_DATA: 348,4,71,71,82,70,85,0,-21,-25,32993.57,32994.507,57.158,33214.279,237.402,60.279,"[11,6,11,6,11,4,13,6,11,5,12,5,11,5,11,5,11,5,11,4,12,4,12,4,12,4,12,4,12,5,12,3,12,3,11,3,13,3,12,3,12,4,12,3,11,3,13,1,13,2,14,2,0,0,13,2,13,1,14,1,13,1,14,2,14,2,14,2,14,2,14,1,14,1,15,1,14,1,15,1,16,2,14,2,16,2,15,2,16,3,15,3,15,4,15,4,15,5,14,5,15,4,14,6,14,6,0,0,-18,0,-17,1,-17,2,-19,1,-18,1,-18,1,-18,1,-17,1,-18,1,-17,1,-19,1,-18,2,-18,2,-18,2,-17,1,-18,3,-17,3,-17,3,-16,3,-17,3,-17,2,-16,3,-16,2,-16,5,-17,4,-16,5,0,0,-16,6,-17,6,-16,7,-16,7,-16,7,-17,8,-16,7,-16,8,-16,8,-17,8,-17,9,-17,8,-17,9,-17,9,-18,10,-18,10,-19,11,-19,10,-20,9,-20,9,-21,8,-20,8,-21,7,-21,8,-22,6,-22,6,0,0]"
CSI_DATA: 349,5,79,79,83,78,85,0,-25,-17,32996.108,32997.558,101.724,33274.190,297.313,120.190,"[10,11,10,11,10,10,11,12,10,11,11,11,10,10,10,10,10,11,10,9,12,10,12,10,12,10,12,9,11,10,13,9,12,8,12,8,13,8,13,9,13,9,13,8,12,8,14,7,15,8,15,8,0,0,15,7,15,8,17,8,15,7,16,8,17,8,16,8,16,8,17,9,16,8,18,8,16,9,17,9,17,9,16,9,17,10,17,10,16,10,15,11,15,11,14,12,14,12,13,12,14,12,13,13,12,12,0,0,3,8,4,8,5,8,4,9,4,8,4,8,4,8,4,8,4,8,5,8,5,8,5,8,5,8,5,8,5,8,7,8,6,7,6,8,6,7,6,8,6,8,7,8,6,8,7,7,8,8,8,7,0,0,8,7,9,7,9,7,9,7,9,7,9,8,9,8,9,8,10,8,10,8,11,8,10,8,10,8,10,8,10,9,11,9,11,9,10,9,10,9,10,10,10,10,9,10,9,11,9,10,8,12,8,12,0,0]"
CSI_DATA: 350,6,74,74,81,73,85,0,-21,-22,32999.236,33000.687,157.118,33328.880,352.03,174.880,"[-10,0,-11,1,-10,2,-11,2,-11,2,-11,2,-10,2,-10,3,-11,3,-10,4,-11,4,-11,5,-11,5,-11,5,-12,6,-11,6,-10,6,-10,6,-11,8,-12,7,-12,7,-11,8,-11,7,-10,9,-12,9,-12,10,0,0,-12,10,-12,10,-12,11,-12,11,-13,12,-13,11,-13,11,-13,12,-13,12,-12,12,-13,13,-13,12,-14,13,-15,13,-14,12,-15,13,-14,13,-15,13,-16,12,-16,11,-17,11,-17,11,-17,11,-17,12,-18,10,-18,10,0,0,13,-10,13,-11,12,-11,14,-11,13,-11,13,-11,13,-11,13,-11,13,-10,12,-11,13,-12,12,-12,12,-12,11,-12,12,-11,12,-13,11,-13,11,-13,10,-13,10,-13,11,-13,10,-14,10,-14,8,-16,10,-16,9,-17,0,0,9,-17,9,-18,9,-18,8,-18,9,-18,9,-18,9,-19,9,-19,9,-20,8,-20,9,-22,9,-21,9,-20,10,-21,10,-21,11,-22,11,-21,11,-22,12,-21,12,-21,14,-21,13,-20,14,-20,14,-20,16,-19,16,-18,0,0]"
CSI_DATA: 351,7,71,71,73,71,85,0,-20,-26,32914.188,32915.638,211.736,33398.678,421.801,244.678,"[-16,-1,-17,-1,-16,0,-18,-2,-16,-1,-17,-1,-16,-2,-16,-2,-16,-2,-15,-1,-17,-1,-16,-1,-16,-1,-15,-1,-15,-2,-15,0,-14,0,-14,0,-14,0,-14,0,-14,0,-14,1,-13,0,-14,2,-15,2,-15,3,0,0,-14,3,-14,3,-15,4,-14,4,-15,4,-16,4,-16,4,-15,4,-16,5,-15,5,-16,6,-16,5,-16,5,-17,5,-16,5,-18,6,-18,5,-18,5,-18,4,-18,3,-19,3,-19,3,-19,2,-20,3,-20,2,-20,1,0,0,12,-3,13,-4,13,-4,15,-4,13,-3,14,-4,14,-3,15,-4,15,-4,14,-4,16,-4,16,-4,16,-5,16,-4,16,-3,16,-5,15,-5,15,-4,15,-5,15,-4,16,-5,15,-5,15,-4,14,-7,15,-7,15,-7,0,0,15,-8,15,-9,15,-9,15,-10,15,-9,15,-10,15,-10,15,-10,15,-11,15,-11,16,-13,15,-12,15,-12,16,-13,17,-13,17,-14,17,-14,18,-14,18,-14,18,-13,20,-12,19,-12,20,-12,20,-13,22,-11,22,-10,0,0]"
CSI_DATA: 352,3,68,68,84,67,86,0,-20,-24,33386.116,33387.390,11.400,33556.839,158.161,12.839,"[-12,-11,-13,-11,-13,-9,-13,-11,-13,-10,-13,-10,-13,-10,-13,-10,-13,-10,-13,-9,-14,-10,-15,-9,-15,-9,-15,-9,-14,-9,-15,-9,-15,-8,-14,-8,-16,-8,-16,-8,-16,-9,-16,-8,-15,-8,-17,-7,-18,-8,-18,-7,0,0,-17,-7,-18,-7,-19,-7,-18,-7,-19,-7,-19,-7,-19,-7,-19,-7,-20,-7,-19,-6,-20,-7,-20,-7,-20,-7,-21,-8,-20,-8,-22,-8,-22,-8,-22,-8,-22,-9,-21,-10,-21,-11,-21,-11,-21,-12,-22,-12,-21,-13,-20,-14,0,0,3,-17,2,-18,1,-17,2,-19,2,-17,2,-18,2,-18,2,-16,2,-16,1,-16,1,-18,0,-17,0,-16,0,-16,1,-16,-1,-16,-1,-16,-1,-15,-2,-15,-1,-15,-1,-15,-2,-15,-2,-14,-4,-14,-4,-15,-5,-15,0,0,-6,-15,-5,-15,-7,-16,-7,-14,-7,-16,-7,-16,-7,-16,-7,-16,-8,-16,-8,-15,-10,-17,-8,-16,-8,-17,-9,-18,-9,-18,-10,-20,-9,-19,-10,-20,-9,-20,-8,-20,-7,-21,-6,-20,-6,-21,-6,-22,-4,-23,-3,-22,0,0]"
CSI_DATA: 353,4,72,72,83,71,86,0,-24,-27,33383.27,33384.300,57.199,33619.500,220.822,75.500,"[4,10,4,10,5,9,5,10,5,10,5,10,5,9,5,9,5,10,6,9,6,9,7,9,7,9,7,9,6,9,8,9,7,8,7,8,8,8,7,8,8,8,8,8,7,8,9,7,9,8,10,8,0,0,10,7,10,7,11,7,10,7,11,7,11,8,11,8,11,7,11,8,11,8,12,8,12,8,12,8,12,8,11,9,12,9,12,9,12,9,11,10,11,10,11,11,10,12,10,12,10,12,9,12,8,13,0,0,21,-5,22,-5,21,-6,24,-5,21,-5,23,-4,22,-4,21,-3,21,-3,20,-4,22,-4,21,-4,21,-4,20,-3,20,-2,20,-4,19,-4,18,-3,19,-4,19,-2,18,-2,18,-3,17,-2,17,-5,17,-4,18,-4,0,0,16,-5,16,-5,16,-6,15,-5,17,-6,16,-6,16,-6,15,-5,15,-6,15,-7,16,-8,15,-7,15,-7,16,-8,15,-8,16,-8,16,-8,17,-8,17,-7,16,-7,18,-7,17,-7,17,-7,18,-8,18,-6,18,-6,0,0]"
CSI_DATA: 354,5,80,80,84,79,86,0,-27,-22,33386.77,33387.351,101.757,33677.891,279.213,133.891,"[16,1,16,0,16,0,17,1,16,1,15,1,15,1,15,1,15,1,14,0,15,0,15,0,15,0,15,0,14,1,15,0,14,-1,14,-1,14,-1,14,-1,15,0,15,-1,14,-1,14,-2,15,-1,15,-2,0,0,14,-2,15,-2,15,-2,14,-2,14,-2,15,-2,15,-2,15,-2,14,-2,14,-2,16,-2,14,-1,14,-1,14,-1,14,-1,15,-2,15,-1,15,-2,14,-1,14,-1,14,0,14,0,14,1,15,0,14,1,14,2,0,0,-13,2,-14,2,-13,3,-15,2,-14,3,-15,3,-14,3,-14,3,-14,3,-14,4,-15,5,-15,5,-15,6,-14,6,-15,5,-15,7,-15,7,-15,7,-15,8,-16,7,-16,6,-15,7,-15,7,-15,10,-16,9,-16,10,0,0,-15,10,-16,10,-16,11,-16,11,-16,12,-17,12,-17,12,-17,12,-17,13,-16,12,-17,15,-17,13,-17,13,-19,13,-18,13,-20,15,-19,14,-20,14,-21,13,-20,12,-21,11,-21,11,-21,11,-22,12,-23,10,-23,9,0,0]"
CSI_DATA: 355,6,75,75,82,74,86,0,-20,-18,33389.206,33390.480,157.242,33742.628,343.950,198.628,"[-8,-7,-9,-7,-9,-6,-10,-7,-10,-7,-10,-6,-10,-6,-10,-6,-10,-6,-10,-5,-11,-6,-11,-5,-11,-5,-12,-5,-12,-5,-12,-4,-12,-4,-12,-4,-13,-3,-13,-4,-13,-4,-13,-3,-13,-4,-14,-2,-14,-3,-15,-2,0,0,-15,-2,-15,-2,-16,-2,-15,-1,-16,-2,-17,-2,-17,-2,-17,-2,-17,-2,-17,-2,-18,-1,-17,-2,-18,-2,-18,-3,-18,-2,-19,-2,-19,-3,-19,-3,-19,-4,-18,-4,-19,-5,-18,-5,-18,-6,-19,-6,-18,-7,-18,-8,0,0,-7,12,-6,13,-5,12,-7,14,-6,13,-7,14,-7,13,-6,13,-7,13,-5,13,-6,15,-5,15,-5,15,-4,14,-5,14,-4,15,-4,15,-4,14,-3,16,-4,15,-4,15,-3,15,-3,15,-1,16,-1,17,0,18,0,0,-1,17,0,17,0,18,0,17,0,19,0,19,0,19,0,19,1,19,1,19,2,21,1,20,1,20,0,22,0,21,1,23,0,22,0,24,-1,24,-2,23,-3,24,-4,22,-4,23,-4,24,-6,23,-6,23,0,0]"
CSI_DATA: 356,7,72,72,74,72,86,0,-24,-27,33304.158,33305.432,201.485,33809.708,411.30,265.708,"[15,-10,15,-10,14,-11,16,-10,15,-10,15,-10,15,-9,15,-9,15,-8,13,-8,15,-9,14,-10,14,-9,14,-9,14,-8,14,-9,13,-9,12,-8,13,-9,13,-8,12,-8,12,-9,12,-8,11,-10,12,-10,11,-11,0,0,11,-11,11,-11,11,-12,10,-11,11,-12,11,-12,11,-11,11,-12,11,-12,11,-12,11,-13,11,-13,11,-13,12,-14,12,-13,12,-14,12,-14,12,-14,13,-13,13,-13,14,-13,15,-13,15,-13,15,-14,16,-13,16,-13,0,0,17,-7,17,-7,16,-8,19,-7,17,-7,18,-7,17,-7,16,-6,15,-6,15,-7,16,-8,14,-8,14,-8,13,-8,13,-8,12,-10,11,-11,10,-10,10,-12,11,-13,11,-13,11,-14,11,-14,10,-17,12,-17,12,-18,0,0,12,-18,12,-19,13,-20,12,-19,14,-20,14,-20,15,-19,15,-18,14,-19,14,-18,15,-20,15,-18,15,-18,16,-18,15,-18,16,-18,16,-17,16,-17,17,-16,16,-15,17,-14,16,-13,16,-13,16,-13,16,-12,16,-11,0,0]"
CSI_DATA: 357,3,69,69,85,68,87,0,-24,-20,33778.03,33787.437,21.429,33956.808,147.100,22.811,"[-11,8,-10,9,-9,9,-11,10,-11,9,-10,9,-10,9,-9,9,-10,9,-9,9,-10,10,-10,10,-10,10,-9,9,-10,9,-9,10,-9,9,-8,9,-8,10,-8,10,-9,10,-8,11,-9,10,-7,11,-9,11,-8,12,0,0,-8,12,-8,11,-8,13,-7,12,-8,12,-8,13,-8,12,-7,12,-8,13,-8,12,-8,14,-9,12,-9,13,-9,13,-8,13,-8,14,-9,14,-9,14,-9,13,-9,13,-10,13,-11,12,-11,12,-11,13,-12,12,-13,12,0,0,14,-8,14,-8,13,-9,14,-9,14,-9,14,-9,13,-9,13,-9,13,-9,13,-10,13,-11,13,-11,12,-11,12,-11,13,-11,13,-13,11,-12,11,-12,11,-13,12,-12,12,-12,12,-13,11,-13,10,-14,11,-15,11,-15,0,0,10,-15,11,-16,11,-17,10,-16,10,-16,11,-17,11,-17,11,-16,11,-17,11,-17,11,-19,11,-18,11,-18,12,-18,12,-18,12,-19,13,-19,13,-18,14,-17,14,-16,16,-16,15,-16,16,-15,15,-16,17,-14,17,-13,0,0]"
CSI_DATA: 358,4,73,73,84,72,87,0,-23,-26,33774.915,33784.349,67.184,34013.946,204.238,79.949,"[-5,-13,-5,-13,-6,-12,-6,-14,-6,-13,-6,-13,-7,-13,-7,-12,-7,-13,-7,-12,-7,-13,-8,-13,-8,-13,-8,-13,-8,-13,-9,-13,-9,-12,-8,-12,-10,-12,-10,-12,-10,-12,-10,-11,-10,-12,-11,-11,-12,-12,-12,-12,0,0,-13,-11,-13,-11,-14,-12,-13,-10,-14,-11,-15,-12,-15,-12,-15,-11,-15,-12,-15,-11,-16,-12,-15,-13,-16,-13,-16,-13,-15,-13,-17,-14,-16,-14,-17,-14,-16,-15,-15,-15,-15,-16,-14,-16,-14,-17,-15,-17,-13,-18,-12,-19,0,0,11,-16,10,-16,10,-17,12,-17,12,-16,11,-15,11,-15,11,-14,12,-15,11,-15,11,-15,10,-16,11,-15,11,-15,12,-14,11,-15,10,-14,10,-13,9,-13,11,-13,11,-13,10,-13,10,-12,8,-14,9,-14,8,-14,0,0,7,-13,8,-14,7,-14,6,-14,7,-13,7,-14,7,-14,6,-14,6,-14,5,-15,5,-16,5,-15,6,-16,6,-16,6,-16,5,-17,6,-17,6,-16,7,-16,7,-16,8,-17,8,-16,8,-17,7,-17,9,-17,9,-17,0,0]"
CSI_DATA: 359,5,81,81,85,80,87,0,-27,-20,33777.965,33787.399,111.734,34087.557,277.849,153.560,"[0,-17,0,-17,-1,-17,0,-18,0,-17,0,-17,-1,-17,-1,-16,-1,-16,-1,-16,-1,-17,-2,-16,-2,-17,-2,-16,-1,-16,-3,-17,-3,-16,-2,-15,-3,-16,-3,-16,-3,-16,-4,-16,-2,-15,-4,-16,-4,-17,-4,-16,0,0,-5,-16,-5,-16,-6,-17,-5,-16,-5,-16,-5,-17,-5,-16,-5,-16,-5,-16,-5,-16,-6,-17,-5,-17,-5,-17,-5,-18,-4,-16,-5,-18,-5,-17,-4,-17,-4,-17,-4,-17,-3,-18,-2,-17,-2,-17,-2,-18,-1,-17,0,-17,0,0,8,8,8,8,9,7,9,8,9,8,9,8,9,8,9,7,10,8,10,7,11,7,12,7,12,7,12,7,11,7,13,6,12,6,12,6,13,5,13,6,13,7,14,6,13,6,14,4,16,5,16,5,0,0,16,5,17,5,17,4,17,4,17,4,17,5,18,5,18,5,19,5,19,5,20,4,19,5,20,5,20,5,20,6,21,6,21,6,20,6,20,8,20,8,20,9,19,9,20,10,20,9,19,11,19,12,0,0]"
CSI_DATA: 360,6,76,76,83,75,87,0,-24,-17,33781.94,33790.528,167.119,34151.197,341.489,217.200,"[9,-2,9,-3,9,-4,10,-3,10,-3,10,-4,9,-4,9,-4,9,-4,9,-4,10,-5,9,-5,10,-5,10,-6,10,-5,10,-6,9,-6,9,-6,10,-7,10,-7,10,-7,10,-7,10,-7,9,-8,10,-8,10,-8,0,0,10,-9,11,-8,10,-9,10,-9,11,-9,11,-9,11,-9,11,-9,11,-9,10,-9,11,-10,11,-9,12,-10,12,-10,11,-9,12,-10,11,-10,12,-10,13,-10,13,-9,13,-8,13,-8,14,-8,14,-9,14,-7,15,-7,0,0,2,13,2,13,3,13,3,14,3,14,3,14,3,14,3,14,3,14,4,14,4,15,5,14,5,14,5,14,4,15,6,15,6,14,6,14,6,14,6,15,6,15,6,15,6,14,8,14,8,15,9,15,0,0,9,15,9,15,10,15,10,14,10,15,10,16,10,16,11,16,11,16,11,16,13,16,11,16,12,17,12,18,12,18,13,18,13,18,12,19,12,20,11,20,10,21,10,21,10,22,11,21,8,23,7,23,0,0]"
CSI_DATA: 361,7,73,73,75,73,87,0,-22,-25,33696.47,33705.481,211.465,34212.435,402.727,278.438,"[14,6,15,6,15,5,15,6,14,6,14,6,14,5,13,5,13,5,13,5,14,5,13,4,13,4,13,4,12,4,13,3,12,2,12,3,12,2,12,2,12,3,12,2,12,2,12,1,13,1,13,0,0,0,13,0,13,0,14,-1,13,-1,14,-1,14,-1,14,-2,14,-1,15,-2,15,-2,16,-2,16,-2,16,-2,16,-2,16,-2,17,-2,18,-2,18,-2,18,-1,18,-1,19,0,19,1,20,1,20,1,20,3,20,3,0,0,5,-15,5,-15,4,-14,5,-15,4,-14,4,-14,3,-14,3,-13,3,-13,2,-13,2,-14,1,-14,0,-14,0,-14,0,-14,-1,-15,-2,-14,-2,-14,-3,-13,-3,-14,-2,-15,-3,-15,-3,-15,-5,-15,-5,-16,-6,-16,0,0,-6,-17,-6,-18,-7,-18,-7,-18,-6,-18,-6,-19,-6,-19,-6,-19,-6,-20,-6,-20,-7,-20,-6,-19,-6,-20,-6,-20,-6,-21,-5,-21,-5,-21,-4,-21,-3,-21,-3,-20,-2,-21,-1,-20,-1,-20,-2,-20,0,-20,0,-20,0,0]"
CSI_DATA: 362,3,70,70,86,69,88,0,-21,-20,34166.120,34168.25,12.17,34337.390,124.955,13.393,"[-7,-11,-7,-11,-8,-10,-8,-11,-8,-10,-8,-11,-8,-10,-8,-10,-9,-10,-9,-9,-10,-10,-10,-9,-11,-9,-11,-9,-10,-9,-12,-9,-12,-8,-12,-8,-12,-7,-13,-8,-13,-8,-13,-7,-13,-8,-15,-6,-15,-7,-16,-7,0,0,-16,-6,-17,-6,-18,-6,-17,-6,-18,-6,-19,-6,-19,-7,-19,-6,-20,-6,-20,-6,-21,-6,-21,-7,-21,-7,-22,-7,-21,-7,-23,-7,-24,-7,-23,-8,-23,-9,-23,-9,-23,-11,-23,-11,-24,-12,-25,-12,-23,-14,-23,-15,0,0,7,12,8,12,9,11,9,13,9,12,9,12,9,12,10,11,10,12,10,11,11,13,11,12,11,12,11,12,11,12,13,11,13,10,12,11,13,10,13,11,13,11,14,10,13,11,15,10,15,11,16,11,0,0,16,10,16,10,17,10,17,10,17,10,17,11,17,11,17,11,17,10,17,11,19,11,16,11,16,12,17,11,17,12,18,12,18,12,18,13,17,13,16,13,16,14,14,13,14,15,14,14,13,15,12,15,0,0]"
CSI_DATA: 363,4,74,74,85,73,88,0,-21,-24,34163.33,34164.937,57.184,34394.788,182.353,70.791,"[11,2,11,2,11,0,12,1,12,1,12,1,12,1,12,1,12,1,12,0,13,-1,12,-1,12,-1,12,-1,13,-1,13,-2,12,-2,12,-2,12,-3,12,-2,13,-2,12,-3,12,-3,12,-5,13,-4,13,-5,0,0,13,-6,13,-6,14,-6,12,-6,14,-6,14,-7,14,-7,14,-7,14,-7,14,-7,15,-8,15,-7,15,-8,16,-8,15,-8,16,-8,16,-8,16,-7,17,-7,17,-6,17,-6,18,-5,18,-4,18,-5,18,-3,18,-3,0,0,-8,-16,-8,-16,-9,-15,-8,-17,-8,-16,-9,-16,-9,-16,-8,-15,-9,-16,-8,-15,-9,-17,-9,-16,-9,-16,-8,-16,-8,-16,-10,-16,-10,-15,-9,-15,-10,-15,-10,-15,-9,-15,-10,-15,-8,-15,-10,-14,-10,-16,-11,-15,0,0,-11,-14,-12,-14,-12,-15,-12,-14,-11,-15,-12,-15,-12,-15,-11,-15,-12,-15,-11,-15,-13,-15,-11,-15,-11,-15,-11,-15,-12,-15,-13,-15,-12,-15,-13,-15,-12,-16,-12,-15,-11,-16,-11,-15,-10,-16,-11,-16,-10,-17,-10,-18,0,0]"
CSI_DATA: 364,5,82,82,86,81,88,0,-27,-18,34166.83,34167.988,111.734,34465.596,253.161,141.599,"[9,-15,8,-15,7,-15,9,-16,8,-15,7,-15,7,-15,7,-15,7,-15,6,-15,7,-16,6,-16,6,-16,5,-16,6,-16,4,-17,4,-16,4,-16,3,-16,4,-16,4,-17,3,-16,3,-16,1,-17,2,-18,2,-18,0,0,1,-18,1,-18,0,-19,0,-19,0,-19,0,-19,0,-20,0,-20,0,-20,0,-20,-1,-21,0,-20,0,-21,0,-22,1,-21,0,-22,0,-22,1,-22,1,-22,3,-21,3,-21,3,-21,4,-21,3,-21,5,-20,6,-20,0,0,-9,11,-9,11,-8,11,-9,12,-9,12,-9,12,-9,12,-8,12,-8,13,-8,12,-8,14,-8,14,-8,14,-7,14,-8,13,-6,15,-6,14,-6,14,-5,15,-6,15,-6,15,-5,15,-6,15,-4,16,-5,17,-5,17,0,0,-3,17,-4,17,-4,18,-3,18,-3,18,-3,19,-3,19,-3,19,-3,19,-3,19,-2,21,-4,19,-4,20,-4,21,-4,21,-4,22,-4,22,-5,22,-5,22,-6,21,-7,22,-7,20,-8,20,-8,21,-10,20,-10,20,0,0]"
CSI_DATA: 365,6,77,77,83,76,88,0,-24,-21,33781.94,34171.117,157.123,34530.228,317.793,206.231,"[9,-2,9,-3,9,-4,10,-3,10,-3,10,-4,9,-4,9,-4,9,-4,9,-4,10,-5,9,-5,10,-5,10,-6,10,-5,10,-6,9,-6,9,-6,10,-7,10,-7,10,-7,10,-7,10,-7,9,-8,10,-8,10,-8,0,0,10,-9,11,-8,10,-9,10,-9,11,-9,11,-9,11,-9,11,-9,11,-9,10,-9,11,-10,11,-9,12,-10,12,-10,11,-9,12,-10,11,-10,12,-10,13,-10,13,-9,13,-8,13,-8,14,-8,14,-9,14,-7,15,-7,0,0,7,-12,6,-13,6,-13,7,-14,7,-13,7,-13,7,-14,7,-14,7,-14,6,-13,7,-15,7,-15,7,-15,6,-15,7,-15,5,-16,4,-16,5,-15,4,-16,4,-17,5,-16,4,-17,5,-16,2,-18,4,-18,2,-19,0,0,2,-19,2,-19,1,-20,1,-20,1,-21,1,-21,1,-21,1,-21,1,-22,1,-22,0,-24,1,-23,1,-23,1,-23,1,-24,1,-25,1,-24,1,-25,2,-25,3,-25,4,-25,4,-24,5,-25,5,-25,7,-24,7,-24,0,0]"
CSI_DATA: 366,3,71,71,87,70,89,0,-21,-21,34556.117,34557.446,11.320,34726.870,196.642,12.871,"[8,9,8,9,9,8,9,9,9,9,9,9,9,8,9,8,9,8,9,7,10,7,10,7,10,6,10,6,10,6,12,5,11,5,11,5,12,4,12,5,12,5,12,4,12,4,13,3,14,3,14,3,0,0,14,2,16,1,16,1,16,1,17,1,17,1,18,1,18,1,18,1,18,1,20,0,19,0,19,1,20,1,20,1,22,0,23,1,22,2,22,2,22,3,23,4,23,4,23,5,25,5,23,7,23,8,0,0,13,8,13,8,14,7,14,8,14,8,13,8,14,8,13,7,13,7,13,6,15,7,15,6,15,6,14,6,14,7,16,5,14,4,14,5,14,4,15,5,15,5,15,4,15,4,16,2,16,3,16,2,0,0,16,2,17,2,17,1,17,1,17,1,18,2,18,2,18,1,18,1,19,1,20,0,18,1,19,1,19,1,20,1,21,1,21,2,21,2,21,3,20,3,20,5,19,5,19,5,20,5,19,7,19,7,0,0]"
CSI_DATA: 367,4,75,75,86,74,89,0,-22,-27,34553.31,34554.359,57.64,34774.215,243.987,60.216,"[-11,6,-11,7,-10,8,-11,8,-11,8,-11,8,-10,8,-10,8,-10,8,-10,9,-10,10,-9,10,-10,10,-9,10,-10,10,-8,11,-8,10,-8,10,-8,11,-9,11,-9,11,-8,11,-8,11,-7,12,-7,13,-7,13,0,0,-6,13,-7,14,-7,14,-6,14,-7,15,-7,15,-7,15,-7,15,-6,15,-6,15,-6,17,-6,16,-7,16,-7,16,-7,16,-7,18,-8,18,-8,18,-9,17,-9,16,-10,17,-10,16,-11,16,-11,17,-12,15,-12,15,0,0,-6,16,-6,16,-6,16,-7,17,-7,16,-7,16,-7,16,-7,15,-7,15,-7,15,-7,16,-6,16,-7,16,-6,15,-8,14,-6,16,-5,14,-6,14,-5,14,-6,14,-7,14,-5,14,-6,13,-4,14,-5,14,-4,14,0,0,-3,14,-3,15,-3,14,-2,15,-3,14,-3,15,-3,14,-3,15,-2,15,-2,15,-1,16,-2,14,-2,15,-2,15,-1,16,-1,16,-2,16,-2,16,-3,16,-2,16,-3,17,-3,16,-4,17,-4,17,-5,17,-5,17,0,0]"
CSI_DATA: 368,5,83,83,87,82,89,0,-27,-23,34556.81,34557.410,101.630,34835.243,305.15,121.244,"[-9,-16,-10,-16,-10,-16,-10,-17,-9,-16,-9,-16,-9,-16,-9,-15,-9,-15,-9,-15,-9,-16,-9,-15,-9,-15,-9,-14,-8,-15,-10,-14,-9,-13,-9,-13,-9,-13,-9,-13,-9,-14,-9,-13,-9,-13,-10,-13,-10,-13,-11,-12,0,0,-10,-12,-11,-12,-11,-12,-11,-12,-11,-12,-11,-12,-12,-12,-11,-12,-11,-12,-11,-12,-12,-13,-11,-13,-11,-13,-11,-13,-11,-13,-11,-13,-11,-14,-10,-14,-9,-14,-9,-13,-8,-14,-8,-14,-7,-14,-8,-14,-5,-14,-5,-13,0,0,-3,4,-3,4,-3,4,-3,4,-3,4,-3,4,-3,4,-3,4,-3,4,-3,4,-3,5,-3,5,-3,5,-3,5,-3,4,-3,5,-3,5,-3,5,-3,5,-3,5,-3,5,-3,5,-3,5,-2,5,-2,5,-2,6,0,0,-2,5,-2,6,-2,6,-2,6,-2,6,-2,6,-2,6,-2,6,-2,6,-2,6,-2,7,-2,6,-2,6,-2,7,-2,7,-2,7,-2,7,-2,7,-3,7,-3,7,-3,7,-3,7,-4,7,-3,7,-4,7,-4,7,0,0]"
CSI_DATA: 369,6,78,78,84,77,89,0,-21,-14,34559.210,34560.539,157.07,34901.868,371.640,187.869,"[9,1,10,1,9,0,11,1,10,0,11,0,10,-1,10,-1,11,-1,11,-2,11,-2,11,-3,11,-3,11,-3,12,-3,11,-4,11,-4,11,-4,12,-5,12,-5,12,-5,12,-6,12,-5,12,-6,13,-7,13,-8,0,0,13,-8,13,-8,14,-9,13,-8,15,-9,15,-9,14,-9,14,-9,15,-9,14,-9,16,-10,15,-9,16,-9,17,-10,16,-9,17,-10,17,-9,18,-9,18,-8,18,-8,19,-7,18,-7,18,-6,19,-6,20,-5,19,-5,0,0,13,-11,13,-11,12,-12,13,-12,12,-12,13,-12,13,-12,13,-12,13,-12,12,-12,13,-14,12,-14,12,-14,11,-14,12,-14,11,-16,10,-15,11,-15,10,-16,11,-16,12,-16,11,-16,11,-16,8,-18,10,-19,9,-20,0,0,9,-19,9,-20,9,-20,8,-21,9,-21,9,-21,10,-22,9,-22,9,-23,9,-23,9,-25,9,-24,9,-23,10,-23,10,-25,10,-25,11,-25,11,-25,12,-25,12,-24,14,-24,14,-23,15,-23,14,-24,16,-23,17,-23,0,0]"
CSI_DATA: 370,3,72,72,88,71,90,0,-23,-23,34946.131,34947.395,11.423,35116.772,214.904,12.773,"[-12,5,-12,5,-12,6,-12,6,-12,5,-12,6,-12,6,-11,6,-12,5,-11,6,-12,7,-11,7,-12,7,-11,7,-11,7,-11,8,-10,8,-10,8,-10,9,-11,8,-11,8,-11,9,-10,8,-10,10,-11,10,-10,11,0,0,-9,11,-11,12,-10,13,-9,12,-10,12,-10,13,-10,13,-10,13,-10,14,-10,14,-10,15,-11,14,-11,15,-11,16,-11,15,-12,16,-12,17,-12,17,-13,16,-13,16,-15,16,-15,15,-16,16,-16,17,-17,15,-17,15,0,0,7,13,7,14,8,13,8,15,7,13,8,14,7,14,8,13,7,14,8,13,9,14,10,14,10,14,9,13,9,14,10,14,10,13,9,13,11,13,10,13,10,14,11,13,10,13,12,11,12,13,13,13,0,0,13,13,12,13,14,13,13,12,13,13,13,14,12,13,13,13,13,13,13,13,15,13,13,13,13,13,13,14,13,14,14,14,12,14,13,14,11,15,11,15,10,15,9,15,9,14,10,14,9,15,8,15,0,0]"
CSI_DATA: 371,4,76,76,87,75,90,0,-22,-25,34943.44,34944.309,57.201,35170.863,268.995,66.864,"[11,6,11,5,11,5,13,5,11,5,12,5,12,5,11,4,11,5,12,4,13,4,12,3,13,3,12,3,12,4,13,2,12,2,12,2,13,1,13,2,13,2,13,1,13,2,14,0,14,1,14,0,0,0,14,-1,15,-1,15,-1,15,-1,15,-1,16,-1,16,-1,16,-1,16,-1,16,-1,17,-2,17,-1,17,-1,18,-1,17,-1,18,-1,18,-1,18,0,18,0,18,1,19,1,18,3,19,3,19,3,18,4,18,5,0,0,-19,2,-19,3,-18,4,-20,3,-18,3,-19,3,-19,3,-18,3,-19,3,-17,4,-19,4,-19,5,-19,5,-18,5,-19,4,-19,5,-18,6,-17,5,-18,6,-18,5,-18,6,-18,6,-18,6,-17,8,-18,8,-18,9,0,0,-18,8,-18,8,-18,9,-17,9,-19,9,-19,9,-18,9,-19,9,-19,9,-19,10,-20,11,-18,10,-19,10,-21,11,-20,10,-22,11,-21,11,-22,11,-22,9,-22,9,-23,9,-22,8,-23,8,-24,9,-25,6,-26,6,0,0]"
CSI_DATA: 372,5,84,84,88,83,90,0,-25,-20,34946.95,34947.360,101.767,35232.653,330.785,128.654,"[18,-5,19,-5,18,-7,20,-6,19,-5,19,-5,18,-6,18,-5,18,-5,17,-6,19,-7,18,-7,18,-7,18,-7,18,-6,18,-8,17,-8,16,-7,17,-8,17,-8,17,-7,17,-8,17,-8,16,-10,18,-9,17,-10,0,0,17,-10,17,-10,18,-11,16,-10,17,-10,17,-10,18,-10,17,-9,17,-10,17,-10,18,-11,18,-9,17,-9,18,-9,17,-8,18,-9,18,-8,18,-8,17,-7,17,-6,17,-5,17,-5,17,-5,16,-5,16,-4,16,-4,0,0,4,5,4,5,5,5,5,6,4,5,4,5,4,5,5,5,4,5,5,5,5,5,6,5,6,5,5,5,5,5,6,5,6,4,5,4,6,4,6,5,6,5,6,5,6,5,7,4,7,4,7,4,0,0,7,4,7,4,8,4,8,4,8,4,8,4,8,4,8,4,8,4,8,4,9,4,8,4,8,4,9,4,8,4,9,5,9,4,9,5,9,5,8,5,8,6,8,6,8,6,9,6,8,7,8,7,0,0]"
CSI_DATA: 373,6,79,79,85,78,90,0,-19,-18,34949.225,34950.489,157.148,35288.975,387.107,184.976,"[-11,-7,-12,-7,-12,-6,-13,-7,-13,-6,-13,-6,-13,-6,-12,-6,-13,-6,-13,-5,-14,-6,-14,-5,-14,-5,-14,-4,-14,-5,-15,-4,-14,-4,-14,-4,-15,-3,-15,-4,-16,-4,-16,-3,-15,-3,-16,-2,-17,-2,-17,-2,0,0,-17,-1,-18,-1,-18,-1,-18,-1,-18,-1,-19,-1,-19,-1,-18,-1,-19,-1,-19,-1,-20,-1,-20,-2,-20,-2,-20,-2,-20,-2,-21,-2,-21,-2,-21,-3,-21,-4,-20,-4,-21,-5,-20,-5,-20,-6,-21,-6,-20,-7,-20,-7,0,0,4,-13,4,-13,3,-13,4,-15,4,-14,4,-15,4,-14,4,-14,4,-15,3,-15,3,-17,2,-17,2,-16,1,-16,3,-17,1,-18,1,-17,1,-17,0,-17,1,-18,1,-18,0,-18,0,-18,-3,-19,-2,-20,-4,-21,0,0,-3,-21,-3,-21,-4,-22,-4,-21,-4,-22,-3,-23,-4,-23,-4,-23,-4,-24,-5,-24,-6,-25,-6,-25,-5,-25,-4,-26,-4,-26,-5,-28,-4,-27,-4,-28,-3,-28,-2,-28,-1,-29,0,-28,0,-28,-1,-29,1,-29,2,-30,0,0]"
CSI_DATA: 374,7,75,75,78,75,90,0,-21,-17,34864.179,34865.444,201.489,35360.300,458.432,256.301,"[-12,11,-12,11,-11,11,-13,12,-12,11,-12,11,-12,11,-12,11,-12,11,-11,11,-12,12,-11,12,-12,12,-11,12,-12,12,-11,12,-10,12,-10,12,-10,13,-11,12,-11,12,-10,13,-11,12,-9,14,-10,14,-10,15,0,0,-9,14,-10,15,-9,16,-8,15,-10,16,-9,16,-9,16,-9,16,-10,17,-9,17,-9,18,-10,17,-10,18,-10,19,-10,18,-11,19,-11,19,-11,19,-12,19,-12,18,-14,19,-14,18,-15,18,-15,20,-16,18,-17,18,0,0,6,-17,5,-17,5,-16,6,-18,5,-17,5,-18,5,-17,5,-17,5,-17,4,-16,4,-18,3,-18,3,-18,3,-18,4,-18,2,-19,2,-18,2,-17,1,-18,2,-18,2,-18,2,-18,2,-18,0,-19,0,-19,0,-20,0,0,-1,-20,0,-20,-1,-21,-1,-20,-1,-21,-1,-21,-1,-21,-1,-20,-1,-21,-2,-20,-3,-22,-1,-21,-1,-21,-1,-22,-1,-22,-1,-23,-1,-22,0,-23,0,-23,1,-22,2,-23,3,-21,2,-22,2,-22,4,-22,5,-22,0,0]"
CSI_DATA: 375,3,73,73,89,72,91,0,-23,-22,35336.113,35337.387,11.322,35506.832,146.532,12.833,"[13,0,13,0,13,-1,14,0,13,0,13,0,13,0,13,0,13,0,12,-1,13,-1,13,-1,13,-1,13,-2,13,-1,13,-2,12,-2,12,-2,13,-3,13,-2,13,-2,13,-3,12,-2,12,-4,13,-3,13,-4,0,0,12,-4,13,-5,13,-5,12,-5,13,-5,13,-5,14,-5,13,-5,13,-6,13,-6,14,-7,14,-6,14,-6,15,-6,14,-6,15,-7,16,-7,15,-7,16,-6,16,-5,16,-5,17,-4,17,-4,18,-5,18,-3,18,-3,0,0,-13,9,-13,10,-13,10,-14,10,-13,10,-13,10,-13,10,-13,10,-13,10,-12,10,-13,11,-13,11,-12,11,-12,11,-13,10,-12,12,-11,11,-11,11,-11,12,-11,12,-12,12,-11,13,-11,11,-10,13,-11,14,-10,14,0,0,-10,14,-10,15,-10,15,-9,15,-10,15,-10,16,-10,16,-10,16,-10,16,-10,16,-10,17,-10,15,-11,16,-11,16,-11,17,-11,17,-11,17,-12,17,-12,16,-12,16,-13,15,-13,15,-14,15,-14,15,-14,14,-14,13,0,0]"
CSI_DATA: 376,5,85,85,89,84,91,0,-21,-22,35336.78,35337.353,101.677,35597.159,236.859,103.160,"[-16,6,-16,7,-15,7,-17,7,-16,7,-16,6,-16,6,-15,6,-16,6,-15,6,-16,7,-15,7,-16,8,-15,8,-15,7,-15,8,-14,8,-14,7,-15,8,-15,7,-15,7,-15,8,-14,7,-14,9,-15,9,-15,9,0,0,-14,9,-14,9,-15,10,-14,10,-15,9,-15,9,-15,9,-15,9,-15,9,-14,9,-15,11,-15,9,-15,9,-15,9,-15,9,-16,10,-16,9,-16,9,-16,8,-16,7,-16,7,-16,6,-16,6,-16,7,-16,5,-17,5,0,0,-8,13,-8,14,-7,14,-8,15,-8,14,-8,14,-8,14,-8,13,-8,14,-8,14,-8,15,-8,15,-8,15,-7,15,-8,14,-7,16,-6,15,-7,15,-6,15,-7,16,-7,15,-6,16,-7,15,-5,16,-6,17,-5,17,0,0,-5,17,-5,18,-4,18,-4,18,-4,18,-5,19,-5,18,-5,18,-4,19,-4,18,-4,20,-5,18,-5,19,-4,19,-4,20,-4,21,-4,21,-5,20,-5,20,-6,19,-6,20,-6,19,-7,19,-7,20,-9,19,-9,19,0,0]"
CSI_DATA: 377,3,74,74,90,73,92,0,-22,-22,35726.109,35727.419,11.437,35901.633,304.474,17.629,"[11,-6,11,-6,11,-7,12,-7,11,-7,11,-7,11,-7,11,-7,10,-7,10,-8,11,-9,10,-9,11,-9,10,-9,10,-9,10,-10,9,-10,9,-10,9,-11,9,-11,10,-11,9,-11,9,-11,8,-12,10,-13,9,-13,0,0,9,-14,9,-14,9,-15,8,-15,9,-15,9,-16,10,-16,9,-16,9,-16,10,-16,10,-18,10,-17,10,-17,11,-18,10,-18,11,-18,12,-19,12,-18,12,-18,12,-18,14,-18,14,-18,15,-17,15,-18,16,-17,16,-17,0,0,-11,10,-11,11,-10,11,-12,11,-11,11,-12,11,-11,10,-11,11,-11,11,-10,11,-11,12,-11,12,-10,12,-10,12,-11,11,-10,12,-10,12,-9,11,-9,12,-10,12,-10,12,-10,12,-9,11,-8,13,-9,13,-9,14,0,0,-8,14,-8,14,-9,15,-8,14,-9,14,-9,15,-9,14,-8,14,-8,15,-8,14,-8,16,-8,15,-8,15,-9,16,-9,15,-9,17,-9,16,-10,17,-10,16,-11,15,-11,15,-12,15,-12,14,-12,16,-13,14,-14,14,0,0]"
CSI_DATA: 378,4,78,78,89,77,92,0,-23,-25,35723.24,35724.334,57.190,35959.175,362.16,75.171,"[-11,-4,-12,-4,-12,-3,-13,-3,-13,-3,-12,-3,-13,-3,-12,-2,-13,-2,-13,-1,-14,-2,-13,-1,-14,-1,-13,-1,-13,-1,-13,1,-13,1,-13,1,-13,2,-14,1,-14,1,-14,2,-14,1,-13,3,-15,3,-14,4,0,0,-14,4,-15,5,-15,5,-15,5,-16,6,-16,6,-16,6,-16,6,-16,6,-16,6,-17,7,-17,6,-17,6,-18,6,-18,6,-18,7,-19,6,-19,6,-19,6,-19,5,-20,4,-20,3,-21,2,-21,2,-20,0,-20,0,0,0,11,-11,12,-12,11,-12,13,-13,11,-12,12,-12,12,-12,12,-11,12,-12,11,-12,12,-13,11,-14,11,-14,11,-13,12,-13,11,-14,11,-13,11,-12,10,-13,11,-13,12,-13,11,-13,11,-12,9,-14,11,-15,10,-16,0,0,10,-15,10,-15,10,-16,10,-15,11,-16,11,-15,11,-15,11,-15,11,-16,10,-16,10,-17,10,-16,11,-16,12,-17,12,-16,12,-17,12,-17,12,-16,13,-15,13,-15,14,-15,15,-15,14,-15,14,-16,16,-14,15,-14,0,0]"
CSI_DATA: 379,5,86,86,90,85,92,0,-24,-21,35726.75,35727.385,101.629,36028.947,431.788,144.943,"[16,-5,17,-5,16,-6,17,-5,16,-5,16,-5,16,-5,16,-5,16,-5,15,-5,17,-5,16,-6,16,-6,16,-6,16,-5,16,-7,14,-7,15,-6,15,-7,15,-6,15,-6,15,-7,15,-6,14,-8,16,-7,15,-8,0,0,14,-8,15,-8,15,-8,14,-8,15,-8,15,-8,15,-8,15,-8,14,-8,15,-8,16,-9,15,-7,15,-7,15,-8,15,-7,15,-8,15,-7,15,-8,15,-7,15,-6,15,-6,15,-6,15,-5,15,-5,15,-5,15,-4,0,0,11,11,11,12,11,10,12,12,12,11,12,12,12,12,12,11,12,12,12,10,13,12,14,11,14,11,14,11,14,11,15,11,14,10,13,10,15,9,15,10,15,10,16,10,15,9,16,8,17,9,18,9,0,0,18,8,18,9,19,9,18,7,19,8,19,9,19,9,19,8,20,8,19,7,21,8,20,8,20,8,21,9,21,9,22,9,21,8,22,9,22,10,21,11,21,11,21,12,21,11,22,11,21,13,21,14,0,0]"
CSI_DATA: 380,6,80,80,86,79,92,0,-21,-17,35729.205,35730.515,157.248,36091.446,494.287,207.442,"[-8,-13,-8,-13,-9,-12,-9,-13,-9,-12,-9,-13,-9,-13,-9,-12,-9,-12,-9,-12,-10,-13,-10,-12,-10,-12,-10,-12,-10,-13,-11,-12,-11,-12,-11,-11,-12,-12,-11,-12,-11,-13,-11,-12,-11,-12,-12,-11,-12,-12,-13,-12,0,0,-13,-12,-13,-12,-14,-12,-13,-11,-14,-12,-13,-13,-13,-13,-13,-12,-14,-12,-14,-12,-15,-12,-14,-13,-14,-13,-14,-13,-14,-13,-15,-13,-14,-13,-15,-13,-14,-14,-13,-14,-13,-15,-12,-15,-12,-15,-13,-15,-12,-16,-12,-16,0,0,10,5,10,5,10,4,12,6,11,5,12,5,12,5,12,5,12,5,12,4,14,5,14,4,14,4,14,4,14,5,15,3,14,3,14,4,15,3,15,3,15,4,15,3,15,3,16,1,17,2,18,1,0,0,18,1,18,1,19,1,18,0,19,1,20,1,20,1,20,1,20,1,20,0,22,-1,21,0,21,0,22,1,22,1,23,1,23,2,24,1,24,3,23,3,24,4,23,5,24,5,25,4,24,6,24,7,0,0]"
CSI_DATA: 381,7,76,76,79,76,92,0,-20,-18,35644.160,35645.470,201.579,36159.430,562.271,275.426,"[-4,14,-4,15,-3,15,-4,16,-4,15,-4,15,-4,14,-4,14,-4,14,-3,14,-3,15,-2,15,-3,15,-2,15,-3,15,-2,15,-2,14,-2,14,-1,15,-2,15,-2,15,-1,15,-2,14,1,15,0,16,1,16,0,0,1,15,1,16,2,17,2,16,2,17,2,17,2,17,2,17,2,17,3,17,4,18,3,18,3,19,3,20,2,19,3,20,3,21,3,21,1,21,1,21,0,22,-1,21,-1,22,0,23,-2,23,-3,23,0,0,19,-3,18,-2,18,-4,20,-3,18,-2,19,-2,18,-3,18,-2,18,-2,17,-3,19,-3,18,-4,18,-3,18,-3,18,-2,18,-4,17,-4,16,-3,17,-4,17,-3,17,-3,17,-3,16,-3,16,-4,17,-4,17,-5,0,0,16,-5,17,-5,17,-5,16,-5,16,-5,17,-5,16,-5,16,-5,16,-5,16,-5,17,-6,16,-5,16,-5,17,-5,17,-5,17,-5,17,-5,17,-5,17,-4,17,-3,17,-3,17,-2,17,-2,18,-2,17,-1,17,-1,0,0]"
CSI_DATA: 382,3,75,75,91,74,93,0,-22,-24,36116.99,36117.372,10.341,36286.800,127.370,12.803,"[-4,12,-3,12,-3,12,-3,13,-3,12,-3,13,-3,12,-3,12,-3,12,-2,12,-2,13,-2,13,-2,13,-2,13,-2,13,-1,13,-1,13,-1,12,0,13,-1,13,-1,13,0,13,-1,13,1,13,1,15,2,14,0,0,2,14,2,14,2,15,3,14,2,15,2,16,2,15,3,15,3,16,3,15,4,17,3,16,3,16,4,18,3,17,4,18,4,18,3,19,3,19,2,19,1,20,1,19,1,20,2,20,-1,20,-1,21,0,0,-7,-14,-8,-14,-8,-13,-8,-15,-8,-14,-8,-15,-8,-15,-8,-14,-7,-15,-8,-14,-8,-15,-9,-15,-8,-15,-8,-14,-8,-15,-9,-14,-9,-13,-8,-13,-9,-14,-9,-14,-8,-14,-9,-14,-8,-14,-11,-13,-10,-14,-11,-14,0,0,-11,-13,-11,-13,-12,-13,-12,-13,-12,-14,-12,-14,-11,-14,-11,-14,-12,-14,-12,-14,-13,-14,-12,-14,-12,-14,-12,-15,-12,-15,-13,-15,-12,-15,-12,-16,-12,-16,-11,-16,-11,-16,-10,-16,-10,-16,-11,-16,-9,-17,-9,-17,0,0]"
CSI_DATA: 383,4,79,79,90,78,93,0,-24,-25,36113.15,36114.289,56.155,36344.254,184.824,70.257,"[-10,4,-10,4,-9,5,-10,5,-10,5,-10,5,-10,6,-9,6,-9,6,-9,6,-9,7,-9,8,-9,8,-8,8,-9,8,-8,9,-7,9,-8,8,-8,9,-8,9,-8,10,-7,10,-7,9,-6,10,-8,11,-7,11,0,0,-6,12,-7,12,-7,13,-6,12,-7,13,-7,13,-7,13,-7,13,-7,14,-7,13,-6,15,-7,14,-7,14,-8,15,-8,14,-8,15,-8,15,-8,15,-9,15,-9,14,-10,14,-11,13,-11,14,-11,14,-12,13,-12,12,0,0,-16,-3,-16,-3,-16,-2,-17,-3,-16,-2,-16,-3,-16,-3,-15,-2,-15,-2,-15,-1,-17,-2,-16,-1,-16,-1,-16,-1,-16,-2,-16,0,-15,0,-15,-1,-15,0,-15,0,-15,0,-15,1,-15,0,-15,2,-16,1,-16,2,0,0,-15,2,-16,3,-16,3,-16,3,-16,3,-17,3,-17,3,-16,3,-16,4,-16,4,-17,5,-17,3,-17,4,-17,4,-17,3,-18,4,-19,4,-19,3,-19,3,-18,2,-19,1,-18,1,-19,1,-19,1,-19,-1,-19,-1,0,0]"
CSI_DATA: 384,5,87,87,91,86,93,0,-24,-21,36116.66,36117.340,100.721,36409.140,249.710,135.143,"[17,-6,17,-7,16,-7,18,-7,17,-6,17,-6,17,-6,16,-6,16,-5,15,-7,17,-7,16,-7,16,-7,16,-7,17,-6,16,-8,16,-8,15,-7,16,-8,16,-7,16,-6,16,-7,15,-6,15,-9,16,-8,16,-9,0,0,16,-8,16,-8,16,-9,15,-8,16,-8,16,-8,16,-8,16,-8,16,-7,15,-8,16,-9,16,-8,16,-8,17,-8,16,-7,16,-8,16,-7,16,-7,16,-6,16,-5,16,-5,16,-4,16,-5,16,-6,16,-4,16,-4,0,0,8,-14,8,-15,7,-15,8,-16,8,-15,8,-15,8,-15,8,-15,8,-15,7,-14,8,-17,7,-16,7,-16,7,-16,8,-16,6,-18,6,-17,6,-16,6,-17,7,-17,7,-17,7,-17,7,-17,5,-18,6,-19,5,-19,0,0,5,-19,6,-19,5,-20,5,-19,6,-20,6,-20,6,-20,6,-19,6,-20,6,-20,5,-22,6,-20,6,-20,6,-21,6,-20,7,-22,6,-21,7,-21,8,-21,9,-20,10,-20,9,-19,9,-19,9,-20,11,-20,11,-20,0,0]"
CSI_DATA: 385,6,81,81,87,80,93,0,-22,-17,36119.196,36120.469,156.197,36473.711,314.281,199.714,"[-3,-13,-4,-13,-4,-12,-4,-14,-4,-13,-5,-13,-5,-13,-5,-13,-5,-13,-5,-12,-6,-13,-6,-13,-6,-13,-7,-13,-6,-14,-7,-13,-7,-12,-7,-12,-7,-13,-7,-13,-7,-14,-7,-13,-7,-13,-9,-12,-9,-13,-9,-13,0,0,-9,-13,-9,-13,-10,-13,-10,-12,-10,-13,-10,-14,-10,-14,-10,-13,-10,-14,-10,-13,-12,-14,-11,-14,-11,-14,-11,-14,-11,-14,-11,-15,-11,-14,-11,-15,-11,-16,-10,-16,-10,-17,-9,-17,-9,-17,-10,-17,-8,-17,-8,-17,0,0,-2,-15,-2,-15,-3,-14,-2,-16,-3,-15,-3,-16,-3,-16,-3,-15,-3,-16,-4,-15,-4,-17,-5,-16,-5,-16,-5,-16,-5,-16,-6,-16,-7,-15,-7,-15,-7,-16,-7,-16,-7,-16,-8,-16,-8,-15,-10,-15,-10,-17,-12,-16,0,0,-11,-16,-11,-16,-13,-17,-12,-16,-13,-17,-13,-18,-13,-18,-13,-18,-13,-18,-14,-18,-16,-19,-15,-19,-15,-19,-15,-20,-14,-20,-15,-21,-16,-20,-15,-22,-14,-23,-13,-23,-13,-24,-12,-24,-12,-24,-14,-25,-11,-26,-10,-26,0,0]"
CSI_DATA: 386,7,77,77,80,77,93,0,-19,-18,36034.152,36035.425,200.436,36551.401,391.971,277.404,"[13,5,14,5,13,4,15,6,14,5,15,5,14,5,13,5,14,5,13,4,15,5,14,4,15,4,14,4,14,5,15,3,15,3,13,3,15,3,14,3,15,4,14,3,14,3,15,1,16,2,16,1,0,0,16,1,16,1,17,1,15,0,17,1,17,1,17,1,17,1,17,1,16,0,18,-1,18,0,18,0,19,0,18,0,20,0,19,0,20,1,20,1,20,2,20,3,20,3,20,3,22,3,21,5,21,6,0,0,-2,17,-1,17,0,16,-1,18,-1,17,-2,18,-1,17,-1,17,-2,17,0,16,0,18,0,18,0,17,1,17,-1,17,1,17,2,17,1,16,2,17,1,17,0,17,1,17,1,16,3,17,2,18,3,18,0,0,3,17,3,17,3,18,3,17,3,18,3,18,2,18,2,17,3,18,3,17,4,19,2,17,2,18,2,19,2,18,2,19,2,18,2,19,1,19,0,18,-1,18,0,17,-1,17,0,18,-2,18,-2,18,0,0]"
CSI_DATA: 387,3,76,76,92,75,94,0,-22,-23,36506.97,36507.375,7.709,36676.826,125.425,12.826,"[11,-4,10,-4,11,-5,11,-5,11,-5,11,-5,10,-5,10,-5,10,-5,10,-6,11,-6,10,-7,10,-7,10,-7,11,-6,10,-8,9,-7,10,-7,9,-8,10,-8,10,-8,10,-9,10,-8,9,-10,10,-10,9,-11,0,0,9,-11,10,-11,10,-12,9,-12,10,-12,10,-13,10,-12,10,-12,10,-13,10,-13,11,-15,11,-14,11,-14,12,-14,11,-14,12,-15,13,-15,13,-15,13,-15,14,-14,15,-14,15,-13,16,-13,16,-14,17,-12,17,-12,0,0,-13,13,-13,13,-12,14,-13,14,-13,13,-13,13,-13,13,-13,13,-13,13,-12,13,-13,14,-12,14,-12,14,-11,14,-12,13,-11,15,-10,14,-10,13,-10,14,-11,14,-11,14,-10,14,-10,14,-9,16,-10,16,-9,16,0,0,-8,16,-9,16,-9,17,-8,16,-9,16,-9,17,-9,17,-9,16,-9,17,-8,17,-9,18,-9,17,-9,17,-9,17,-9,17,-10,18,-9,18,-10,18,-11,17,-10,16,-12,16,-11,15,-12,16,-12,16,-13,15,-13,14,0,0]"
CSI_DATA: 388,4,80,80,91,79,94,0,-24,-26,36503.14,36504.293,53.505,36734.745,183.344,70.745,"[8,5,9,4,9,3,10,4,10,4,10,3,10,3,10,3,10,3,10,2,11,2,11,2,11,2,11,1,11,2,12,1,11,1,11,1,11,0,11,0,12,1,11,0,11,0,12,-2,13,-1,12,-2,0,0,12,-2,13,-3,14,-3,13,-3,14,-3,14,-3,15,-3,14,-3,14,-3,14,-4,15,-5,15,-4,15,-4,16,-4,16,-3,17,-4,17,-3,17,-3,17,-2,17,-1,18,-1,18,0,18,0,18,0,18,1,17,2,0,0,2,18,2,19,2,18,1,20,1,18,1,19,1,19,1,18,0,19,1,17,1,20,2,19,1,18,1,18,0,18,1,19,1,18,0,17,1,18,0,17,-1,17,0,17,0,17,2,17,1,17,1,18,0,0,2,17,1,16,2,17,2,16,1,17,1,17,0,16,1,16,1,16,2,15,3,17,1,15,2,15,2,16,1,15,2,16,2,16,2,16,2,16,1,15,1,16,0,15,1,15,1,16,0,16,0,16,0,0]"
CSI_DATA: 389,5,88,88,92,87,94,0,-23,-21,36506.65,36507.344,98.71,36791.807,240.406,127.807,"[-1,-18,-1,-18,-3,-17,-2,-19,-2,-18,-2,-18,-2,-18,-1,-17,-2,-17,-3,-18,-4,-18,-4,-18,-4,-18,-4,-18,-4,-18,-6,-18,-5,-17,-5,-17,-6,-18,-5,-18,-5,-18,-6,-18,-5,-18,-8,-17,-8,-19,-8,-18,0,0,-8,-18,-9,-19,-9,-19,-9,-18,-9,-19,-9,-20,-8,-20,-8,-19,-8,-19,-8,-19,-10,-20,-9,-20,-9,-20,-9,-21,-8,-20,-8,-20,-8,-21,-7,-21,-6,-21,-5,-20,-4,-21,-4,-21,-4,-21,-4,-21,-2,-20,-2,-20,0,0,-7,-15,-8,-15,-9,-14,-9,-16,-9,-15,-9,-16,-9,-15,-9,-16,-9,-16,-10,-15,-11,-16,-11,-16,-12,-16,-12,-15,-11,-16,-13,-16,-13,-15,-12,-15,-14,-15,-13,-15,-13,-16,-13,-16,-13,-16,-16,-14,-16,-16,-17,-16,0,0,-17,-15,-16,-16,-18,-16,-17,-15,-17,-16,-17,-16,-16,-16,-17,-16,-17,-16,-17,-16,-19,-17,-17,-16,-18,-16,-18,-17,-18,-17,-19,-18,-18,-17,-18,-18,-17,-18,-17,-18,-16,-19,-15,-18,-15,-19,-17,-19,-15,-20,-14,-21,0,0]"
CSI_DATA: 390,6,82,82,88,81,94,0,-22,-21,36509.195,36510.473,153.563,36868.827,317.426,204.827,"[-12,1,-12,2,-11,3,-13,2,-12,2,-13,2,-12,2,-12,3,-13,3,-12,3,-14,4,-13,4,-13,4,-13,4,-14,4,-13,5,-13,5,-13,5,-13,6,-13,6,-14,5,-13,6,-13,5,-13,7,-14,7,-14,7,0,0,-14,7,-14,7,-14,8,-14,7,-14,8,-15,8,-15,8,-14,8,-14,8,-14,8,-15,9,-15,8,-15,8,-15,9,-15,9,-15,9,-15,9,-16,9,-16,9,-16,8,-17,8,-17,8,-17,8,-17,8,-19,7,-19,6,0,0,-12,0,-13,1,-13,2,-14,1,-14,1,-14,1,-14,1,-14,1,-15,1,-14,2,-15,2,-15,3,-16,3,-15,3,-16,3,-16,4,-15,4,-16,4,-15,5,-16,5,-17,4,-17,6,-16,6,-16,8,-18,8,-18,9,0,0,-17,9,-18,9,-18,10,-17,11,-19,11,-19,11,-19,11,-20,12,-20,12,-19,13,-20,14,-20,13,-20,13,-21,13,-22,13,-22,14,-22,13,-23,14,-24,12,-23,11,-25,11,-24,10,-25,10,-25,11,-26,10,-26,8,0,0]"
CSI_DATA: 391,7,78,78,81,78,94,0,-19,-17,36424.151,36425.430,197.789,36935.202,383.801,271.202,"[4,-15,3,-15,2,-15,3,-16,3,-15,3,-15,3,-15,3,-14,3,-15,2,-15,2,-16,1,-16,1,-16,1,-15,2,-15,0,-16,0,-15,0,-14,-1,-15,0,-15,0,-15,-1,-15,0,-15,-2,-15,-2,-17,-3,-16,0,0,-3,-16,-3,-16,-4,-17,-4,-16,-4,-17,-4,-17,-4,-18,-4,-17,-5,-18,-5,-18,-6,-19,-5,-19,-6,-19,-6,-19,-6,-19,-6,-20,-6,-21,-6,-21,-5,-21,-4,-21,-4,-22,-3,-22,-3,-23,-4,-23,-2,-23,-1,-23,0,0,11,9,12,9,12,8,13,10,12,9,12,9,12,9,12,8,12,9,12,7,13,8,13,7,13,7,13,7,13,8,14,7,13,6,12,6,14,5,14,6,14,6,14,6,13,6,15,4,15,5,16,4,0,0,16,4,16,4,17,4,16,3,17,4,17,4,17,4,17,4,17,4,17,3,19,3,17,4,17,4,18,4,18,5,19,5,18,5,19,5,18,6,17,6,18,7,17,7,17,7,17,7,17,8,16,9,0,0]"
CSI_DATA: 392,3,77,77,93,76,95,0,-22,-21,36896.86,36899.750,13.795,37070.299,135.97,16.302,"[-15,-2,-15,-1,-15,0,-16,-1,-16,-1,-15,-1,-15,-1,-14,-1,-15,0,-15,0,-15,1,-15,1,-15,1,-15,2,-15,1,-15,3,-14,3,-14,3,-14,4,-15,3,-15,3,-15,4,-15,4,-14,6,-15,5,-15,6,0,0,-15,6,-15,7,-16,8,-15,7,-16,7,-17,7,-17,8,-17,8,-17,8,-16,8,-17,10,-17,9,-18,9,-18,9,-18,9,-19,10,-20,10,-19,9,-20,8,-20,7,-21,7,-21,6,-22,6,-22,7,-22,6,-22,5,0,0,-3,6,-3,6,-2,6,-2,7,-2,6,-2,6,-2,6,-2,6,-2,6,-2,6,-2,7,-1,7,-1,7,-1,6,-2,7,-1,7,-1,6,-1,6,0,7,-1,7,-1,7,0,7,0,7,0,7,0,7,1,7,0,0,1,7,1,8,1,8,2,8,1,8,1,8,1,8,1,8,2,8,2,8,2,9,2,8,1,8,1,9,2,9,2,9,2,9,2,9,1,9,1,9,0,9,0,9,0,9,0,10,0,9,-1,10,0,0]"
CSI_DATA: 393,6,83,83,89,82,95,0,-22,-19,36899.185,36902.849,157.272,37212.610,277.408,158.613,"[5,8,6,8,6,7,6,8,6,8,7,8,7,8,7,8,7,8,7,7,8,8,8,8,8,7,9,8,8,8,9,8,9,7,9,7,10,7,9,8,9,8,10,8,9,8,11,7,11,8,11,7,0,0,11,8,11,8,12,8,12,7,12,8,12,9,12,9,12,8,12,8,13,8,14,8,12,9,13,9,13,9,13,9,14,9,13,10,13,10,13,10,12,11,12,12,11,11,12,12,12,12,12,13,11,13,0,0,3,-13,4,-13,3,-13,4,-14,3,-14,3,-14,4,-14,4,-14,4,-15,3,-14,3,-16,2,-16,2,-16,2,-16,3,-16,1,-17,1,-16,2,-16,1,-17,1,-17,1,-17,0,-18,1,-17,-2,-18,-1,-19,-2,-20,0,0,-2,-19,-2,-20,-3,-20,-3,-20,-3,-21,-3,-21,-3,-22,-3,-21,-4,-22,-4,-22,-5,-24,-4,-23,-4,-23,-3,-24,-4,-24,-4,-25,-4,-25,-4,-25,-3,-26,-2,-26,-2,-26,-1,-25,-1,-26,-2,-27,0,-28,1,-27,0,0]"
CSI_DATA: 394,7,79,79,82,79,95,0,-21,-21,36814.142,36817.806,211.510,37266.894,331.692,212.897,"[-10,-11,-10,-11,-11,-10,-11,-12,-10,-11,-10,-11,-10,-10,-10,-10,-10,-10,-10,-9,-11,-10,-11,-9,-11,-9,-11,-9,-10,-10,-11,-9,-11,-8,-11,-8,-11,-8,-11,-8,-11,-8,-11,-7,-11,-7,-12,-6,-13,-7,-13,-6,0,0,-13,-5,-14,-6,-14,-6,-14,-5,-14,-6,-15,-6,-15,-6,-15,-5,-16,-5,-16,-5,-17,-5,-17,-5,-17,-5,-18,-6,-17,-6,-19,-6,-19,-6,-19,-6,-19,-7,-19,-8,-19,-9,-19,-10,-19,-10,-20,-10,-19,-12,-19,-12,0,0,-6,-7,-6,-7,-6,-6,-6,-7,-6,-7,-6,-7,-6,-7,-6,-6,-6,-6,-6,-6,-6,-6,-6,-6,-6,-6,-6,-6,-6,-6,-6,-6,-6,-5,-6,-5,-6,-5,-6,-5,-6,-6,-7,-5,-6,-5,-7,-4,-7,-5,-7,-5,0,0,-7,-5,-8,-5,-8,-5,-8,-4,-8,-5,-8,-5,-8,-5,-8,-5,-8,-5,-8,-5,-9,-5,-8,-5,-8,-5,-8,-6,-8,-5,-8,-6,-8,-6,-8,-6,-8,-6,-7,-6,-7,-7,-7,-7,-7,-7,-7,-7,-7,-7,-6,-7,0,0]"
CSI_DATA: 395,3,78,78,94,77,96,0,-22,-22,37286.78,37287.370,11.425,37456.880,189.986,12.880,"[9,-7,9,-8,9,-9,10,-9,9,-8,9,-9,9,-8,9,-8,8,-9,8,-9,9,-10,8,-11,8,-11,8,-11,8,-10,7,-12,7,-11,7,-11,7,-12,8,-12,8,-12,7,-12,7,-12,6,-13,7,-14,6,-15,0,0,6,-15,6,-15,6,-16,5,-16,6,-16,7,-17,6,-17,6,-17,6,-17,6,-17,6,-20,6,-19,6,-19,7,-20,6,-20,7,-21,7,-21,7,-22,9,-21,9,-21,10,-21,11,-21,12,-21,12,-22,13,-21,14,-21,0,0,5,-16,5,-16,4,-16,5,-17,5,-16,5,-17,5,-17,5,-16,5,-16,4,-16,4,-17,3,-17,3,-17,3,-17,4,-17,3,-18,2,-17,3,-16,2,-17,3,-17,3,-17,2,-17,2,-16,0,-17,1,-18,0,-18,0,0,0,-18,0,-18,0,-19,-1,-18,0,-19,1,-19,0,-19,1,-18,0,-19,0,-18,-1,-20,0,-19,0,-19,0,-19,0,-19,0,-20,0,-19,1,-20,2,-19,3,-19,3,-19,4,-18,4,-19,3,-19,4,-18,5,-17,0,0]"
CSI_DATA: 396,4,81,81,93,80,96,0,-22,-27,37282.997,37284.289,57.124,37509.882,242.988,65.882,"[-10,-10,-10,-10,-11,-9,-11,-10,-11,-10,-11,-10,-11,-9,-10,-9,-11,-9,-11,-8,-12,-9,-12,-8,-13,-8,-12,-8,-12,-8,-13,-7,-12,-7,-12,-7,-13,-6,-13,-7,-13,-7,-13,-6,-12,-7,-14,-5,-15,-6,-15,-5,0,0,-15,-5,-15,-5,-16,-4,-15,-4,-16,-4,-16,-4,-16,-4,-16,-4,-17,-4,-17,-4,-18,-3,-17,-4,-18,-4,-18,-4,-18,-4,-19,-4,-19,-4,-19,-5,-19,-6,-18,-6,-18,-7,-18,-7,-19,-8,-19,-8,-18,-10,-17,-9,0,0,-11,16,-11,17,-10,17,-12,17,-12,17,-12,16,-12,16,-12,15,-13,15,-12,15,-13,16,-12,16,-12,16,-12,15,-13,14,-12,15,-11,14,-12,13,-11,14,-12,13,-12,13,-11,14,-11,12,-9,14,-10,14,-10,14,0,0,-9,13,-9,13,-9,14,-8,13,-8,13,-9,14,-8,13,-8,13,-8,13,-7,13,-7,14,-7,13,-7,14,-8,14,-7,14,-7,15,-7,15,-7,15,-8,14,-8,14,-8,14,-9,13,-8,14,-8,15,-9,14,-9,14,0,0]"
CSI_DATA: 397,5,89,89,93,88,96,0,-23,-20,37286.48,37287.340,101.788,37581.316,314.422,137.316,"[15,-8,15,-8,14,-9,15,-8,15,-8,15,-8,14,-7,14,-7,14,-7,13,-8,14,-8,14,-8,14,-8,14,-8,14,-8,14,-9,12,-9,13,-8,12,-9,13,-9,13,-8,12,-9,13,-8,12,-10,13,-10,12,-10,0,0,12,-10,12,-11,12,-11,12,-11,12,-11,13,-11,13,-12,13,-11,13,-12,13,-11,13,-13,13,-11,13,-11,13,-12,14,-12,14,-12,14,-12,14,-12,14,-11,14,-10,15,-10,15,-9,16,-9,15,-10,16,-8,16,-8,0,0,-16,-3,-16,-3,-16,-1,-17,-2,-17,-2,-17,-2,-17,-2,-17,-2,-17,-2,-16,-2,-18,-1,-18,0,-18,0,-17,0,-18,-1,-18,1,-17,1,-17,0,-18,1,-18,0,-18,0,-18,1,-18,1,-18,3,-19,2,-19,4,0,0,-19,4,-19,3,-20,4,-19,5,-20,4,-21,4,-20,4,-20,4,-20,5,-20,5,-22,6,-21,5,-21,5,-22,5,-22,5,-23,5,-23,5,-24,4,-24,3,-23,3,-24,1,-23,1,-24,1,-25,1,-24,-1,-24,-1,0,0]"
CSI_DATA: 398,6,84,84,90,83,96,0,-23,-19,37289.178,37290.470,157.185,37649.40,382.146,205.40,"[9,-3,9,-4,9,-4,10,-4,9,-5,10,-4,10,-5,10,-5,10,-5,10,-5,11,-6,10,-6,10,-6,10,-7,11,-6,10,-8,9,-7,10,-7,10,-8,11,-8,11,-8,10,-8,11,-8,10,-10,11,-10,10,-10,0,0,10,-11,10,-12,10,-12,10,-12,11,-12,11,-12,11,-13,11,-12,11,-13,11,-13,11,-15,11,-14,12,-14,12,-14,12,-14,12,-15,12,-15,13,-15,13,-14,14,-14,15,-14,15,-14,15,-14,15,-14,17,-13,17,-12,0,0,-15,-8,-16,-8,-16,-7,-17,-9,-16,-8,-16,-9,-16,-9,-16,-9,-16,-8,-16,-8,-17,-8,-17,-8,-17,-8,-17,-7,-16,-8,-18,-6,-17,-6,-16,-6,-17,-6,-18,-7,-17,-7,-17,-6,-17,-6,-18,-3,-19,-4,-20,-4,0,0,-19,-3,-20,-3,-21,-3,-20,-2,-21,-3,-21,-3,-21,-3,-21,-3,-21,-3,-21,-2,-23,-1,-22,-2,-22,-2,-23,-3,-23,-3,-24,-3,-24,-3,-24,-3,-24,-5,-23,-5,-24,-6,-23,-7,-23,-7,-24,-6,-23,-8,-23,-9,0,0]"
CSI_DATA: 399,7,80,80,83,80,96,0,-21,-21,37204.136,37205.428,201.509,37719.764,452.870,275.764,"[13,-11,12,-11,12,-12,13,-12,13,-11,13,-11,13,-11,12,-10,12,-10,12,-11,13,-11,12,-11,12,-11,11,-11,12,-10,12,-12,10,-11,11,-10,10,-11,11,-10,11,-10,10,-10,10,-10,9,-11,10,-11,9,-11,0,0,9,-11,9,-12,8,-12,8,-12,8,-12,9,-12,8,-12,8,-12,8,-13,8,-13,8,-14,8,-13,8,-14,8,-14,8,-14,8,-15,8,-16,8,-15,9,-15,9,-14,10,-15,11,-15,12,-15,11,-16,12,-15,13,-15,0,0,-14,-12,-15,-12,-15,-11,-15,-12,-15,-11,-14,-11,-14,-11,-14,-11,-14,-11,-14,-10,-15,-10,-15,-9,-16,-9,-15,-8,-14,-9,-16,-8,-15,-7,-14,-7,-15,-7,-16,-7,-15,-8,-15,-7,-15,-7,-16,-5,-17,-6,-17,-5,0,0,-17,-5,-18,-5,-18,-5,-18,-4,-18,-5,-19,-5,-18,-5,-18,-5,-19,-5,-19,-5,-20,-4,-19,-5,-19,-5,-20,-6,-20,-5,-20,-5,-20,-6,-20,-6,-19,-8,-19,-8,-19,-9,-18,-9,-18,-9,-19,-8,-18,-10,-17,-11,0,0]"
CSI_DATA: 400,3,79,79,95,78,97,0,-22,-22,37677.243,37687.433,21.477,37856.820,137.56,22.822,"[-7,13,-7,13,-6,14,-7,15,-7,14,-7,14,-6,14,-6,13,-6,14,-6,14,-7,15,-6,15,-6,15,-6,15,-6,15,-5,15,-5,15,-5,14,-4,16,-5,15,-5,16,-4,16,-5,15,-3,16,-5,17,-4,17,0,0,-3,17,-3,17,-3,18,-2,17,-3,18,-3,18,-3,18,-2,18,-2,18,-2,18,-2,19,-3,18,-3,19,-3,20,-2,19,-2,20,-3,20,-3,21,-3,20,-3,20,-4,21,-5,20,-6,21,-6,21,-8,21,-8,21,0,0,-13,7,-14,8,-12,8,-14,8,-13,8,-14,8,-14,8,-13,8,-13,8,-12,8,-13,9,-13,9,-13,10,-13,9,-13,9,-13,10,-12,10,-12,9,-12,10,-12,10,-12,10,-12,11,-12,10,-10,12,-12,12,-12,13,0,0,-11,13,-11,13,-11,14,-10,14,-11,14,-12,14,-12,14,-12,14,-12,15,-11,14,-12,16,-11,15,-12,15,-13,16,-13,15,-13,16,-13,16,-14,16,-14,15,-14,14,-16,14,-15,13,-16,13,-15,14,-17,12,-17,12,0,0]"
CSI_DATA: 401,4,82,82,94,81,97,0,-23,-24,37674.163,37684.353,67.211,37913.144,193.380,79.146,"[-7,9,-6,9,-5,9,-6,10,-6,10,-6,10,-5,10,-5,10,-5,10,-5,10,-5,11,-4,11,-4,11,-4,11,-5,11,-3,12,-3,11,-3,11,-3,12,-3,12,-3,12,-2,12,-2,11,-1,12,-1,13,-1,14,0,0,0,14,-1,14,0,15,1,14,0,15,0,15,0,15,0,15,0,15,0,15,1,16,0,16,0,16,0,16,0,16,0,17,-1,17,-1,18,-1,17,-1,17,-2,17,-3,17,-3,17,-3,17,-5,17,-5,17,0,0,-16,-6,-16,-6,-16,-5,-17,-6,-16,-5,-16,-6,-16,-6,-15,-6,-16,-6,-15,-5,-16,-5,-16,-5,-16,-5,-15,-5,-15,-6,-16,-4,-15,-4,-15,-4,-15,-4,-15,-4,-15,-5,-15,-4,-14,-4,-15,-2,-16,-3,-16,-2,0,0,-16,-2,-16,-2,-16,-2,-16,-1,-16,-2,-16,-2,-16,-2,-16,-2,-17,-2,-16,-2,-17,-1,-17,-2,-17,-2,-18,-2,-18,-2,-18,-2,-18,-2,-18,-3,-18,-4,-18,-4,-18,-5,-17,-5,-17,-6,-18,-5,-17,-7,-17,-8,0,0]"
CSI_DATA: 402,5,90,90,94,89,97,0,-23,-22,37677.214,37687.405,111.777,37980.277,260.513,146.279,"[7,-17,7,-18,6,-18,7,-19,7,-18,7,-18,7,-18,6,-17,7,-17,6,-17,7,-19,6,-18,6,-18,6,-18,6,-18,4,-19,4,-18,5,-17,4,-18,4,-18,5,-18,4,-18,5,-17,3,-18,4,-19,3,-19,0,0,3,-18,3,-19,2,-20,2,-19,2,-19,2,-20,3,-20,2,-19,2,-19,2,-19,1,-20,2,-19,2,-20,2,-20,2,-20,2,-21,2,-21,3,-21,3,-20,4,-20,4,-20,4,-20,5,-20,5,-21,7,-19,7,-19,0,0,13,1,14,0,13,-1,15,0,14,0,14,0,14,0,13,0,14,0,13,-1,15,-2,15,-2,15,-2,14,-2,15,-1,15,-3,14,-3,14,-2,15,-3,15,-2,15,-2,15,-3,15,-2,15,-5,16,-4,16,-5,0,0,16,-5,16,-5,16,-6,16,-6,16,-5,17,-5,17,-5,17,-5,17,-5,17,-6,18,-7,17,-6,18,-5,18,-5,18,-5,19,-5,19,-5,19,-5,19,-3,19,-3,19,-2,19,-2,19,-2,19,-3,19,-1,19,-1,0,0]"
CSI_DATA: 403,6,85,85,91,84,97,0,-24,-16,37680.344,37690.534,167.269,38043.999,324.235,210.01,"[2,2,2,2,2,2,2,2,2,2,2,2,2,2,2,2,2,2,3,1,3,1,3,1,3,1,3,1,3,1,4,1,4,1,3,1,4,1,4,1,4,1,4,1,4,1,5,0,5,0,5,0,0,0,5,0,5,0,5,-1,5,0,6,0,6,0,6,0,6,0,6,0,6,0,6,0,6,0,6,0,7,0,6,0,7,0,7,0,7,0,7,0,7,1,7,1,7,1,7,1,7,1,7,1,7,2,0,0,12,-11,12,-11,11,-11,13,-11,12,-11,12,-11,12,-11,12,-11,13,-11,11,-12,12,-13,12,-13,12,-13,11,-13,12,-12,11,-14,10,-13,11,-13,10,-13,11,-14,11,-13,11,-14,11,-13,9,-15,10,-16,10,-17,0,0,9,-17,9,-17,9,-18,9,-17,9,-17,10,-18,10,-18,10,-18,10,-19,10,-19,10,-20,10,-19,10,-20,11,-20,11,-20,12,-21,11,-20,12,-20,13,-20,14,-19,15,-19,15,-18,15,-19,15,-19,17,-18,17,-18,0,0]"
CSI_DATA: 404,7,81,81,84,81,97,0,-23,-26,37595.302,37605.492,211.494,38103.366,383.602,269.368,"[13,4,13,4,13,3,14,4,13,4,13,4,12,3,11,3,11,3,11,2,13,3,12,2,12,2,11,2,11,2,12,0,11,0,11,0,11,-1,11,0,11,0,11,-1,11,-1,11,-2,12,-2,12,-3,0,0,12,-4,12,-4,12,-4,11,-5,12,-4,13,-5,13,-5,13,-5,13,-6,13,-6,14,-7,14,-7,14,-7,15,-7,15,-8,16,-8,16,-8,17,-8,17,-8,18,-7,19,-6,19,-6,20,-5,21,-6,21,-4,22,-3,0,0,-4,18,-3,18,-2,17,-3,18,-3,17,-3,17,-3,17,-2,16,-2,16,-2,15,-1,17,0,16,0,16,1,16,0,16,2,17,2,16,2,17,3,17,2,18,1,18,2,18,0,18,3,18,2,19,2,20,0,0,2,19,2,19,2,19,2,19,1,19,1,19,1,19,1,18,1,19,1,18,1,19,0,18,0,18,0,18,0,18,0,18,0,18,-1,17,-2,17,-2,17,-3,16,-3,15,-3,15,-3,15,-4,14,-4,14,0,0]"
CSI_DATA: 405,3,80,80,96,79,98,0,-22,-21,38066.88,38067.399,11.451,38240.848,137.482,16.849,"[4,-14,4,-14,3,-14,4,-15,4,-14,4,-14,4,-14,3,-13,4,-13,3,-13,3,-15,2,-14,3,-14,2,-14,3,-14,2,-15,1,-13,1,-14,1,-14,1,-14,2,-14,1,-14,2,-14,0,-14,0,-15,0,-15,0,0,-1,-15,-1,-15,-2,-16,-2,-16,-1,-16,-1,-16,-1,-16,-1,-16,-1,-17,-2,-17,-2,-18,-2,-17,-2,-17,-2,-18,-1,-18,-2,-18,-2,-19,-1,-19,-1,-19,0,-19,1,-19,1,-20,1,-20,1,-20,2,-20,3,-20,0,0,17,2,17,1,17,0,18,2,18,1,17,1,17,1,17,1,17,1,16,1,17,0,17,-1,17,0,16,-1,16,0,18,-2,16,-3,16,-1,15,-2,16,-2,17,-2,16,-2,16,-2,16,-5,17,-4,17,-5,0,0,16,-5,17,-6,17,-6,17,-7,17,-6,18,-6,18,-7,18,-6,18,-7,19,-8,19,-8,18,-7,19,-7,19,-7,20,-7,20,-8,21,-8,20,-7,21,-6,21,-6,22,-5,21,-5,22,-4,21,-5,22,-2,21,-2,0,0]"
CSI_DATA: 406,4,83,83,95,82,98,0,-24,-24,38063.09,38064.320,57.215,38294.714,191.348,70.715,"[-4,10,-3,10,-2,10,-3,11,-2,11,-2,11,-2,11,-2,11,-2,11,-1,11,-1,12,0,12,0,12,0,12,-1,12,1,12,1,12,1,12,2,12,1,12,1,13,2,13,2,12,4,12,3,13,4,13,0,0,4,13,4,13,5,14,5,13,5,14,5,15,5,15,5,15,6,15,5,15,6,16,5,16,5,16,5,16,5,16,6,17,5,17,5,18,4,18,3,17,3,18,2,18,2,18,2,18,0,18,0,18,0,0,-18,0,-17,0,-17,1,-18,0,-18,0,-17,0,-17,0,-16,0,-17,0,-17,0,-18,0,-17,1,-17,1,-16,1,-16,0,-17,1,-15,2,-16,1,-15,2,-15,1,-16,1,-15,2,-15,1,-15,3,-16,3,-16,3,0,0,-15,4,-16,4,-15,5,-15,5,-14,5,-16,5,-15,5,-15,5,-15,5,-16,6,-16,6,-15,5,-16,6,-16,6,-17,6,-17,6,-18,7,-17,6,-17,5,-18,5,-19,4,-18,4,-19,3,-19,4,-19,2,-19,1,0,0]"
CSI_DATA: 407,5,91,91,95,90,98,0,-24,-18,38066.60,38067.371,101.785,38355.228,251.862,131.229,"[-18,6,-18,6,-17,7,-19,7,-18,6,-18,6,-18,6,-17,6,-18,6,-16,6,-18,7,-17,8,-17,7,-17,8,-17,7,-16,8,-16,8,-15,8,-16,8,-16,8,-16,8,-16,8,-16,7,-15,9,-16,9,-16,10,0,0,-16,9,-16,10,-16,10,-16,10,-16,9,-17,9,-17,9,-16,9,-17,9,-16,9,-16,11,-16,9,-17,9,-17,9,-16,8,-17,9,-17,9,-17,8,-17,7,-16,7,-17,6,-17,5,-17,5,-17,6,-17,5,-17,4,0,0,-13,9,-12,9,-12,10,-13,9,-12,10,-12,10,-12,10,-12,10,-11,10,-11,10,-12,12,-11,12,-11,12,-11,11,-11,11,-11,14,-10,12,-10,12,-10,13,-10,13,-11,13,-10,14,-11,13,-9,14,-10,15,-9,16,0,0,-9,16,-9,16,-9,16,-9,17,-9,16,-10,17,-9,17,-10,17,-9,18,-9,18,-10,19,-10,17,-11,18,-10,18,-11,19,-11,20,-11,19,-11,19,-12,19,-13,18,-14,19,-14,17,-15,17,-15,18,-16,17,-16,16,0,0]"
CSI_DATA: 408,6,86,86,92,85,98,0,-21,-23,38069.190,38070.501,157.276,38423.374,320.08,199.375,"[7,-7,7,-8,6,-9,8,-9,7,-9,7,-9,7,-10,7,-9,7,-10,6,-10,7,-11,6,-11,6,-12,6,-12,7,-12,6,-13,6,-13,6,-12,5,-13,6,-13,7,-13,6,-14,6,-13,5,-15,6,-15,5,-16,0,0,5,-16,5,-16,5,-17,5,-16,5,-17,6,-17,6,-17,6,-17,6,-17,5,-17,6,-19,6,-18,6,-18,6,-19,6,-18,7,-19,6,-19,7,-19,8,-19,8,-18,9,-18,10,-18,10,-18,9,-19,11,-17,11,-17,0,0,16,-8,16,-7,16,-9,17,-8,17,-8,16,-7,16,-8,16,-7,16,-8,16,-8,17,-9,16,-9,16,-9,15,-10,16,-9,16,-11,15,-10,16,-10,15,-11,15,-10,16,-10,15,-10,16,-10,14,-12,15,-12,15,-13,0,0,14,-12,14,-13,14,-13,14,-14,14,-14,15,-14,14,-14,14,-14,14,-15,15,-15,15,-16,14,-15,14,-15,15,-15,16,-16,16,-15,16,-15,16,-15,16,-15,17,-14,18,-14,17,-12,18,-13,18,-13,19,-11,18,-10,0,0]"
CSI_DATA: 409,7,82,82,85,82,98,0,-24,-26,37984.149,37985.459,201.505,38490.630,387.264,266.631,"[-17,3,-18,3,-16,4,-18,3,-17,3,-17,3,-16,3,-16,3,-16,2,-15,3,-16,3,-15,4,-14,4,-14,4,-13,3,-13,5,-12,5,-12,5,-12,6,-12,5,-12,5,-12,6,-11,6,-11,8,-11,8,-11,8,0,0,-10,9,-10,9,-10,10,-9,11,-10,11,-10,12,-10,12,-10,12,-10,13,-9,13,-10,15,-10,14,-10,15,-11,15,-11,15,-12,17,-12,17,-13,17,-14,16,-14,16,-15,16,-16,16,-16,16,-17,17,-18,16,-19,15,0,0,6,-15,5,-14,5,-15,6,-15,6,-15,5,-14,5,-14,5,-14,5,-14,4,-13,4,-14,3,-14,2,-13,1,-13,1,-13,-1,-15,-3,-14,-2,-16,-3,-15,-3,-17,-3,-18,-4,-18,-3,-19,-5,-19,-4,-21,-5,-21,0,0,-5,-21,-5,-23,-6,-22,-6,-23,-5,-22,-5,-23,-4,-24,-4,-23,-4,-24,-4,-24,-5,-24,-4,-23,-3,-23,-4,-23,-4,-23,-4,-23,-4,-24,-3,-22,-3,-23,-3,-22,-2,-22,-1,-21,-1,-21,-1,-21,-1,-21,0,-20,0,0]"
CSI_DATA: 410,3,81,81,97,80,99,0,-24,-23,38456.67,38457.396,11.468,38626.890,136.260,12.892,"[9,-9,9,-10,8,-10,10,-11,9,-10,9,-10,9,-10,9,-10,9,-10,8,-10,9,-11,8,-11,8,-11,8,-11,9,-12,8,-12,7,-12,7,-12,7,-13,7,-12,8,-12,7,-13,7,-12,6,-14,7,-14,7,-15,0,0,6,-15,6,-15,6,-16,5,-15,6,-16,6,-16,6,-16,6,-17,5,-17,5,-16,5,-19,6,-18,6,-19,6,-19,6,-19,6,-20,6,-20,6,-20,7,-20,8,-19,9,-20,9,-20,10,-20,9,-21,11,-20,11,-20,0,0,1,16,2,16,2,15,2,17,2,16,2,16,1,15,1,15,1,16,2,15,3,16,3,16,3,15,3,15,2,15,4,15,4,14,4,14,4,14,4,14,4,14,5,14,4,14,7,13,6,14,8,14,0,0,8,14,8,14,9,14,9,14,8,14,8,15,9,15,9,15,9,15,10,15,11,16,10,15,10,16,10,16,11,17,11,18,10,18,10,19,9,19,9,19,8,20,7,19,7,20,8,20,6,21,6,21,0,0]"
CSI_DATA: 411,4,84,84,96,83,99,0,-24,-25,38452.989,38454.318,57.229,38676.507,185.877,62.509,"[-12,-3,-13,-3,-13,-2,-14,-3,-13,-2,-13,-2,-13,-2,-12,-2,-13,-1,-13,-1,-14,-1,-13,-1,-13,-1,-13,0,-13,-1,-13,1,-12,0,-12,1,-13,1,-13,1,-13,1,-13,2,-13,1,-13,2,-14,2,-13,3,0,0,-13,3,-14,4,-14,4,-13,4,-14,3,-14,4,-14,3,-14,3,-14,4,-14,3,-15,4,-15,3,-15,3,-15,3,-15,3,-15,4,-16,4,-15,3,-15,3,-15,2,-16,1,-16,1,-16,0,-16,0,-15,-1,-15,-2,0,0,16,-8,16,-8,15,-8,17,-8,16,-7,16,-7,16,-7,15,-6,16,-6,15,-7,16,-7,15,-8,15,-8,14,-8,15,-6,15,-8,14,-8,13,-7,13,-8,13,-7,14,-6,14,-7,13,-6,12,-9,13,-9,13,-9,0,0,12,-9,12,-9,12,-10,12,-9,12,-9,13,-9,12,-10,12,-9,12,-10,12,-10,11,-11,11,-11,12,-11,12,-11,12,-11,12,-12,13,-12,13,-11,13,-11,14,-11,14,-10,15,-10,15,-10,15,-11,15,-10,16,-9,0,0]"
CSI_DATA: 412,5,92,92,96,91,99,0,-24,-21,38456.40,38457.369,101.803,38743.774,253.144,129.776,"[-17,2,-18,2,-17,3,-18,2,-18,2,-18,2,-17,2,-17,2,-17,2,-16,2,-18,3,-17,3,-17,3,-17,3,-17,2,-17,4,-16,4,-15,4,-16,4,-17,3,-17,4,-16,4,-16,4,-16,5,-17,5,-17,6,0,0,-16,6,-16,6,-17,7,-16,6,-17,6,-17,6,-17,6,-17,6,-17,6,-17,6,-17,7,-17,6,-17,6,-18,6,-18,6,-18,6,-18,5,-18,5,-18,5,-18,4,-18,3,-18,2,-18,2,-18,3,-18,1,-18,1,0,0,-16,1,-16,2,-16,2,-17,2,-16,2,-17,2,-17,2,-16,2,-17,2,-16,2,-17,3,-17,4,-17,4,-17,4,-17,3,-17,5,-16,5,-16,5,-16,5,-17,4,-17,4,-17,6,-16,5,-15,7,-17,7,-17,8,0,0,-16,8,-17,8,-17,10,-16,10,-17,9,-17,9,-17,9,-17,9,-17,10,-17,10,-17,12,-17,10,-17,11,-18,11,-17,11,-19,12,-19,11,-19,11,-19,10,-19,10,-21,9,-20,8,-20,9,-21,10,-21,8,-22,7,0,0]"
CSI_DATA: 413,6,87,87,93,86,99,0,-25,-28,38459.170,38460.499,157.294,38809.405,318.775,195.407,"[-3,8,-3,9,-2,9,-3,11,-2,10,-2,11,-2,10,-2,10,-2,11,-1,10,-1,12,0,12,-1,12,0,12,-1,13,0,12,0,13,0,12,0,14,0,13,-1,14,0,14,0,13,1,14,0,15,1,15,0,0,1,15,1,14,1,16,1,14,0,16,0,16,0,15,0,15,0,15,1,14,1,15,0,15,0,15,0,16,0,15,0,16,0,15,0,16,-1,15,-1,14,-1,15,-2,16,-2,15,-1,16,-2,15,-3,16,0,0,-17,-9,-17,-9,-17,-8,-18,-10,-17,-10,-17,-10,-17,-10,-16,-10,-17,-10,-16,-10,-17,-10,-17,-10,-17,-10,-16,-9,-16,-10,-17,-9,-16,-8,-16,-8,-16,-8,-16,-8,-16,-8,-17,-7,-16,-8,-18,-5,-19,-6,-19,-5,0,0,-19,-5,-19,-5,-20,-5,-19,-5,-20,-5,-20,-5,-20,-5,-20,-5,-21,-4,-21,-4,-22,-3,-22,-4,-21,-4,-22,-4,-22,-4,-23,-4,-23,-4,-23,-4,-23,-5,-22,-5,-23,-6,-22,-7,-23,-7,-24,-6,-23,-8,-23,-9,0,0]"
CSI_DATA: 414,7,83,83,86,83,99,0,-20,-25,38374.130,38375.458,201.530,38876.411,385.781,262.413,"[14,2,15,1,14,1,15,2,14,1,14,1,14,1,14,1,13,1,13,0,14,0,14,0,14,0,13,-1,13,-1,14,-2,13,-2,13,-2,13,-3,13,-2,14,-2,13,-3,13,-3,14,-4,14,-4,14,-4,0,0,14,-5,14,-5,15,-6,14,-6,15,-6,15,-6,15,-6,15,-6,15,-7,15,-6,16,-8,16,-7,16,-7,17,-7,17,-7,18,-8,18,-7,18,-7,18,-6,19,-6,20,-5,19,-4,20,-5,20,-5,21,-3,21,-3,0,0,-4,-17,-5,-17,-5,-16,-4,-18,-4,-17,-4,-17,-4,-17,-3,-16,-3,-17,-4,-16,-4,-17,-4,-17,-4,-17,-4,-17,-2,-17,-4,-17,-4,-16,-3,-15,-3,-15,-2,-15,-2,-15,-3,-14,-2,-14,-4,-13,-4,-14,-4,-14,0,0,-4,-14,-4,-14,-5,-14,-4,-13,-4,-13,-4,-13,-3,-13,-3,-12,-4,-13,-3,-12,-4,-12,-4,-12,-4,-12,-4,-12,-4,-12,-4,-12,-4,-11,-4,-12,-3,-12,-3,-11,-3,-12,-2,-11,-3,-11,-3,-11,-2,-11,-2,-11,0,0]"
CSI_DATA: 415,3,82,82,98,81,100,0,-21,-20,38846.70,38847.412,11.193,39016.803,140.392,12.803,"[-5,11,-5,11,-4,12,-5,13,-5,12,-5,12,-4,12,-4,12,-4,13,-4,13,-4,14,-3,14,-4,14,-3,14,-4,15,-2,15,-2,14,-2,14,-2,16,-2,16,-2,16,-2,16,-2,16,-1,16,-2,17,-1,18,0,0,0,18,-1,18,0,19,0,18,0,19,-1,19,-1,19,-1,19,0,19,0,19,1,20,-1,19,-1,20,0,21,0,19,0,21,-1,21,-1,21,-1,20,-2,20,-2,20,-3,20,-3,20,-3,21,-4,20,-4,20,0,0,7,-12,6,-12,5,-13,6,-14,6,-13,6,-13,5,-13,5,-13,5,-13,5,-13,5,-14,4,-14,4,-14,4,-14,4,-14,3,-16,2,-15,3,-14,2,-15,2,-15,3,-15,2,-16,2,-15,0,-16,1,-17,0,-17,0,0,0,-17,-1,-18,-1,-18,-1,-18,-1,-19,-1,-19,-1,-19,0,-19,-1,-19,-1,-19,-1,-21,0,-20,0,-20,0,-20,0,-21,0,-21,0,-21,1,-21,2,-21,2,-20,3,-21,3,-20,4,-20,4,-20,5,-19,5,-19,0,0]"
CSI_DATA: 416,4,85,85,97,84,100,0,-22,-26,38842.993,38844.335,56.958,39070.26,193.615,66.26,"[-13,-5,-13,-4,-13,-4,-15,-5,-14,-4,-14,-4,-14,-4,-14,-3,-14,-4,-14,-3,-15,-4,-15,-3,-15,-3,-15,-3,-15,-3,-15,-2,-14,-2,-14,-2,-15,-1,-15,-1,-15,-2,-15,-1,-15,-2,-15,0,-16,0,-16,1,0,0,-16,1,-16,1,-17,1,-16,1,-17,1,-17,1,-17,1,-17,1,-17,1,-17,1,-18,2,-17,0,-18,0,-18,0,-17,0,-19,1,-19,0,-18,0,-18,-1,-18,-1,-18,-2,-18,-3,-18,-3,-19,-3,-17,-5,-17,-5,0,0,3,3,3,3,4,3,3,4,3,3,3,3,3,3,3,3,3,3,3,3,3,3,3,3,3,3,3,3,3,3,3,3,3,2,3,3,3,2,3,2,3,3,3,3,3,2,3,2,3,2,3,2,0,0,3,2,4,2,4,2,4,2,4,2,4,2,4,2,4,2,4,2,4,1,5,1,4,1,4,2,4,2,4,2,5,2,5,2,5,2,5,2,5,3,5,3,5,3,5,3,5,3,4,4,4,4,0,0]"
CSI_DATA: 417,5,93,93,97,92,100,0,-25,-27,38846.44,38847.386,101.508,39127.955,251.544,123.955,"[19,-1,19,-2,19,-3,21,-1,19,-1,19,-1,19,-1,18,-2,18,-1,18,-2,20,-2,19,-2,19,-2,19,-2,19,-1,19,-3,18,-4,18,-3,19,-3,18,-3,19,-3,19,-3,18,-2,18,-4,19,-3,19,-4,0,0,19,-4,19,-4,20,-5,18,-5,19,-4,19,-4,19,-4,18,-4,19,-4,18,-4,20,-5,18,-3,19,-3,19,-3,18,-3,19,-3,19,-3,19,-3,18,-2,18,-2,18,-1,17,0,17,0,18,-1,17,1,17,1,0,0,8,10,8,11,9,10,9,11,8,10,8,10,8,10,8,10,8,10,8,9,9,10,9,10,9,9,9,9,8,10,10,9,10,8,9,8,9,8,9,9,9,9,10,8,9,9,11,7,11,8,11,8,0,0,11,7,11,7,12,7,12,7,12,7,12,8,12,8,11,7,12,7,12,7,13,7,12,8,12,7,12,8,12,8,13,8,13,8,12,9,12,9,11,9,11,10,11,10,11,10,12,10,10,11,10,11,0,0]"
CSI_DATA: 418,6,88,88,94,87,100,0,-23,-25,38849.175,38850.516,156.892,39187.360,310.949,183.360,"[7,-6,7,-7,6,-7,7,-8,7,-7,7,-8,6,-8,6,-8,6,-8,6,-8,6,-9,6,-10,6,-10,6,-10,6,-10,6,-11,5,-11,5,-10,5,-11,6,-11,6,-11,5,-11,5,-11,5,-12,6,-13,5,-13,0,0,5,-13,5,-13,5,-14,5,-13,6,-14,6,-14,6,-14,6,-14,6,-14,6,-14,6,-15,7,-15,6,-15,7,-15,7,-15,7,-16,7,-15,7,-15,8,-15,8,-13,9,-14,9,-14,9,-14,9,-15,10,-13,10,-13,0,0,2,11,2,12,3,12,1,13,1,13,2,13,2,12,2,12,2,12,2,12,3,13,4,13,3,13,3,12,3,13,5,13,5,12,5,13,6,13,5,13,5,14,6,13,6,14,8,13,8,14,9,14,0,0,9,14,9,14,10,15,10,15,10,15,10,16,11,16,11,15,11,16,11,16,13,16,12,16,11,16,11,17,12,17,12,18,12,18,12,18,11,18,11,18,10,19,9,17,10,18,10,18,9,19,8,19,0,0]"
CSI_DATA: 419,7,84,84,87,84,100,0,-25,-21,38764.134,38765.476,201.223,39248.175,371.764,244.175,"[6,13,6,13,7,12,7,14,6,12,6,13,6,12,6,11,5,11,6,10,7,11,7,10,8,11,8,10,8,11,9,10,8,10,8,9,8,10,8,10,8,10,9,10,8,9,9,9,10,10,10,9,0,0,10,8,10,8,11,8,11,7,11,8,12,8,12,8,12,8,12,7,12,7,14,7,13,8,14,8,15,8,15,8,16,8,16,9,17,9,16,10,16,10,16,12,16,13,17,13,17,13,15,15,16,16,0,0,17,3,16,3,17,2,18,3,16,3,16,3,16,3,15,3,15,3,15,3,16,2,15,2,15,1,15,1,15,2,16,0,15,-1,15,0,15,-1,15,0,16,0,15,-1,15,0,15,-2,16,-1,16,-2,0,0,16,-2,17,-3,17,-3,16,-3,17,-2,17,-2,17,-2,17,-1,17,-2,17,-2,18,-3,17,-2,17,-2,17,-2,17,-2,18,-2,18,-2,17,-1,17,-1,17,-1,17,0,17,0,17,1,18,0,17,2,17,2,0,0]"
CSI_DATA: 420,3,83,83,99,82,101,0,-21,-23,39238.430,39247.725,21.832,39417.248,169.73,23.249,"[4,11,4,10,5,10,5,11,5,11,5,11,6,10,6,10,6,10,6,10,7,11,7,10,8,10,8,10,7,10,9,10,9,9,9,9,10,9,10,10,10,10,10,10,10,10,12,9,12,10,13,10,0,0,13,10,13,10,13,9,13,9,14,10,14,11,14,11,14,10,15,10,15,11,16,11,14,11,15,11,15,11,15,12,16,12,15,12,15,13,15,13,14,13,14,14,13,14,13,14,13,14,12,15,11,15,0,0,-16,5,-16,6,-15,6,-17,6,-16,6,-16,6,-17,6,-16,6,-16,6,-16,7,-17,8,-16,8,-16,8,-16,8,-16,8,-16,10,-15,9,-16,9,-15,10,-16,10,-17,9,-16,11,-17,10,-15,12,-17,12,-17,13,0,0,-17,12,-17,13,-17,13,-17,13,-17,13,-18,13,-18,13,-18,13,-18,13,-18,13,-18,14,-17,12,-18,12,-18,12,-18,13,-19,13,-18,13,-18,13,-18,12,-18,11,-19,11,-18,10,-19,11,-19,11,-19,9,-19,9,0,0]"
CSI_DATA: 421,6,89,89,95,88,101,0,-26,-18,39241.536,39250.831,167.282,39562.704,314.529,168.705,"[-2,7,-2,8,-2,9,-2,10,-2,9,-2,10,-2,10,-2,10,-2,11,-1,11,-2,12,-1,12,-1,12,-2,12,-2,12,-1,13,-1,12,-1,13,-1,14,-2,13,-2,14,-1,14,-1,14,-1,14,-1,15,0,15,0,0,-1,15,-1,16,-1,16,-1,16,-2,16,-1,17,-2,16,-1,17,-1,16,-1,16,-1,17,-2,17,-2,16,-2,16,-2,16,-2,17,-2,17,-3,17,-3,17,-3,15,-3,16,-4,16,-4,16,-3,17,-5,16,-4,16,0,0,-14,-4,-14,-4,-15,-3,-16,-4,-15,-4,-16,-3,-16,-4,-16,-4,-16,-4,-16,-3,-17,-3,-17,-2,-17,-2,-16,-2,-16,-3,-17,-1,-16,0,-16,0,-17,1,-18,0,-18,0,-18,1,-18,1,-18,3,-20,2,-20,4,0,0,-20,4,-21,4,-22,4,-21,5,-22,4,-23,4,-23,4,-23,4,-23,4,-23,4,-25,5,-24,4,-24,4,-25,3,-25,3,-26,3,-25,3,-26,3,-26,1,-25,1,-26,0,-25,-1,-26,0,-26,0,-26,-2,-25,-2,0,0]"
CSI_DATA: 422,7,85,85,88,85,101,0,-28,-18,39156.496,39165.791,221.500,39617.317,369.142,223.318,"[-3,-12,-4,-12,-4,-12,-4,-13,-4,-11,-4,-11,-4,-12,-4,-10,-4,-11,-5,-10,-5,-11,-5,-11,-5,-11,-6,-11,-4,-11,-5,-11,-5,-10,-5,-10,-5,-10,-5,-10,-5,-10,-5,-9,-5,-9,-6,-8,-6,-9,-6,-9,0,0,-7,-8,-7,-8,-8,-8,-7,-7,-8,-8,-8,-8,-8,-8,-8,-8,-9,-7,-9,-7,-10,-7,-10,-8,-10,-8,-11,-8,-11,-8,-12,-8,-12,-9,-12,-9,-12,-9,-12,-10,-12,-11,-12,-12,-12,-12,-13,-12,-12,-13,-12,-14,0,0,0,17,1,17,2,17,1,19,1,18,1,18,1,18,0,18,0,18,0,17,0,19,1,18,1,17,1,16,0,16,2,16,3,14,3,14,4,14,4,15,4,15,5,15,5,15,7,14,7,15,8,16,0,0,8,15,8,16,9,16,9,16,8,16,8,17,8,17,8,17,8,17,8,17,9,18,8,17,8,17,7,17,7,17,8,18,7,18,7,18,6,17,5,17,5,17,5,17,4,17,5,17,3,17,3,16,0,0]"
CSI_DATA: 423,3,84,84,100,83,102,0,-21,-28,39626.65,39627.420,11.197,39796.847,179.530,12.844,"[10,-8,9,-8,9,-9,10,-9,10,-9,10,-9,9,-9,9,-9,9,-10,9,-10,10,-11,9,-11,9,-12,9,-11,9,-11,8,-13,7,-12,8,-12,8,-13,8,-13,9,-13,8,-14,8,-14,7,-15,8,-15,7,-16,0,0,7,-16,7,-17,7,-18,6,-17,7,-18,7,-18,8,-18,8,-18,7,-18,8,-18,8,-20,8,-19,9,-19,8,-19,8,-20,9,-20,9,-21,9,-20,10,-20,10,-19,11,-19,12,-18,13,-18,12,-19,13,-17,13,-17,0,0,1,-21,1,-21,0,-21,2,-22,2,-21,2,-21,3,-21,3,-20,3,-20,2,-19,3,-21,2,-20,2,-20,2,-19,3,-19,1,-20,1,-19,2,-19,1,-19,2,-19,3,-19,2,-19,2,-18,0,-19,1,-20,1,-20,0,0,1,-19,1,-19,0,-19,0,-19,1,-18,2,-19,2,-18,2,-18,1,-18,1,-17,1,-18,1,-17,1,-16,1,-16,1,-16,0,-16,0,-15,1,-15,1,-15,1,-14,1,-14,1,-14,0,-14,0,-14,0,-14,0,-14,0,0]"
CSI_DATA: 424,4,87,87,99,86,102,0,-24,-43,39622.989,39624.345,56.920,39850.512,233.195,66.509,"[-8,8,-8,9,-7,9,-8,9,-8,9,-8,9,-8,9,-7,9,-7,9,-7,9,-7,10,-7,9,-7,10,-7,9,-7,9,-6,10,-5,10,-5,9,-5,10,-6,10,-5,10,-5,10,-5,10,-4,11,-5,11,-4,12,0,0,-3,12,-4,12,-3,13,-3,12,-4,12,-3,13,-4,13,-3,13,-3,13,-3,13,-3,14,-4,13,-4,14,-4,14,-4,14,-4,15,-4,15,-5,15,-5,15,-5,14,-6,14,-6,14,-7,13,-7,14,-8,13,-8,13,0,0,9,-4,10,-4,9,-5,10,-5,10,-4,10,-5,9,-5,9,-5,9,-5,9,-6,9,-6,9,-7,9,-7,9,-8,10,-7,9,-9,9,-9,9,-9,10,-10,10,-10,11,-10,10,-10,11,-9,10,-11,11,-11,11,-12,0,0,11,-12,11,-13,11,-13,11,-13,12,-13,13,-13,13,-14,13,-13,13,-14,13,-14,13,-15,13,-14,14,-15,14,-15,14,-16,14,-16,14,-17,15,-17,15,-16,16,-16,17,-16,17,-16,18,-17,18,-18,20,-17,21,-17,0,0]"
CSI_DATA: 425,5,95,95,99,94,102,0,-23,-25,39626.40,39627.396,101.502,39915.355,298.38,131.352,"[17,4,17,3,17,2,18,4,17,3,17,4,17,3,16,3,16,4,15,3,17,3,17,3,16,3,16,2,16,3,17,1,15,1,15,1,15,1,15,1,15,2,16,0,15,1,15,-1,16,0,16,-1,0,0,16,-2,16,-1,17,-2,16,-2,17,-1,17,-2,17,-2,16,-2,17,-2,16,-2,18,-3,17,-1,17,-1,17,-2,17,-2,18,-2,18,-2,18,-1,18,-1,17,0,17,0,17,1,17,2,18,1,17,2,17,3,0,0,2,-15,1,-16,0,-15,1,-16,1,-15,1,-16,1,-16,1,-15,1,-15,1,-15,1,-16,0,-16,0,-16,0,-16,1,-16,-1,-17,-1,-16,0,-16,-1,-17,0,-17,1,-17,0,-17,1,-17,-2,-17,0,-18,-1,-18,0,0,-1,-18,0,-18,-1,-19,-1,-18,0,-18,0,-19,0,-18,0,-18,0,-18,0,-18,0,-19,0,-18,0,-17,1,-18,0,-18,0,-19,0,-18,0,-19,2,-18,1,-18,2,-18,2,-18,2,-17,2,-18,4,-18,4,-18,0,0]"
CSI_DATA: 426,6,90,90,96,89,102,0,-25,-16,39629.171,39630.526,156.977,39977.681,360.364,193.678,"[7,-9,6,-10,6,-10,7,-11,7,-11,7,-11,6,-12,6,-12,6,-12,6,-12,7,-13,6,-13,7,-13,6,-13,7,-14,6,-14,5,-14,5,-14,5,-15,5,-15,5,-15,5,-15,6,-14,4,-16,6,-16,5,-16,0,0,5,-16,5,-17,5,-17,4,-16,5,-17,5,-18,5,-17,5,-17,5,-17,5,-16,5,-17,6,-17,5,-17,5,-18,5,-17,5,-17,5,-17,5,-17,5,-17,6,-16,7,-16,6,-16,7,-16,7,-16,8,-15,8,-15,0,0,11,7,11,7,12,6,13,7,12,7,13,7,13,7,12,7,13,8,13,7,14,8,14,7,14,7,14,6,13,7,15,5,15,4,14,5,16,4,16,5,16,5,16,4,16,4,18,2,18,3,20,2,0,0,19,2,19,3,20,2,20,1,21,2,21,3,21,3,22,3,21,2,22,2,24,1,23,2,23,2,23,2,24,2,25,3,24,3,25,3,24,4,24,5,25,6,24,6,24,6,25,5,25,7,24,8,0,0]"
CSI_DATA: 427,3,85,85,101,84,103,0,-23,-29,40016.46,40017.383,11.450,40186.806,209.125,12.807,"[4,11,5,11,6,10,6,12,6,12,6,11,6,11,6,11,6,11,6,11,7,12,7,11,7,12,7,11,7,12,8,11,8,11,8,11,9,11,9,12,9,12,9,11,8,11,10,11,10,12,11,11,0,0,11,11,11,11,12,12,12,11,12,12,12,12,12,12,12,12,12,12,12,12,13,13,12,13,12,13,13,13,13,13,13,14,13,14,13,14,12,14,11,15,11,15,11,15,10,16,11,15,9,16,10,16,0,0,-8,-15,-8,-15,-8,-15,-8,-17,-8,-16,-8,-16,-8,-16,-7,-16,-7,-17,-8,-16,-9,-17,-9,-17,-9,-17,-9,-17,-8,-17,-10,-18,-10,-17,-9,-17,-10,-17,-9,-18,-8,-19,-9,-18,-8,-18,-11,-17,-10,-19,-11,-19,0,0,-10,-18,-10,-19,-11,-19,-11,-18,-10,-19,-9,-19,-9,-19,-8,-19,-9,-18,-9,-18,-11,-18,-9,-17,-9,-17,-9,-18,-9,-17,-9,-18,-10,-17,-9,-16,-8,-17,-7,-17,-8,-16,-7,-16,-8,-16,-8,-16,-8,-16,-8,-16,0,0]"
CSI_DATA: 428,5,96,96,100,95,103,0,-26,-23,40016.22,40017.360,101.795,40277.122,299.441,103.123,"[9,13,9,13,9,12,9,13,8,13,9,13,8,12,8,12,7,12,8,11,8,12,8,12,8,12,8,11,7,12,9,11,8,10,7,10,9,10,8,10,8,11,8,10,7,10,9,9,8,11,9,10,0,0,9,9,9,10,10,10,9,9,9,10,9,10,9,10,9,10,9,9,8,9,10,10,9,10,8,10,9,10,8,10,9,10,9,10,9,10,8,10,8,10,7,10,7,11,6,11,7,11,6,11,7,11,0,0,-5,2,-5,3,-5,3,-6,3,-5,3,-5,3,-5,3,-5,3,-5,3,-5,3,-5,3,-5,3,-5,3,-5,3,-5,3,-5,4,-5,4,-5,4,-5,4,-5,4,-5,3,-5,4,-5,3,-5,4,-5,4,-5,4,0,0,-5,4,-5,4,-5,4,-5,5,-5,4,-5,4,-5,4,-5,4,-5,4,-5,5,-5,5,-5,4,-5,4,-5,4,-5,5,-5,5,-5,5,-6,5,-6,5,-6,5,-6,4,-6,4,-6,4,-6,4,-7,4,-7,4,0,0]"
CSI_DATA: 429,6,91,91,97,90,103,0,-28,-17,40019.153,40020.490,157.183,40332.618,354.937,158.619,"[6,4,7,4,7,4,8,5,8,4,9,5,9,5,9,5,9,5,9,5,11,6,11,5,11,6,11,5,11,6,12,5,12,5,12,5,13,5,12,6,13,7,13,5,13,6,13,5,15,7,15,6,0,0,15,6,14,6,15,6,14,5,15,7,15,6,15,7,15,6,15,6,14,5,16,5,15,6,15,6,15,6,15,5,16,6,15,6,16,6,15,6,14,7,15,7,14,7,13,7,14,6,14,7,13,7,0,0,8,-12,8,-12,7,-13,9,-13,8,-13,9,-13,9,-14,9,-14,9,-14,8,-14,9,-15,8,-15,8,-15,7,-15,8,-15,7,-17,6,-16,6,-16,5,-16,6,-17,7,-17,6,-17,6,-18,3,-19,5,-20,4,-20,0,0,4,-20,4,-21,3,-21,3,-22,4,-22,5,-22,5,-22,4,-22,4,-23,4,-24,3,-25,4,-24,4,-24,4,-24,4,-25,4,-26,4,-26,5,-26,6,-26,7,-25,7,-26,8,-25,8,-26,8,-26,10,-26,11,-26,0,0]"
CSI_DATA: 430,7,86,86,90,86,103,0,-27,-19,39934.114,39935.452,201.517,40382.795,405.114,208.796,"[11,-7,11,-7,10,-8,11,-8,11,-7,11,-7,10,-7,10,-7,10,-7,9,-7,11,-8,11,-8,11,-8,11,-8,11,-7,11,-8,10,-8,10,-7,10,-8,10,-7,10,-7,9,-7,10,-7,9,-9,9,-9,9,-9,0,0,8,-9,8,-9,8,-10,7,-10,8,-10,8,-10,8,-10,8,-10,7,-11,7,-11,7,-12,7,-12,7,-13,7,-13,7,-13,8,-14,8,-15,8,-15,9,-15,9,-14,10,-15,11,-16,11,-16,12,-17,13,-15,14,-15,0,0,1,-18,1,-18,0,-19,1,-19,1,-19,2,-19,2,-19,2,-18,3,-18,2,-17,3,-18,2,-17,2,-16,1,-15,2,-14,0,-16,-1,-14,-1,-15,-2,-15,-2,-15,-1,-15,-2,-15,-2,-16,-4,-15,-3,-16,-4,-17,0,0,-4,-16,-4,-17,-4,-17,-4,-17,-3,-17,-3,-17,-3,-17,-3,-17,-3,-17,-3,-17,-4,-18,-3,-16,-3,-16,-3,-16,-3,-16,-3,-17,-3,-17,-3,-16,-2,-17,-2,-16,-1,-16,-1,-15,-1,-16,-2,-16,-1,-16,0,-16,0,0]"
CSI_DATA: 431,3,86,86,102,85,104,0,-19,-32,40406.40,40407.359,10.473,40576.863,194.68,12.864,"[8,-13,8,-14,7,-14,8,-15,8,-14,8,-14,7,-14,7,-14,7,-14,7,-15,7,-16,6,-15,7,-16,6,-15,6,-15,5,-16,5,-15,5,-16,4,-16,5,-16,5,-16,4,-16,4,-16,3,-17,4,-18,3,-18,0,0,2,-18,2,-19,2,-20,1,-19,2,-20,2,-21,2,-20,2,-20,1,-21,1,-20,1,-23,2,-22,2,-22,2,-23,2,-22,2,-23,2,-24,3,-23,4,-23,4,-22,5,-23,6,-22,6,-23,6,-23,7,-22,8,-22,0,0,-16,6,-16,6,-16,7,-18,6,-17,5,-17,5,-18,5,-17,4,-17,4,-16,4,-18,5,-17,5,-17,4,-17,4,-18,3,-17,5,-16,5,-16,4,-17,6,-17,4,-17,4,-17,4,-16,3,-16,6,-17,5,-17,6,0,0,-16,5,-16,5,-17,5,-15,5,-16,5,-16,4,-16,4,-15,4,-15,4,-14,3,-15,4,-14,3,-14,3,-13,2,-13,3,-13,3,-12,2,-12,2,-11,2,-10,2,-10,1,-8,1,-8,2,-8,2,-7,2,-7,2,0,0]"
CSI_DATA: 432,4,89,89,101,88,104,0,-23,-40,40402.966,40404.286,56.264,40629.574,246.779,65.575,"[-15,0,-15,0,-15,1,-16,1,-16,1,-15,1,-15,1,-15,1,-15,1,-15,2,-16,2,-15,2,-15,2,-15,3,-15,2,-15,3,-14,3,-14,3,-15,4,-15,3,-15,3,-14,4,-14,3,-14,5,-15,5,-15,6,0,0,-14,6,-15,6,-15,7,-14,7,-15,6,-16,7,-15,6,-15,6,-15,7,-15,7,-16,8,-15,6,-16,6,-16,7,-16,6,-16,7,-17,7,-17,6,-17,6,-17,5,-17,4,-17,3,-18,3,-17,4,-17,2,-17,1,0,0,5,1,5,1,5,1,6,1,6,2,6,2,6,2,6,3,6,3,7,3,8,3,8,3,9,4,9,3,9,4,10,4,9,4,10,4,10,4,10,5,10,5,11,4,11,5,12,3,12,4,13,4,0,0,13,3,13,3,14,3,13,2,14,3,14,3,14,3,14,2,14,3,14,2,15,1,14,1,14,1,14,2,14,1,15,1,14,1,15,1,14,2,14,2,14,3,13,2,13,3,13,2,12,4,12,4,0,0]"
CSI_DATA: 433,5,97,97,101,96,104,0,-29,-23,40406.17,40407.337,100.841,40688.80,305.285,124.81,"[12,-15,12,-15,11,-15,13,-15,12,-14,12,-13,12,-13,12,-12,12,-12,11,-12,12,-13,11,-13,11,-13,11,-12,11,-11,11,-12,10,-11,10,-11,10,-12,10,-11,10,-11,10,-11,10,-10,8,-12,10,-11,9,-12,0,0,9,-11,9,-11,8,-12,8,-11,8,-11,9,-11,9,-11,8,-11,8,-11,8,-11,8,-12,8,-11,8,-11,8,-11,8,-11,8,-12,8,-12,8,-12,8,-11,8,-11,9,-11,8,-11,9,-11,9,-12,9,-11,10,-11,0,0,15,3,15,3,15,2,16,3,16,3,16,3,15,3,15,2,15,3,15,2,17,2,16,1,17,1,16,1,16,2,17,-1,16,-1,16,0,17,-1,17,0,17,0,17,0,16,0,17,-2,18,-1,18,-2,0,0,17,-2,18,-2,18,-3,17,-3,18,-3,19,-3,18,-3,18,-3,18,-3,18,-4,19,-5,18,-4,18,-4,19,-4,19,-5,20,-5,20,-6,20,-5,21,-4,20,-4,22,-3,21,-3,22,-2,23,-3,23,-1,23,-1,0,0]"
CSI_DATA: 434,6,92,92,98,91,104,0,-30,-18,40409.148,40410.468,156.225,40752.837,370.42,188.838,"[8,-3,8,-3,9,-4,10,-4,11,-4,10,-4,11,-3,11,-4,11,-4,11,-4,13,-5,12,-5,13,-5,13,-5,13,-4,13,-6,13,-5,13,-5,14,-6,14,-5,14,-5,14,-5,15,-4,14,-6,15,-5,15,-6,0,0,15,-6,15,-6,16,-6,15,-6,16,-5,16,-5,15,-5,15,-5,15,-5,15,-5,15,-6,15,-4,15,-5,15,-4,14,-5,15,-5,14,-5,14,-5,14,-5,14,-4,14,-4,13,-4,13,-4,13,-5,14,-4,14,-4,0,0,-7,-10,-8,-11,-8,-10,-8,-12,-8,-11,-8,-12,-8,-12,-8,-12,-8,-12,-9,-11,-10,-13,-10,-12,-10,-12,-10,-11,-10,-12,-11,-11,-12,-10,-11,-10,-12,-10,-12,-11,-12,-12,-13,-11,-13,-11,-15,-9,-15,-11,-16,-11,0,0,-16,-10,-16,-11,-18,-11,-17,-10,-18,-11,-18,-11,-18,-12,-18,-11,-19,-11,-19,-11,-21,-11,-20,-11,-20,-12,-21,-13,-20,-12,-21,-13,-22,-12,-22,-13,-21,-15,-20,-15,-20,-16,-19,-16,-20,-16,-21,-16,-20,-18,-19,-18,0,0]"
CSI_DATA: 435,7,87,87,90,87,104,0,-27,-19,39934.114,40325.430,200.553,40825.58,442.263,261.59,"[11,-7,11,-7,10,-8,11,-8,11,-7,11,-7,10,-7,10,-7,10,-7,9,-7,11,-8,11,-8,11,-8,11,-8,11,-7,11,-8,10,-8,10,-7,10,-8,10,-7,10,-7,9,-7,10,-7,9,-9,9,-9,9,-9,0,0,8,-9,8,-9,8,-10,7,-10,8,-10,8,-10,8,-10,8,-10,7,-11,7,-11,7,-12,7,-12,7,-13,7,-13,7,-13,8,-14,8,-15,8,-15,9,-15,9,-14,10,-15,11,-16,11,-16,12,-17,13,-15,14,-15,0,0,-19,4,-19,4,-19,5,-20,4,-20,4,-20,4,-20,3,-19,3,-19,3,-19,2,-19,3,-18,3,-17,3,-16,3,-16,3,-16,6,-14,6,-15,6,-14,7,-16,6,-16,6,-15,7,-16,7,-15,9,-17,9,-16,10,0,0,-16,10,-17,10,-17,10,-17,11,-17,10,-18,10,-18,9,-17,9,-17,10,-17,10,-18,11,-17,9,-17,9,-17,9,-18,10,-18,10,-18,10,-18,9,-19,9,-18,8,-19,8,-18,7,-19,7,-19,8,-19,6,-19,6,0,0]"
CSI_DATA: 436,3,87,87,103,86,105,0,-22,-37,40796.41,40797.396,11.497,40969.793,144.735,15.794,"[-12,-2,-13,-1,-13,0,-14,-1,-14,-1,-14,-1,-14,-1,-13,-1,-14,-1,-14,0,-15,1,-15,1,-15,1,-15,1,-16,1,-16,2,-15,2,-15,2,-16,3,-16,2,-16,2,-16,3,-16,2,-16,4,-17,4,-16,4,0,0,-16,5,-17,4,-17,5,-16,5,-18,5,-18,5,-18,5,-18,5,-18,5,-17,5,-19,6,-18,5,-19,5,-19,5,-18,5,-19,6,-20,6,-20,5,-20,4,-19,4,-20,3,-20,2,-21,2,-21,3,-20,1,-20,1,0,0,-3,-12,-3,-12,-3,-11,-2,-12,-1,-11,-1,-11,-1,-11,-1,-11,-1,-10,-1,-9,-1,-11,-1,-10,-1,-10,-1,-10,0,-10,-1,-10,-1,-10,-1,-9,-1,-10,-1,-10,0,-10,-1,-9,-1,-9,-2,-10,-2,-10,-2,-10,0,0,-2,-10,-2,-9,-3,-10,-3,-10,-3,-9,-3,-9,-3,-9,-3,-9,-4,-9,-4,-9,-4,-10,-5,-10,-5,-10,-6,-10,-5,-10,-6,-11,-6,-10,-6,-11,-6,-12,-6,-12,-6,-12,-6,-12,-6,-13,-7,-13,-6,-14,-5,-14,0,0]"
CSI_DATA: 437,4,90,90,102,89,105,0,-23,-33,40792.968,40794.323,57.257,41027.135,202.77,73.136,"[-16,-4,-16,-4,-16,-3,-17,-4,-17,-4,-16,-4,-16,-4,-15,-4,-16,-4,-16,-3,-17,-3,-17,-3,-17,-3,-16,-3,-16,-4,-17,-2,-15,-2,-15,-2,-16,-2,-16,-2,-17,-3,-16,-2,-15,-2,-16,-1,-17,-1,-17,-1,0,0,-16,0,-17,0,-17,0,-16,0,-17,0,-18,0,-17,0,-17,0,-17,0,-17,1,-18,1,-17,0,-18,0,-18,0,-17,0,-18,0,-18,-1,-18,-1,-18,-1,-17,-2,-18,-3,-18,-3,-18,-4,-18,-3,-17,-4,-17,-5,0,0,-4,1,-4,1,-3,2,-4,3,-4,3,-5,4,-5,4,-4,5,-4,6,-4,6,-5,7,-4,8,-4,9,-3,9,-5,10,-3,11,-3,12,-3,11,-2,12,-3,13,-3,13,-3,14,-3,14,0,15,-1,17,0,17,0,0,1,18,0,18,1,19,2,18,2,20,2,21,2,22,3,22,4,23,4,23,6,25,5,23,5,25,5,26,5,26,6,28,6,27,6,29,5,29,4,29,3,31,3,30,3,30,4,31,1,32,0,32,0,0]"
CSI_DATA: 438,5,98,98,102,97,105,0,-34,-25,40796.19,40797.374,101.823,41090.930,265.872,136.931,"[-19,10,-19,10,-18,11,-20,10,-19,10,-19,9,-19,8,-18,8,-18,7,-17,8,-18,8,-18,8,-18,8,-18,7,-18,6,-17,7,-16,7,-15,6,-16,6,-16,6,-16,5,-15,5,-14,4,-14,6,-15,5,-14,5,0,0,-13,5,-13,5,-12,5,-12,4,-12,4,-11,4,-10,4,-10,4,-9,5,-8,4,-9,5,-8,4,-8,5,-7,5,-7,5,-7,6,-6,6,-6,6,-6,6,-6,5,-6,7,-6,7,-6,7,-5,8,-6,8,-6,8,0,0,-12,3,-13,3,-12,4,-14,4,-12,4,-13,4,-12,4,-12,4,-12,5,-12,5,-13,6,-12,6,-12,6,-12,7,-12,7,-12,8,-12,8,-12,8,-12,8,-13,8,-13,8,-12,9,-12,7,-12,10,-13,10,-13,11,0,0,-12,11,-13,11,-13,12,-12,11,-13,11,-13,12,-13,11,-13,11,-13,12,-12,12,-13,14,-13,12,-14,13,-14,14,-14,13,-14,15,-14,14,-15,14,-16,14,-16,13,-17,13,-17,12,-18,12,-18,13,-19,11,-20,11,0,0]"
CSI_DATA: 439,6,93,93,99,92,105,0,-30,-17,40799.150,40800.505,157.211,41156.791,331.733,202.792,"[10,-3,10,-4,10,-5,11,-4,11,-5,11,-4,11,-5,12,-5,12,-5,12,-5,13,-6,13,-6,13,-6,13,-7,14,-6,14,-7,12,-7,13,-7,13,-8,14,-7,14,-7,14,-8,14,-7,13,-9,15,-9,14,-10,0,0,14,-9,15,-10,15,-11,15,-10,15,-10,16,-10,15,-10,15,-10,16,-10,16,-10,16,-12,16,-11,16,-11,16,-11,16,-11,16,-12,17,-12,16,-11,17,-11,17,-10,18,-10,18,-10,19,-10,18,-11,19,-9,19,-9,0,0,-14,-1,-15,-1,-14,0,-16,-1,-16,0,-16,0,-16,0,-16,0,-16,0,-16,0,-17,1,-17,2,-17,1,-17,2,-17,1,-17,3,-17,4,-17,3,-17,4,-18,4,-18,3,-18,5,-18,4,-17,7,-20,6,-20,8,0,0,-19,8,-20,8,-20,9,-20,9,-21,9,-22,9,-22,8,-21,9,-22,9,-22,10,-23,11,-22,9,-23,9,-24,9,-24,10,-24,10,-24,9,-25,10,-25,8,-25,8,-26,7,-25,6,-26,6,-26,7,-27,5,-27,4,0,0]"
CSI_DATA: 440,7,88,88,91,88,105,0,-26,-19,40714.113,40715.468,201.535,41224.73,399.15,270.74,"[-5,11,-5,10,-3,11,-4,11,-4,11,-4,11,-4,10,-3,10,-3,11,-2,11,-2,12,-2,12,-2,12,-2,12,-3,12,-2,12,-2,11,-1,11,-1,12,-1,11,-1,12,-1,12,-1,11,1,11,1,12,2,12,0,0,2,12,3,12,3,13,4,12,4,13,4,13,4,14,4,13,5,14,6,14,7,14,6,15,6,15,7,16,7,16,8,16,8,18,8,17,7,18,7,18,6,20,6,21,6,22,7,22,5,22,4,23,0,0,6,16,6,16,7,15,6,17,6,16,5,17,5,16,5,16,4,16,5,15,5,16,5,15,6,14,6,13,6,14,8,13,8,13,8,12,9,13,9,13,9,14,10,14,8,14,11,13,11,15,12,15,0,0,11,15,11,15,12,16,11,15,11,16,11,16,10,16,10,16,11,16,10,16,12,16,10,15,10,16,10,16,10,16,10,17,10,16,9,16,9,17,8,16,8,17,7,16,7,16,8,16,7,17,6,17,0,0]"
CSI_DATA: 441,4,91,91,103,90,106,0,-22,-41,41182.967,41184.289,57.268,41402.638,178.565,58.640,"[-3,13,-3,13,-2,13,-2,14,-2,13,-2,13,-2,13,-2,13,-2,13,-1,13,-1,14,0,14,-1,14,-1,14,-1,14,0,14,0,13,0,13,1,13,0,13,0,13,1,13,0,13,2,13,2,14,2,14,0,0,3,14,2,14,3,14,3,14,3,14,3,15,3,15,3,14,3,15,3,14,3,15,2,15,2,15,2,15,2,15,3,16,2,16,1,16,1,15,1,15,0,15,0,15,-1,15,-1,15,-2,15,-2,14,0,0,13,3,13,3,13,2,14,3,14,2,14,3,13,3,13,2,13,2,13,1,14,2,14,1,14,1,14,1,14,2,14,0,13,0,12,1,12,0,12,1,12,1,12,1,12,1,11,-1,12,-1,12,-1,0,0,11,-1,10,-1,11,-1,10,-1,9,-1,9,-1,9,0,8,0,8,0,7,0,8,0,7,0,7,0,6,0,5,1,5,0,4,0,4,1,3,2,3,2,2,2,1,2,1,3,0,4,-1,4,-2,4,0,0]"
CSI_DATA: 442,5,99,99,103,98,106,0,-35,-20,41186.19,41187.341,101.834,41447.646,223.573,103.648,"[9,-19,9,-19,7,-19,10,-20,8,-18,9,-17,8,-17,8,-16,9,-16,7,-16,8,-17,8,-16,8,-17,7,-16,8,-16,7,-16,7,-15,7,-14,6,-15,7,-14,8,-14,7,-13,7,-12,6,-13,7,-13,6,-13,0,0,5,-11,6,-11,5,-11,5,-9,5,-9,4,-9,4,-8,4,-7,4,-7,3,-6,3,-6,3,-6,2,-5,1,-5,1,-4,0,-3,-1,-3,-1,-3,-2,-2,-2,-2,-3,-2,-4,-2,-5,-2,-6,-1,-6,-2,-7,-2,0,0,1,14,0,14,2,14,1,15,1,14,1,15,1,14,1,14,1,15,2,14,3,15,4,15,4,15,4,15,3,15,5,16,5,15,5,15,5,15,4,16,4,16,5,16,4,16,7,15,7,17,7,17,0,0,7,17,7,17,8,17,8,17,7,17,7,18,7,18,7,18,7,18,8,18,9,18,8,18,8,18,8,19,8,19,8,20,8,19,8,20,7,21,6,20,5,21,5,21,5,21,6,21,3,22,3,22,0,0]"
CSI_DATA: 443,6,94,94,100,93,106,0,-34,-18,41189.149,41190.471,157.222,41506.478,282.405,162.480,"[3,-2,3,-3,3,-4,3,-5,3,-5,3,-5,3,-6,3,-6,3,-6,3,-7,4,-8,4,-8,5,-9,5,-9,5,-9,5,-9,5,-9,5,-9,5,-10,6,-9,6,-10,6,-10,6,-9,6,-11,7,-11,7,-10,0,0,7,-11,7,-11,7,-11,7,-11,7,-11,7,-11,7,-11,7,-11,7,-11,6,-11,7,-12,7,-11,7,-12,7,-12,6,-12,6,-13,7,-13,6,-13,7,-13,7,-13,8,-14,8,-14,9,-14,9,-15,10,-14,9,-15,0,0,-10,-11,-10,-12,-11,-11,-11,-13,-11,-12,-11,-12,-11,-13,-11,-13,-11,-13,-11,-12,-12,-13,-12,-12,-13,-12,-13,-12,-12,-13,-14,-12,-14,-11,-13,-11,-14,-11,-14,-11,-14,-12,-15,-11,-15,-11,-17,-9,-17,-11,-19,-10,0,0,-18,-10,-19,-10,-20,-10,-19,-10,-20,-10,-20,-11,-20,-11,-20,-10,-21,-11,-21,-10,-23,-11,-22,-11,-22,-11,-22,-12,-22,-12,-23,-12,-23,-12,-23,-12,-23,-13,-22,-14,-22,-15,-21,-15,-22,-15,-22,-15,-21,-16,-20,-17,0,0]"
CSI_DATA: 444,7,89,89,92,89,106,0,-28,-19,41104.112,41105.434,201.549,41578.601,354.528,234.603,"[-3,-10,-4,-9,-5,-9,-4,-10,-4,-9,-5,-9,-5,-8,-5,-8,-6,-8,-6,-8,-7,-8,-7,-8,-7,-9,-7,-8,-6,-9,-7,-8,-7,-8,-7,-7,-8,-7,-7,-7,-7,-7,-8,-6,-7,-6,-9,-5,-9,-6,-9,-5,0,0,-10,-4,-11,-4,-11,-4,-11,-3,-12,-3,-13,-3,-13,-4,-13,-3,-14,-3,-14,-2,-15,-2,-16,-3,-16,-3,-17,-3,-17,-3,-18,-2,-19,-3,-19,-4,-19,-4,-19,-5,-20,-6,-20,-7,-20,-7,-22,-7,-20,-9,-21,-9,0,0,17,-6,17,-6,17,-7,19,-6,17,-5,17,-5,17,-5,17,-4,17,-4,16,-4,17,-5,16,-5,15,-6,14,-6,14,-5,14,-8,13,-8,13,-8,13,-8,14,-8,14,-8,14,-9,14,-8,13,-11,14,-10,14,-11,0,0,14,-11,15,-11,15,-12,14,-12,15,-11,16,-11,16,-10,16,-10,16,-11,15,-11,16,-12,15,-11,15,-11,16,-11,16,-11,16,-11,16,-11,16,-10,16,-10,16,-9,17,-9,16,-8,17,-8,17,-8,17,-7,17,-7,0,0]"
CSI_DATA: 445,3,88,88,105,87,107,0,-23,-25,41576.36,41577.405,11.427,41746.939,168.338,12.940,"[-6,10,-5,10,-5,11,-6,11,-6,11,-6,11,-5,11,-5,10,-5,11,-5,11,-5,12,-5,12,-5,12,-5,12,-5,12,-4,13,-3,12,-3,12,-3,13,-3,13,-4,13,-3,14,-4,13,-2,14,-3,15,-2,15,0,0,-2,15,-2,15,-2,16,-1,15,-2,16,-2,17,-2,16,-2,16,-1,16,-2,16,-2,17,-3,16,-3,16,-3,17,-2,17,-2,17,-3,17,-3,17,-3,17,-4,17,-4,17,-4,16,-5,16,-5,16,-6,16,-6,16,0,0,10,14,10,15,11,14,11,16,10,16,10,16,9,16,9,16,9,16,9,15,10,16,11,16,10,15,10,15,9,15,12,15,11,14,10,15,11,15,10,15,10,16,11,15,10,16,13,14,12,16,13,15,0,0,12,15,12,15,13,15,13,15,12,16,12,16,11,17,11,16,12,16,12,16,14,16,11,15,11,15,11,16,12,15,13,15,12,15,12,15,11,16,10,16,11,16,10,15,11,16,12,16,11,17,11,17,0,0]"
CSI_DATA: 446,4,92,92,104,91,107,0,-22,-43,41572.965,41574.335,57.270,41799.791,221.190,65.792,"[-9,11,-8,11,-7,12,-8,13,-8,12,-8,13,-8,12,-7,12,-7,12,-7,12,-8,13,-6,13,-7,13,-6,13,-7,13,-5,14,-5,13,-5,13,-4,14,-5,14,-5,14,-4,14,-4,13,-3,14,-4,15,-3,15,0,0,-2,15,-2,16,-2,16,-2,16,-2,17,-2,17,-2,17,-2,17,-2,17,-2,17,-1,19,-3,18,-3,18,-2,18,-2,18,-2,19,-3,20,-3,19,-4,19,-5,18,-6,19,-6,18,-7,19,-7,19,-8,18,-9,17,0,0,-6,10,-6,10,-5,11,-6,10,-6,11,-6,10,-6,10,-5,10,-5,10,-5,10,-5,11,-4,11,-4,11,-4,11,-5,11,-3,12,-3,11,-4,11,-3,11,-4,11,-4,11,-4,11,-4,10,-2,10,-3,11,-3,11,0,0,-2,10,-3,10,-2,10,-2,9,-3,9,-3,9,-2,8,-3,8,-3,7,-3,7,-2,7,-3,6,-2,6,-3,6,-3,5,-3,5,-3,5,-4,4,-4,3,-4,3,-4,2,-5,2,-5,2,-5,1,-6,0,-6,-1,0,0]"
CSI_DATA: 447,6,95,95,101,94,107,0,-31,-16,41579.147,41580.517,157.228,41892.646,314.45,158.647,"[0,-3,0,-4,1,-5,1,-5,1,-6,1,-7,1,-7,1,-7,1,-8,2,-8,2,-9,2,-10,2,-10,2,-10,2,-10,1,-11,1,-11,1,-11,1,-12,1,-12,1,-13,0,-13,2,-13,0,-14,1,-15,0,-16,0,0,0,-16,0,-16,0,-17,0,-17,0,-18,0,-18,1,-18,1,-17,1,-18,0,-17,1,-18,1,-17,1,-17,1,-18,1,-17,1,-18,2,-17,1,-17,2,-16,2,-15,2,-16,2,-14,3,-14,2,-14,2,-13,2,-13,0,0,11,10,12,9,13,9,13,10,13,10,13,10,13,10,13,10,13,10,14,10,14,11,14,10,15,10,14,9,14,10,16,8,15,7,16,8,16,7,17,8,17,9,17,8,17,8,19,6,19,7,20,6,0,0,20,6,21,6,21,6,22,5,21,6,22,7,22,7,23,7,23,6,24,6,25,6,24,6,23,7,24,7,25,7,25,7,25,8,25,8,25,9,24,9,25,11,24,10,25,12,25,11,23,13,23,13,0,0]"
CSI_DATA: 448,3,89,89,106,88,108,0,-21,-21,41966.07,41967.372,11.367,42136.803,244.157,12.799,"[12,-1,13,-1,13,-2,14,-1,13,-1,14,-1,13,-1,13,-1,13,-1,13,-2,14,-2,14,-3,14,-3,14,-3,14,-2,14,-4,13,-4,13,-4,14,-5,14,-4,15,-4,15,-4,14,-4,14,-6,15,-6,15,-6,0,0,15,-6,15,-7,16,-7,15,-7,16,-7,17,-7,17,-7,16,-7,17,-7,16,-7,17,-8,17,-7,17,-7,18,-7,17,-7,18,-7,18,-7,18,-7,18,-6,18,-5,18,-5,18,-4,18,-4,19,-5,18,-4,18,-4,0,0,-9,13,-8,12,-8,14,-8,14,-8,14,-8,13,-8,13,-8,13,-8,13,-8,13,-8,14,-8,15,-7,14,-7,14,-8,13,-6,15,-6,14,-6,14,-6,14,-7,15,-7,15,-6,15,-7,15,-4,16,-5,16,-4,16,0,0,-4,16,-4,17,-4,17,-4,18,-4,17,-5,18,-5,17,-5,17,-4,18,-4,18,-4,19,-5,17,-5,17,-5,17,-5,18,-4,18,-5,19,-5,18,-6,17,-6,17,-8,17,-7,16,-8,17,-7,18,-8,16,-8,16,0,0]"
CSI_DATA: 449,4,93,93,105,92,108,0,-24,-34,41962.937,41964.302,57.271,42190.287,297.641,66.283,"[0,12,1,12,2,12,1,13,1,13,1,13,2,12,2,12,2,13,2,12,2,13,3,13,3,13,3,13,2,13,3,13,3,12,3,12,4,12,4,13,3,13,4,12,3,12,5,12,5,13,5,13,0,0,6,12,6,13,6,13,6,12,6,13,6,13,6,13,6,13,6,13,6,13,7,14,6,13,6,13,6,13,6,14,6,14,6,14,6,14,5,14,4,14,4,15,3,14,3,14,3,14,2,14,1,14,0,0,11,-15,11,-14,11,-15,12,-14,12,-14,11,-13,11,-13,11,-12,11,-12,10,-12,11,-12,10,-12,10,-11,10,-11,10,-10,10,-11,9,-10,9,-9,8,-9,9,-9,9,-8,8,-9,8,-8,7,-8,7,-8,6,-9,0,0,5,-8,5,-9,5,-8,4,-9,4,-8,4,-9,4,-9,3,-9,2,-9,2,-10,2,-11,2,-11,2,-11,2,-11,2,-12,2,-13,2,-13,2,-13,3,-13,3,-13,4,-14,4,-13,5,-14,5,-14,6,-14,6,-14,0,0]"
CSI_DATA: 450,5,100,100,105,99,108,0,-23,-34,41965.989,41967.353,101.732,42249.787,357.141,125.783,"[17,-1,17,-2,16,-3,18,-2,17,-1,17,-1,17,-1,16,-1,16,-1,16,-2,17,-2,16,-3,16,-2,16,-2,16,-1,16,-3,16,-3,15,-3,16,-4,16,-3,16,-3,16,-3,15,-3,15,-5,16,-4,16,-5,0,0,15,-5,16,-5,16,-6,15,-6,16,-5,16,-5,16,-5,16,-5,16,-6,15,-6,17,-7,16,-5,16,-6,17,-6,16,-6,17,-6,17,-5,17,-5,17,-5,17,-4,17,-4,17,-3,16,-3,17,-3,17,-2,17,-2,0,0,13,10,13,10,14,9,14,11,13,11,12,10,12,10,11,10,11,10,11,9,12,10,11,9,11,9,11,8,10,9,11,7,11,7,10,7,11,7,11,7,10,8,11,7,10,7,11,5,11,6,11,6,0,0,11,5,11,5,12,5,11,4,12,5,11,5,12,5,11,5,12,4,11,4,12,4,12,4,12,4,12,4,12,3,13,3,13,3,13,3,13,4,13,4,13,4,13,5,14,5,15,5,14,6,14,7,0,0]"
CSI_DATA: 451,6,96,96,102,95,108,0,-27,-21,41969.119,41970.484,157.216,42310.935,418.289,186.931,"[1,-12,1,-12,0,-12,1,-14,1,-13,0,-14,1,-13,1,-14,1,-14,0,-14,0,-15,-1,-15,0,-15,-1,-15,0,-15,-1,-16,-1,-15,-1,-15,-1,-16,0,-16,0,-16,-1,-16,-1,-16,-2,-16,-1,-17,-3,-17,0,0,-2,-17,-2,-17,-2,-18,-3,-17,-3,-18,-2,-18,-1,-18,-2,-18,-2,-19,-2,-17,-3,-19,-1,-18,-2,-18,-2,-19,-2,-18,-1,-19,-1,-18,-1,-18,-1,-18,0,-18,0,-18,1,-18,1,-18,0,-18,1,-18,1,-18,0,0,-9,10,-9,11,-8,12,-9,12,-9,12,-9,12,-10,12,-9,12,-10,12,-9,12,-10,13,-9,13,-9,13,-9,13,-9,13,-8,15,-7,14,-8,14,-7,15,-7,15,-8,15,-7,16,-7,16,-5,17,-6,18,-5,18,0,0,-5,18,-5,19,-5,19,-5,20,-5,20,-6,21,-6,21,-6,20,-5,21,-5,22,-5,23,-5,22,-6,21,-6,21,-6,23,-6,23,-7,23,-7,23,-8,23,-8,22,-10,22,-9,21,-10,22,-9,22,-11,21,-11,20,0,0]"
CSI_DATA: 452,7,90,90,93,90,108,0,-28,-20,41884.84,41885.448,201.654,42378.759,486.113,254.755,"[-5,14,-4,14,-3,14,-4,15,-4,14,-5,14,-5,13,-5,12,-6,13,-4,12,-5,13,-5,13,-5,13,-4,12,-5,11,-4,11,-4,10,-4,10,-3,11,-4,10,-4,10,-3,10,-3,9,-2,10,-2,10,-2,10,0,0,-1,9,-1,10,-1,10,0,9,-1,10,0,10,0,10,0,10,0,10,1,10,2,11,1,11,1,11,2,12,1,11,2,12,2,13,2,13,1,13,1,13,1,14,0,15,0,15,1,16,-1,15,-1,16,0,0,5,15,5,15,7,15,6,16,6,16,6,16,5,16,5,16,5,16,5,15,5,17,5,16,5,15,5,14,4,14,6,14,6,12,6,13,7,12,7,13,7,13,8,13,7,13,10,12,9,13,10,13,0,0,10,13,10,13,11,13,11,13,10,14,10,15,10,15,9,14,10,15,9,14,10,15,8,14,8,14,8,14,8,14,8,14,8,15,8,14,7,14,6,14,6,14,6,13,5,13,6,13,4,13,4,13,0,0]"
CSI_DATA: 453,3,90,90,107,89,109,0,-22,-23,42356.34,42357.362,11.470,42526.896,148.137,12.896,"[0,-5,0,-6,0,-6,0,-6,0,-6,0,-6,0,-6,0,-6,-1,-6,-1,-6,-1,-6,-1,-6,-1,-6,-1,-6,-1,-7,-2,-7,-2,-6,-2,-6,-2,-7,-2,-7,-2,-7,-2,-7,-2,-7,-3,-7,-2,-8,-3,-8,0,0,-3,-7,-3,-8,-3,-8,-3,-8,-3,-8,-4,-8,-3,-8,-3,-8,-3,-8,-3,-8,-4,-9,-3,-9,-3,-9,-3,-9,-3,-9,-3,-9,-3,-9,-3,-9,-3,-9,-2,-9,-2,-9,-2,-9,-2,-9,-2,-9,-1,-9,-1,-10,0,0,-16,-11,-16,-10,-17,-9,-17,-11,-17,-11,-16,-10,-17,-10,-16,-10,-17,-10,-16,-9,-17,-11,-17,-9,-17,-9,-17,-9,-16,-9,-18,-8,-17,-7,-16,-8,-17,-7,-17,-7,-16,-8,-17,-7,-17,-7,-18,-6,-18,-7,-19,-6,0,0,-19,-5,-19,-5,-19,-5,-19,-4,-19,-5,-20,-5,-19,-5,-19,-5,-20,-5,-20,-6,-21,-6,-19,-6,-19,-6,-19,-6,-20,-6,-20,-6,-20,-6,-20,-7,-19,-7,-19,-7,-18,-8,-17,-8,-17,-8,-17,-8,-16,-9,-16,-9,0,0]"
CSI_DATA: 454,4,94,94,106,93,109,0,-23,-25,42352.965,42354.293,57.260,42584.815,206.56,70.815,"[-11,-5,-12,-5,-12,-4,-13,-5,-12,-4,-12,-4,-12,-4,-12,-3,-12,-3,-12,-3,-13,-3,-13,-2,-13,-3,-13,-2,-13,-2,-13,-1,-13,-1,-13,-1,-13,0,-13,-1,-14,-1,-14,0,-13,-1,-13,1,-15,0,-14,1,0,0,-14,2,-15,2,-15,2,-14,2,-15,2,-16,2,-16,2,-15,2,-15,2,-15,2,-16,3,-16,2,-16,2,-17,2,-16,2,-17,2,-17,2,-17,1,-17,1,-16,0,-17,0,-17,-1,-17,-1,-17,-1,-16,-3,-16,-3,0,0,-15,4,-15,4,-14,5,-16,5,-15,5,-15,4,-15,5,-14,5,-14,5,-14,5,-15,5,-14,5,-14,5,-14,5,-13,5,-14,6,-13,6,-13,5,-12,6,-13,6,-12,6,-12,7,-12,6,-11,7,-12,7,-12,8,0,0,-11,8,-11,9,-11,10,-11,9,-11,10,-11,10,-11,10,-10,10,-10,11,-10,11,-11,12,-11,11,-11,12,-11,12,-12,13,-12,14,-13,14,-13,13,-13,14,-13,13,-15,13,-15,13,-16,13,-16,13,-18,11,-18,11,0,0]"
CSI_DATA: 455,5,101,101,106,100,109,0,-26,-33,42356.16,42357.344,101.830,42653.391,274.632,139.391,"[8,13,8,13,9,12,8,14,8,13,7,13,8,13,7,12,7,13,8,12,8,13,8,12,8,13,8,12,8,13,9,12,8,11,8,11,9,11,8,12,8,12,9,12,7,11,9,11,9,12,9,11,0,0,10,11,9,11,10,11,9,11,10,11,10,11,9,11,9,11,9,11,9,10,10,10,9,10,9,11,9,11,9,11,10,11,10,11,9,11,8,11,8,11,8,11,8,11,8,12,8,12,7,12,7,12,0,0,-15,5,-14,5,-15,5,-16,5,-16,5,-15,5,-15,5,-15,5,-15,5,-15,5,-17,5,-16,6,-16,5,-16,5,-16,4,-17,6,-16,6,-16,5,-16,6,-17,5,-17,5,-17,5,-17,4,-16,6,-17,6,-17,6,0,0,-16,6,-17,6,-17,7,-17,7,-17,6,-17,6,-17,6,-16,6,-16,7,-17,7,-17,7,-16,6,-17,6,-17,6,-17,7,-17,8,-17,8,-16,8,-17,8,-16,7,-17,7,-16,6,-17,6,-17,6,-17,6,-17,6,0,0]"
CSI_DATA: 456,6,97,97,103,96,109,0,-31,-22,42359.148,42360.475,157.197,42714.241,335.482,200.241,"[-5,-7,-5,-7,-6,-7,-6,-8,-6,-7,-6,-7,-7,-7,-7,-7,-7,-6,-7,-6,-8,-7,-9,-6,-9,-7,-9,-7,-9,-7,-10,-7,-10,-6,-10,-6,-10,-6,-10,-7,-10,-7,-11,-7,-10,-7,-11,-6,-11,-7,-12,-7,0,0,-12,-7,-12,-7,-13,-7,-12,-6,-12,-7,-13,-7,-13,-7,-13,-6,-13,-6,-13,-6,-14,-6,-13,-7,-13,-7,-14,-7,-14,-6,-15,-6,-15,-7,-16,-7,-15,-7,-15,-8,-15,-9,-14,-9,-15,-10,-15,-10,-14,-11,-14,-11,0,0,-13,6,-13,6,-13,7,-14,7,-14,7,-14,6,-14,7,-14,6,-14,7,-14,7,-15,7,-14,7,-15,8,-14,8,-14,7,-14,10,-13,9,-13,9,-12,10,-13,10,-13,10,-13,11,-14,11,-12,13,-14,13,-13,14,0,0,-12,14,-13,15,-12,15,-13,15,-13,16,-14,16,-13,16,-13,16,-13,17,-13,18,-14,19,-14,17,-14,17,-14,17,-14,19,-14,19,-16,19,-16,20,-16,19,-16,19,-18,19,-17,17,-19,18,-19,18,-20,17,-20,16,0,0]"
CSI_DATA: 457,3,91,91,108,90,110,0,-22,-23,42746.10,42747.392,11.515,42916.843,202.602,12.845,"[3,9,3,9,4,9,4,10,4,10,5,10,5,10,5,10,5,10,5,10,6,11,7,11,7,11,7,11,7,12,8,11,8,10,8,11,9,11,8,12,8,12,9,12,8,12,10,11,10,13,11,12,0,0,11,12,12,12,12,12,12,12,12,12,12,13,12,13,12,13,13,13,13,13,14,13,13,13,13,13,14,14,13,14,14,14,14,14,14,15,13,15,13,15,12,16,12,16,12,17,13,16,11,17,11,18,0,0,15,-7,15,-7,14,-8,15,-8,15,-7,15,-7,15,-8,14,-7,14,-7,14,-8,14,-9,14,-9,14,-9,13,-9,14,-8,14,-10,12,-10,12,-9,12,-10,13,-10,13,-10,13,-11,13,-10,12,-12,13,-12,12,-13,0,0,12,-13,12,-13,12,-14,12,-14,12,-13,13,-14,13,-14,13,-14,13,-14,13,-14,13,-15,13,-14,13,-14,13,-14,14,-14,14,-15,14,-14,15,-14,15,-13,15,-12,16,-12,15,-11,16,-11,16,-11,16,-9,16,-9,0,0]"
CSI_DATA: 458,4,95,95,107,94,110,0,-22,-28,42742.942,42744.324,57.270,42970.823,256.582,66.825,"[-3,-12,-4,-12,-4,-11,-4,-13,-4,-12,-4,-13,-5,-12,-4,-12,-4,-12,-5,-12,-5,-12,-6,-12,-6,-12,-6,-12,-5,-12,-6,-12,-6,-11,-6,-11,-7,-11,-6,-11,-7,-12,-7,-11,-6,-11,-8,-10,-8,-11,-9,-11,0,0,-9,-11,-9,-11,-10,-11,-9,-11,-9,-11,-9,-12,-9,-12,-9,-11,-10,-12,-10,-11,-11,-12,-10,-12,-10,-12,-10,-12,-10,-12,-10,-13,-10,-13,-10,-13,-9,-14,-8,-14,-8,-14,-7,-14,-7,-14,-8,-14,-6,-15,-5,-15,0,0,1,-18,0,-18,-1,-18,1,-19,0,-19,0,-18,0,-18,0,-18,0,-18,0,-18,0,-19,-1,-20,-1,-19,0,-19,1,-19,-1,-20,-1,-19,0,-18,0,-18,0,-18,1,-18,0,-18,1,-17,-1,-18,0,-19,-1,-19,0,0,-1,-18,-1,-18,-2,-18,-2,-18,-1,-18,-1,-18,-1,-18,-1,-17,-2,-17,-2,-18,-3,-18,-1,-17,-2,-17,-2,-17,-2,-18,-2,-18,-2,-18,-1,-18,-1,-18,-1,-17,0,-17,0,-17,0,-17,0,-17,1,-17,1,-17,0,0]"
CSI_DATA: 459,5,102,102,107,101,110,0,-25,-27,42745.993,42747.376,101.840,43042.991,328.750,138.993,"[-14,13,-14,13,-12,14,-14,14,-14,13,-14,13,-14,13,-13,12,-14,13,-13,12,-14,13,-13,13,-13,13,-13,13,-14,12,-12,13,-12,13,-12,12,-12,13,-12,12,-12,12,-11,13,-12,11,-11,13,-12,13,-11,13,0,0,-10,13,-11,13,-11,13,-9,13,-10,13,-11,13,-10,13,-10,13,-10,13,-10,12,-10,14,-10,12,-10,12,-10,13,-10,12,-10,13,-10,12,-10,13,-10,12,-10,11,-11,11,-10,11,-11,10,-11,11,-11,9,-11,9,0,0,-2,-15,-3,-15,-3,-15,-3,-15,-3,-15,-3,-15,-3,-15,-3,-15,-3,-15,-3,-15,-4,-16,-4,-16,-4,-16,-5,-15,-4,-16,-5,-17,-5,-16,-5,-16,-6,-16,-5,-16,-5,-17,-6,-16,-5,-16,-7,-15,-7,-17,-8,-17,0,0,-8,-16,-8,-17,-9,-17,-9,-16,-9,-16,-9,-17,-9,-17,-9,-17,-10,-17,-10,-17,-11,-18,-9,-17,-10,-17,-11,-18,-11,-18,-11,-19,-11,-19,-11,-20,-11,-20,-10,-20,-9,-21,-9,-21,-9,-22,-10,-22,-8,-23,-7,-23,0,0]"
CSI_DATA: 460,6,98,98,104,97,110,0,-25,-25,42749.125,42750.507,157.227,43117.704,403.463,213.706,"[11,-1,11,0,11,-2,12,-1,11,-2,12,-2,12,-2,11,-2,12,-2,12,-3,13,-4,12,-4,12,-4,12,-5,13,-4,12,-6,12,-6,12,-6,13,-7,12,-6,13,-6,13,-7,13,-7,12,-9,14,-9,13,-9,0,0,14,-9,14,-10,14,-11,14,-10,15,-11,15,-10,15,-11,15,-10,15,-10,15,-11,16,-12,16,-11,16,-11,17,-11,16,-11,17,-12,17,-11,18,-11,18,-10,18,-9,19,-9,19,-9,19,-8,19,-9,19,-7,19,-7,0,0,17,-6,16,-6,16,-8,17,-7,17,-7,16,-6,16,-6,16,-5,15,-6,15,-6,16,-6,15,-7,15,-7,14,-7,14,-6,15,-9,13,-9,13,-9,13,-9,13,-10,14,-9,13,-10,14,-10,12,-12,14,-12,13,-13,0,0,13,-14,13,-14,13,-15,13,-16,14,-15,14,-16,14,-16,14,-16,14,-17,15,-17,16,-18,15,-17,16,-16,16,-17,16,-18,16,-18,17,-18,18,-17,17,-17,18,-16,18,-16,18,-15,19,-15,19,-15,20,-13,19,-13,0,0]"
CSI_DATA: 461,7,91,91,94,91,110,0,-29,-21,42664.90,42665.472,201.660,43186.410,472.169,282.412,"[0,5,0,5,1,5,1,5,1,5,2,5,2,4,2,4,3,4,4,4,4,4,4,4,5,4,5,4,5,4,5,3,5,3,5,3,6,2,6,2,7,2,7,2,7,2,8,1,9,1,8,0,0,0,9,0,10,-1,11,-2,10,-2,12,-2,12,-2,12,-2,13,-2,13,-3,13,-2,15,-4,15,-3,16,-3,17,-3,16,-3,17,-4,18,-3,18,-3,18,-2,18,-2,20,-1,20,-1,20,0,22,-1,21,1,21,1,0,0,0,-17,0,-17,-1,-17,0,-18,0,-17,0,-17,0,-16,0,-16,1,-16,0,-15,0,-16,0,-15,-1,-14,-1,-14,-1,-14,-3,-14,-3,-14,-3,-13,-4,-14,-4,-14,-4,-14,-4,-15,-4,-14,-6,-14,-5,-15,-6,-16,0,0,-6,-15,-6,-16,-7,-16,-7,-16,-6,-16,-6,-16,-5,-16,-5,-16,-6,-17,-6,-16,-6,-17,-5,-16,-5,-16,-5,-17,-5,-17,-5,-17,-5,-16,-4,-16,-4,-17,-3,-16,-3,-16,-3,-15,-2,-15,-3,-16,-2,-16,-2,-16,0,0]"
CSI_DATA: 462,3,92,92,109,91,111,0,-22,-28,43135.997,43137.367,11.290,43306.817,120.407,12.818,"[7,-11,7,-11,6,-12,8,-13,7,-12,7,-12,6,-12,7,-12,7,-13,6,-13,7,-14,6,-14,7,-15,7,-14,7,-14,6,-15,6,-15,6,-14,6,-16,6,-15,7,-16,6,-16,6,-15,5,-16,6,-17,5,-18,0,0,5,-17,5,-18,5,-19,5,-17,6,-18,6,-19,6,-19,6,-18,6,-19,6,-18,5,-20,6,-19,6,-19,7,-20,6,-19,7,-20,7,-20,7,-20,8,-20,8,-19,9,-19,10,-18,10,-18,10,-19,11,-18,11,-18,0,0,15,-1,15,-1,14,-3,15,-2,15,-2,15,-2,15,-2,14,-2,14,-2,14,-3,14,-2,14,-3,13,-3,13,-3,13,-3,13,-4,12,-4,12,-4,12,-5,12,-5,12,-5,11,-5,11,-5,10,-7,11,-7,11,-8,0,0,10,-8,10,-10,10,-11,10,-10,10,-11,10,-11,10,-12,10,-12,10,-13,10,-13,11,-15,11,-15,11,-15,12,-16,12,-16,13,-17,13,-17,14,-17,15,-17,16,-16,17,-16,17,-16,19,-16,19,-16,21,-14,21,-13,0,0]"
CSI_DATA: 463,4,96,96,108,95,111,0,-23,-26,43132.930,43134.300,57.60,43362.739,176.329,68.740,"[-12,-5,-12,-5,-12,-4,-13,-4,-13,-4,-13,-4,-13,-4,-13,-4,-13,-4,-13,-3,-14,-3,-14,-3,-15,-2,-14,-2,-14,-3,-14,-2,-14,-2,-13,-1,-15,-1,-15,-2,-15,-2,-15,-1,-14,-1,-15,1,-16,0,-16,1,0,0,-16,1,-16,0,-17,1,-15,1,-17,1,-17,1,-17,1,-17,1,-17,1,-16,1,-18,1,-17,0,-17,0,-18,0,-17,0,-18,0,-18,0,-18,-1,-18,-1,-17,-2,-18,-3,-17,-3,-17,-3,-18,-3,-16,-5,-16,-5,0,0,15,-3,15,-4,15,-5,17,-5,15,-4,16,-4,15,-5,15,-4,16,-5,15,-5,17,-5,16,-6,16,-7,16,-7,16,-6,16,-8,15,-8,15,-8,15,-9,15,-8,15,-8,15,-9,15,-8,14,-10,15,-10,15,-11,0,0,15,-11,15,-12,15,-13,14,-13,15,-13,15,-13,16,-13,15,-12,16,-14,16,-14,16,-15,16,-14,16,-14,17,-14,17,-14,17,-15,18,-15,18,-14,19,-13,19,-13,20,-12,19,-12,20,-11,20,-12,20,-9,21,-9,0,0]"
CSI_DATA: 464,5,103,103,108,102,111,0,-26,-18,43135.981,43137.351,101.642,43432.194,245.784,138.195,"[5,-19,4,-19,3,-18,5,-20,5,-18,5,-18,5,-18,5,-17,5,-17,4,-16,5,-18,4,-18,4,-17,4,-17,5,-17,4,-17,3,-16,4,-16,3,-17,4,-17,5,-16,4,-16,4,-15,3,-16,4,-16,3,-16,0,0,3,-16,3,-16,3,-16,3,-15,3,-15,3,-15,3,-15,3,-14,3,-15,2,-14,2,-15,3,-14,3,-14,3,-15,3,-13,3,-14,3,-14,2,-13,3,-14,3,-13,3,-13,3,-13,3,-13,3,-14,4,-13,4,-12,0,0,-14,-4,-14,-4,-14,-3,-16,-4,-15,-3,-15,-4,-15,-3,-15,-4,-15,-3,-15,-3,-17,-3,-16,-2,-17,-2,-16,-2,-17,-3,-17,-1,-16,0,-16,-1,-17,0,-17,-1,-17,-1,-17,0,-17,-1,-17,2,-18,1,-19,2,0,0,-18,3,-19,3,-20,3,-19,4,-19,3,-20,3,-20,3,-20,3,-20,4,-20,4,-21,5,-21,3,-21,4,-23,4,-22,4,-23,5,-23,4,-24,4,-24,3,-23,2,-24,1,-24,1,-24,0,-25,1,-25,-1,-25,-2,0,0]"
CSI_DATA: 465,6,99,99,105,98,111,0,-24,-31,43139.113,43140.482,157.132,43499.55,312.645,205.56,"[2,9,3,9,4,8,4,10,4,9,4,10,4,9,5,9,5,9,5,9,6,9,7,9,6,9,7,9,6,10,7,9,8,9,7,9,8,9,8,10,7,10,8,9,8,9,9,8,10,10,10,9,0,0,11,9,10,9,11,9,11,8,11,10,11,10,12,10,12,10,12,10,12,9,13,9,13,10,13,10,13,11,13,10,14,11,13,11,14,12,13,12,12,12,12,13,12,13,12,13,13,13,12,14,11,14,0,0,-13,11,-13,12,-11,12,-13,12,-11,12,-11,11,-11,11,-11,10,-11,11,-9,10,-9,12,-9,11,-8,11,-7,11,-7,10,-6,11,-6,11,-6,10,-5,11,-5,11,-5,11,-4,11,-5,10,-3,11,-3,12,-3,12,0,0,-3,11,-2,12,-2,12,-2,12,-2,12,-2,13,-2,12,-2,12,-2,13,-2,12,-2,14,-3,13,-3,13,-4,13,-4,14,-4,14,-5,14,-5,14,-6,14,-7,13,-8,13,-8,12,-9,12,-9,12,-11,11,-11,10,0,0]"
CSI_DATA: 466,7,92,92,95,92,111,0,-28,-24,43054.78,43055.448,201.338,43559.891,373.481,265.892,"[-2,15,-2,15,-1,14,-2,15,-2,14,-2,14,-2,13,-2,12,-2,12,-1,11,-1,12,0,11,0,11,0,11,0,11,2,10,2,10,2,10,2,10,2,10,2,11,2,10,2,10,4,10,3,10,4,10,0,0,4,9,5,10,5,10,5,9,5,10,6,10,6,10,6,10,7,10,7,10,8,9,8,10,9,10,9,11,9,10,10,11,10,12,10,12,10,13,10,13,10,14,10,15,10,16,10,17,9,17,8,18,0,0,17,-10,17,-11,16,-11,18,-11,17,-10,17,-10,17,-10,16,-9,16,-9,15,-9,16,-10,16,-11,15,-10,15,-10,15,-9,15,-11,14,-11,14,-10,14,-10,14,-9,15,-9,14,-9,14,-8,12,-11,14,-11,14,-11,0,0,12,-11,13,-11,13,-11,12,-11,13,-11,13,-11,13,-10,12,-10,12,-11,12,-11,12,-12,12,-11,11,-11,12,-11,12,-11,12,-11,12,-11,13,-11,13,-10,13,-9,13,-9,13,-8,13,-8,13,-9,14,-7,13,-7,0,0]"
CSI_DATA: 467,3,93,93,110,92,112,0,-21,-25,43528.931,43537.692,20.832,43707.292,147.401,23.288,"[-6,-14,-6,-13,-7,-12,-7,-14,-7,-13,-7,-14,-7,-14,-7,-13,-8,-14,-7,-13,-8,-15,-8,-14,-8,-14,-8,-14,-8,-15,-9,-14,-9,-14,-9,-13,-9,-14,-9,-15,-9,-15,-9,-14,-8,-14,-10,-14,-10,-15,-10,-15,0,0,-10,-15,-10,-15,-11,-15,-10,-14,-11,-15,-10,-15,-10,-15,-10,-15,-10,-15,-10,-14,-11,-15,-10,-15,-10,-15,-10,-15,-10,-14,-11,-15,-11,-15,-11,-15,-10,-15,-10,-15,-9,-16,-9,-16,-9,-16,-10,-16,-9,-17,-9,-17,0,0,2,-16,2,-16,1,-16,2,-17,2,-16,2,-16,2,-15,2,-15,2,-15,1,-15,1,-16,0,-15,0,-15,1,-15,1,-14,0,-15,-1,-14,0,-14,-1,-14,-1,-14,0,-14,-1,-14,-1,-14,-3,-14,-2,-14,-3,-15,0,0,-4,-14,-4,-15,-5,-15,-5,-14,-4,-15,-5,-15,-5,-16,-5,-15,-6,-16,-6,-16,-7,-17,-6,-16,-6,-17,-6,-17,-7,-18,-7,-19,-7,-19,-6,-19,-6,-20,-5,-20,-4,-21,-3,-20,-3,-21,-3,-21,-1,-22,-1,-22,0,0]"
CSI_DATA: 468,4,97,97,109,96,112,0,-24,-26,43525.864,43534.626,66.290,43770.309,210.418,86.305,"[-10,4,-10,4,-9,5,-11,5,-10,5,-10,5,-10,5,-9,6,-9,6,-9,6,-10,6,-9,7,-10,7,-9,7,-10,7,-9,8,-8,8,-8,7,-9,8,-9,8,-9,8,-8,8,-8,7,-8,9,-9,9,-8,10,0,0,-8,10,-8,10,-8,11,-8,10,-9,11,-9,11,-9,11,-9,11,-9,11,-8,11,-9,12,-10,11,-10,11,-10,11,-9,11,-10,12,-10,12,-10,12,-10,11,-10,10,-11,10,-12,9,-12,9,-13,9,-13,8,-13,8,0,0,-12,-7,-13,-7,-13,-6,-13,-7,-13,-7,-13,-7,-13,-7,-13,-7,-13,-7,-13,-6,-14,-7,-14,-6,-14,-6,-14,-6,-14,-7,-15,-6,-14,-5,-14,-5,-14,-5,-14,-5,-14,-6,-15,-5,-14,-5,-15,-3,-16,-4,-16,-3,0,0,-16,-3,-16,-3,-17,-2,-16,-2,-17,-2,-17,-2,-17,-3,-17,-2,-18,-2,-17,-1,-19,0,-18,-1,-18,-2,-19,-2,-19,-1,-21,-1,-20,-2,-21,-2,-20,-3,-20,-4,-20,-5,-20,-4,-20,-5,-20,-4,-20,-6,-20,-7,0,0]"
CSI_DATA: 469,5,104,104,109,103,112,0,-23,-23,43528.915,43537.677,110.856,43838.440,278.549,154.436,"[-3,-6,-4,-6,-4,-6,-4,-7,-3,-6,-4,-6,-4,-6,-3,-6,-4,-6,-4,-6,-4,-6,-4,-6,-4,-6,-4,-6,-4,-6,-4,-6,-4,-6,-4,-5,-4,-6,-4,-6,-4,-6,-4,-6,-3,-5,-4,-5,-4,-6,-4,-6,0,0,-4,-5,-4,-6,-5,-6,-5,-5,-4,-6,-5,-6,-5,-6,-4,-5,-5,-5,-4,-5,-5,-6,-4,-6,-4,-6,-4,-6,-4,-6,-4,-6,-4,-6,-4,-6,-4,-6,-4,-6,-4,-6,-3,-6,-3,-6,-3,-6,-3,-6,-3,-6,0,0,-6,11,-5,11,-4,11,-5,12,-4,12,-5,13,-5,13,-5,12,-5,13,-4,12,-4,14,-3,14,-3,14,-3,14,-4,14,-2,16,-2,15,-2,15,-2,15,-2,16,-2,16,-2,16,-2,16,0,16,-1,18,0,18,0,0,0,18,0,18,1,19,1,19,1,19,0,20,0,20,0,19,1,20,1,20,2,21,1,20,1,20,1,21,1,21,1,23,1,22,1,23,0,23,-1,22,-2,23,-2,22,-2,22,-2,23,-4,23,-4,23,0,0]"
CSI_DATA: 470,6,100,100,106,99,112,0,-24,-24,43532.47,43540.809,166.346,43901.486,341.595,217.482,"[-9,0,-9,1,-8,2,-9,2,-9,3,-9,3,-9,3,-9,3,-9,3,-9,4,-10,4,-9,5,-9,5,-9,5,-9,6,-9,6,-8,6,-8,6,-8,7,-9,8,-9,8,-8,8,-9,8,-8,9,-9,9,-8,10,0,0,-8,11,-9,11,-8,11,-8,11,-9,12,-9,12,-9,13,-9,12,-9,13,-8,12,-9,14,-9,13,-10,13,-10,14,-9,14,-10,15,-10,15,-11,15,-11,14,-11,14,-13,14,-12,14,-13,14,-13,14,-14,13,-14,13,0,0,15,5,15,5,15,4,16,5,15,5,16,6,15,5,15,5,16,5,15,5,17,4,17,3,17,4,16,3,16,4,18,3,16,2,16,2,16,2,17,2,17,2,17,1,17,2,17,-1,18,0,19,-1,0,0,18,-1,19,-2,19,-2,19,-2,20,-2,20,-2,20,-1,20,-2,21,-3,21,-3,22,-4,21,-3,21,-4,22,-3,22,-3,23,-3,22,-3,23,-3,24,-2,23,-1,24,0,23,0,24,0,23,0,24,1,24,3,0,0]"
CSI_DATA: 471,7,93,93,96,93,112,0,-29,-29,43447.13,43455.775,220.551,43962.597,402.706,278.593,"[-11,4,-11,4,-10,5,-11,5,-10,5,-10,5,-10,5,-8,5,-9,5,-7,5,-9,6,-8,6,-8,7,-7,7,-8,7,-7,8,-7,8,-7,7,-6,8,-7,8,-7,7,-6,8,-6,7,-5,8,-5,9,-5,9,0,0,-4,9,-4,9,-3,10,-2,10,-2,11,-2,11,-2,11,-2,11,-1,12,-1,12,-1,14,-1,13,-1,14,-1,15,-1,15,-1,16,-1,17,-2,18,-1,17,-2,18,-3,19,-3,19,-5,20,-5,21,-7,20,-8,20,0,0,15,-9,15,-9,14,-9,17,-9,16,-8,16,-8,16,-7,16,-7,16,-7,15,-7,17,-8,16,-8,16,-8,16,-7,16,-6,16,-8,15,-8,15,-7,15,-8,15,-7,16,-7,15,-7,15,-7,14,-9,15,-8,15,-9,0,0,15,-9,15,-9,15,-9,14,-9,14,-8,15,-8,14,-8,14,-8,14,-9,14,-8,14,-10,13,-8,13,-8,13,-9,13,-9,13,-9,12,-9,12,-9,13,-9,12,-8,13,-9,12,-8,12,-9,12,-9,13,-8,13,-8,0,0]"
CSI_DATA: 472,3,94,94,111,93,113,0,-22,-22,43916.334,43917.374,11.524,44086.851,124.254,12.853,"[-11,6,-11,7,-11,7,-12,8,-11,7,-11,7,-11,7,-11,7,-11,8,-11,8,-12,9,-11,9,-12,9,-11,9,-12,9,-11,10,-10,10,-11,10,-11,11,-11,10,-12,10,-11,11,-11,10,-11,11,-12,12,-11,12,0,0,-11,13,-12,13,-12,14,-11,13,-12,13,-12,14,-12,14,-12,14,-12,14,-12,14,-12,15,-13,14,-13,14,-14,15,-13,15,-14,16,-14,15,-14,15,-14,14,-15,14,-16,14,-16,13,-17,13,-17,14,-18,12,-18,12,0,0,-11,-12,-11,-12,-11,-12,-11,-13,-11,-13,-11,-12,-11,-12,-11,-12,-11,-12,-11,-12,-12,-13,-12,-11,-12,-12,-12,-12,-11,-12,-13,-12,-11,-10,-12,-11,-12,-10,-12,-10,-12,-11,-12,-10,-12,-10,-13,-9,-13,-10,-14,-9,0,0,-14,-9,-14,-9,-14,-8,-15,-8,-14,-8,-15,-9,-15,-9,-15,-8,-16,-8,-16,-8,-17,-8,-16,-8,-16,-8,-17,-9,-18,-9,-18,-9,-18,-9,-18,-9,-18,-10,-17,-11,-17,-12,-16,-12,-17,-12,-17,-12,-16,-14,-16,-14,0,0]"
CSI_DATA: 473,4,98,98,110,97,113,0,-25,-26,43913.268,43914.308,57.300,44150.900,188.303,76.902,"[11,2,11,2,11,1,12,1,12,1,12,1,11,0,11,0,11,0,11,0,12,-1,12,-1,12,-2,12,-1,12,-1,12,-2,11,-3,11,-3,12,-4,12,-3,12,-3,12,-4,12,-3,12,-5,13,-5,13,-6,0,0,12,-6,13,-6,14,-7,13,-7,14,-7,14,-7,14,-7,14,-7,14,-7,14,-7,15,-8,15,-7,15,-7,16,-7,15,-7,16,-8,16,-7,16,-7,16,-6,16,-5,17,-5,17,-4,17,-4,17,-4,17,-3,17,-2,0,0,-12,-17,-12,-17,-12,-16,-12,-18,-12,-17,-12,-18,-11,-17,-11,-16,-11,-17,-11,-16,-12,-18,-13,-17,-12,-17,-11,-16,-10,-17,-12,-17,-12,-15,-11,-16,-11,-15,-11,-16,-10,-15,-11,-15,-10,-14,-12,-13,-12,-14,-13,-13,0,0,-13,-13,-12,-13,-13,-13,-14,-12,-13,-12,-14,-12,-14,-12,-14,-12,-15,-12,-15,-11,-17,-11,-16,-11,-16,-12,-16,-13,-17,-13,-18,-13,-18,-14,-18,-14,-17,-15,-17,-15,-17,-16,-16,-16,-16,-17,-17,-17,-15,-19,-15,-19,0,0]"
CSI_DATA: 474,5,105,105,110,104,113,0,-23,-19,43916.319,43917.359,101.866,44223.353,260.756,149.355,"[-3,-6,-3,-6,-3,-6,-3,-7,-3,-6,-3,-6,-3,-6,-3,-6,-3,-6,-3,-6,-3,-6,-3,-6,-3,-6,-3,-6,-3,-6,-4,-5,-4,-5,-3,-5,-4,-5,-4,-5,-4,-6,-4,-5,-3,-5,-4,-5,-4,-5,-4,-5,0,0,-4,-5,-5,-5,-5,-5,-4,-5,-5,-5,-5,-5,-5,-5,-5,-5,-5,-5,-4,-5,-5,-5,-4,-5,-4,-5,-5,-5,-5,-5,-5,-5,-5,-6,-4,-6,-4,-5,-4,-6,-4,-6,-4,-6,-4,-6,-4,-6,-3,-6,-3,-6,0,0,9,-12,9,-12,8,-13,9,-13,9,-13,8,-14,8,-14,7,-14,8,-14,7,-14,7,-16,6,-16,6,-16,6,-16,7,-15,6,-18,5,-16,6,-17,5,-17,5,-17,6,-18,5,-18,5,-18,3,-18,4,-19,3,-20,0,0,2,-20,3,-21,3,-21,2,-21,3,-21,3,-22,2,-22,2,-21,2,-22,2,-23,1,-24,2,-23,2,-23,2,-23,2,-24,2,-24,3,-25,3,-24,3,-25,4,-24,5,-25,6,-24,6,-25,6,-25,8,-24,8,-24,0,0]"
CSI_DATA: 475,6,101,101,107,100,113,0,-22,-20,43919.451,43920.491,157.356,44288.227,325.630,214.229,"[-3,12,-3,12,-2,12,-3,14,-3,13,-2,14,-2,13,-2,13,-2,14,-2,13,-2,15,-2,14,-2,15,-1,15,-2,15,0,14,0,14,-1,14,0,15,-1,15,-1,15,0,15,0,14,1,15,0,16,2,16,0,0,2,16,1,16,2,17,2,16,2,17,2,18,2,17,2,17,2,17,2,17,4,18,2,18,3,18,3,19,3,18,3,19,2,19,2,20,2,20,1,20,1,21,0,21,-1,21,-1,22,-2,21,-2,21,0,0,-12,-12,-12,-12,-13,-11,-13,-13,-12,-13,-12,-12,-12,-12,-12,-12,-12,-12,-13,-11,-13,-12,-14,-11,-14,-11,-13,-11,-13,-11,-15,-10,-14,-9,-14,-10,-14,-9,-14,-9,-14,-9,-15,-8,-15,-8,-16,-6,-17,-7,-18,-6,0,0,-18,-6,-18,-6,-18,-6,-19,-5,-19,-5,-20,-6,-20,-5,-20,-5,-21,-5,-22,-5,-23,-5,-22,-5,-22,-5,-23,-6,-23,-6,-24,-7,-24,-7,-24,-7,-25,-8,-24,-8,-25,-10,-24,-10,-25,-11,-25,-11,-24,-13,-23,-13,0,0]"
CSI_DATA: 476,7,94,94,97,94,113,0,-25,-30,43834.418,43835.458,201.564,44356.766,394.169,282.768,"[-16,9,-16,9,-14,10,-16,9,-16,8,-16,8,-16,7,-15,7,-15,7,-14,7,-15,8,-14,7,-14,7,-14,7,-14,6,-13,7,-12,6,-12,6,-12,6,-12,5,-12,5,-11,6,-10,5,-9,6,-10,6,-9,7,0,0,-9,7,-9,7,-8,8,-8,8,-8,8,-8,8,-8,8,-7,8,-7,9,-7,9,-7,10,-7,9,-7,10,-7,10,-7,10,-7,11,-7,11,-8,11,-8,11,-8,11,-9,11,-9,11,-9,11,-9,12,-10,11,-11,11,0,0,9,7,9,8,10,7,10,9,9,9,9,9,9,9,9,9,8,10,9,9,10,10,10,10,10,10,10,10,9,10,10,10,10,9,9,9,10,9,10,10,10,10,11,10,10,9,12,8,12,10,13,9,0,0,13,9,13,9,13,9,14,9,13,9,14,10,14,10,13,10,14,9,14,9,15,9,14,9,14,9,14,9,14,10,14,9,14,9,13,9,13,10,12,10,12,10,11,10,11,10,11,9,11,10,10,9,0,0]"
CSI_DATA: 477,3,95,95,113,94,115,0,-23,-25,44696.02,44697.841,11.855,44868.293,511.527,14.286,"[7,-13,7,-13,6,-14,7,-15,7,-15,7,-14,7,-14,7,-14,6,-14,6,-14,7,-15,6,-15,6,-16,6,-15,7,-15,5,-16,5,-15,5,-15,5,-16,5,-16,6,-16,5,-16,6,-15,4,-17,5,-17,5,-17,0,0,4,-17,4,-18,4,-18,3,-18,4,-19,5,-19,4,-19,4,-18,4,-19,4,-19,4,-20,5,-19,4,-19,5,-20,4,-20,4,-21,5,-21,5,-21,6,-20,6,-20,7,-20,7,-20,8,-20,7,-21,9,-20,9,-19,0,0,10,-11,9,-10,9,-11,10,-11,9,-11,10,-11,10,-11,9,-11,10,-11,9,-11,10,-12,10,-12,9,-12,9,-12,9,-11,9,-13,8,-12,8,-12,8,-12,9,-12,9,-12,8,-12,9,-12,7,-13,8,-13,7,-14,0,0,7,-13,7,-14,6,-14,7,-14,7,-14,7,-14,7,-15,7,-14,7,-15,7,-15,7,-16,7,-15,7,-15,7,-15,7,-16,7,-17,7,-17,7,-16,8,-16,8,-16,9,-16,9,-16,10,-16,10,-16,11,-15,11,-14,0,0]"
CSI_DATA: 478,4,99,99,112,98,115,0,-24,-27,44692.938,44694.778,57.173,44922.589,565.823,68.582,"[10,3,11,3,11,2,12,2,11,2,11,2,11,2,11,2,11,2,12,1,13,1,12,1,12,0,12,0,12,1,13,-1,12,-1,12,-1,12,-1,13,-1,13,-1,13,-2,12,-1,13,-3,13,-2,13,-3,0,0,13,-3,14,-4,14,-4,13,-4,14,-4,14,-4,15,-4,14,-4,14,-4,14,-4,15,-5,14,-4,15,-4,15,-4,15,-4,15,-4,16,-4,16,-4,15,-3,15,-3,15,-2,15,-2,16,-1,16,-1,15,0,15,0,0,0,11,-9,11,-9,10,-10,12,-10,11,-10,11,-9,11,-10,11,-9,11,-9,10,-10,11,-11,10,-11,10,-11,10,-11,10,-10,10,-11,8,-11,9,-11,8,-11,8,-11,9,-11,8,-12,8,-11,6,-12,7,-13,7,-13,0,0,6,-14,6,-14,5,-15,5,-15,5,-15,6,-16,5,-16,6,-16,5,-17,5,-17,5,-19,6,-18,6,-18,6,-18,6,-19,6,-20,6,-20,7,-19,8,-20,8,-20,10,-20,10,-19,10,-19,10,-20,12,-19,12,-19,0,0]"
CSI_DATA: 479,5,106,106,112,105,115,0,-22,-20,44695.989,44697.829,111.735,44986.889,630.123,132.882,"[-17,0,-16,1,-16,2,-18,1,-17,1,-17,1,-17,1,-16,1,-17,1,-16,1,-17,1,-17,2,-17,2,-17,2,-16,1,-17,3,-16,3,-16,3,-16,4,-17,3,-17,3,-16,4,-17,3,-16,4,-18,4,-17,5,0,0,-17,5,-18,5,-17,6,-17,6,-17,5,-18,5,-18,5,-17,5,-18,5,-17,5,-18,6,-18,4,-18,4,-18,4,-18,4,-18,5,-19,4,-19,4,-18,3,-18,3,-19,2,-18,2,-19,1,-19,2,-19,0,-18,0,0,0,-2,-14,-2,-14,-3,-13,-3,-14,-3,-14,-3,-13,-3,-13,-3,-13,-4,-13,-4,-13,-4,-14,-4,-14,-5,-13,-5,-13,-5,-13,-6,-13,-6,-12,-6,-13,-7,-12,-7,-12,-7,-13,-7,-12,-7,-13,-8,-12,-8,-13,-9,-13,0,0,-10,-12,-10,-13,-11,-12,-11,-12,-10,-12,-11,-13,-11,-13,-11,-13,-12,-13,-11,-14,-13,-14,-11,-14,-11,-14,-12,-14,-13,-15,-13,-15,-13,-15,-13,-15,-12,-16,-11,-16,-11,-17,-11,-16,-10,-17,-10,-17,-9,-18,-8,-18,0,0]"
CSI_DATA: 480,6,102,102,109,101,115,0,-23,-17,44699.121,44700.961,157.224,45058.610,701.844,204.603,"[-1,9,0,9,1,9,0,11,0,10,1,10,0,10,1,9,1,10,2,10,2,11,2,10,2,11,2,10,2,11,3,11,3,10,3,10,3,11,3,11,3,11,4,11,3,11,4,11,4,12,5,12,0,0,5,12,5,12,5,12,5,12,5,12,5,13,5,13,5,13,5,13,5,13,6,13,5,13,5,13,5,14,5,13,5,14,5,14,5,14,4,14,4,14,3,15,3,15,3,16,3,15,2,16,2,16,0,0,-11,-8,-11,-8,-12,-7,-12,-8,-12,-8,-12,-7,-12,-7,-12,-7,-13,-7,-13,-7,-14,-7,-14,-6,-14,-7,-14,-6,-14,-7,-15,-5,-14,-5,-14,-5,-15,-5,-15,-5,-15,-6,-16,-5,-15,-5,-16,-3,-17,-4,-18,-3,0,0,-17,-3,-18,-3,-19,-2,-18,-2,-18,-3,-19,-3,-19,-3,-19,-3,-20,-3,-20,-2,-22,-1,-21,-2,-21,-2,-22,-2,-23,-2,-23,-2,-24,-3,-23,-3,-23,-4,-23,-5,-24,-6,-24,-7,-24,-7,-25,-6,-25,-9,-24,-10,0,0]"
CSI_DATA: 481,7,95,95,98,95,115,0,-27,-29,44614.89,44615.928,211.585,45123.249,766.483,269.242,"[-5,-13,-5,-13,-6,-12,-6,-14,-6,-13,-6,-13,-6,-12,-6,-12,-6,-12,-7,-12,-7,-12,-7,-12,-8,-11,-8,-11,-8,-11,-8,-10,-8,-10,-8,-9,-9,-9,-9,-9,-9,-9,-10,-8,-9,-8,-11,-7,-12,-8,-12,-7,0,0,-13,-6,-14,-6,-15,-6,-15,-6,-16,-6,-16,-6,-17,-6,-16,-6,-17,-6,-17,-6,-19,-6,-18,-6,-19,-7,-20,-7,-20,-6,-21,-6,-22,-7,-22,-7,-21,-8,-21,-9,-21,-10,-22,-10,-22,-11,-23,-12,-21,-13,-21,-14,0,0,4,13,5,13,6,13,5,14,5,13,4,13,4,13,4,13,4,13,4,12,4,14,4,13,4,13,4,12,3,12,4,12,5,11,4,11,4,10,4,11,4,11,5,11,4,11,5,10,5,11,6,11,0,0,6,10,7,10,6,10,7,11,6,10,7,11,7,11,7,11,7,11,7,11,7,11,6,10,7,10,6,10,7,11,7,11,7,11,7,11,7,12,7,12,6,12,7,12,6,12,7,12,5,13,6,13,0,0]"
CSI_DATA: 482,3,96,96,114,95,116,0,-21,-24,45086.06,45087.344,11.240,45256.841,133.592,12.841,"[-16,2,-17,3,-16,4,-18,3,-17,3,-17,3,-16,3,-16,3,-16,3,-16,4,-17,4,-17,4,-17,4,-16,4,-17,4,-17,5,-16,5,-16,5,-16,6,-17,5,-17,4,-17,5,-16,5,-16,7,-17,6,-17,7,0,0,-16,7,-17,7,-18,8,-16,7,-17,7,-17,8,-18,7,-17,7,-17,8,-16,7,-18,9,-17,8,-18,8,-19,8,-18,8,-18,9,-19,8,-19,8,-19,7,-18,7,-20,6,-20,6,-20,5,-20,6,-20,5,-20,5,0,0,5,-15,5,-16,3,-15,5,-16,4,-16,4,-16,4,-16,4,-15,4,-15,3,-15,3,-16,3,-16,2,-16,2,-16,3,-16,2,-16,1,-16,1,-15,1,-16,1,-16,2,-16,1,-16,1,-16,-1,-16,0,-17,-1,-18,0,0,-1,-17,-1,-17,-1,-19,-2,-17,-1,-18,-1,-19,-1,-19,-1,-18,-1,-18,-1,-18,-2,-20,-1,-19,-1,-20,-1,-20,-1,-20,-1,-21,-1,-20,-1,-21,0,-20,2,-20,2,-20,3,-20,2,-20,2,-21,4,-20,4,-20,0,0]"
CSI_DATA: 483,4,100,100,113,99,116,0,-23,-27,45082.943,45084.281,57.28,45311.974,188.725,67.974,"[-8,9,-7,10,-6,10,-7,11,-7,11,-7,11,-7,11,-6,11,-6,11,-5,11,-6,12,-5,12,-5,13,-5,12,-5,12,-4,13,-4,12,-4,12,-3,13,-4,13,-4,13,-3,14,-3,13,-2,14,-2,15,-2,15,0,0,-1,15,-1,15,-1,16,-1,16,-1,16,-2,17,-2,17,-2,17,-1,17,-1,16,0,18,-1,17,-1,18,-2,18,-1,18,-1,19,-2,19,-3,19,-3,18,-4,18,-5,18,-5,18,-6,18,-5,18,-7,18,-7,17,0,0,3,-14,3,-14,2,-14,4,-15,3,-14,3,-14,3,-14,3,-14,3,-14,3,-14,3,-15,2,-14,3,-15,3,-14,3,-13,2,-15,1,-14,2,-13,2,-14,2,-14,3,-13,2,-13,2,-13,1,-13,1,-14,1,-14,0,0,1,-14,0,-14,0,-14,-1,-14,0,-14,0,-14,0,-14,0,-14,-1,-14,-1,-15,-2,-16,-1,-15,-1,-15,-1,-16,-1,-16,-1,-16,-1,-17,-1,-17,0,-17,1,-17,1,-17,1,-17,2,-17,1,-18,3,-18,3,-18,0,0]"
CSI_DATA: 484,5,107,107,113,106,116,0,-26,-21,45085.994,45087.332,101.610,45377.179,253.930,133.179,"[1,-17,1,-17,0,-17,1,-19,0,-17,1,-18,1,-17,1,-17,1,-17,0,-17,0,-18,-1,-18,0,-18,-1,-18,0,-18,-1,-18,-1,-18,-1,-16,-2,-18,0,-18,0,-18,-1,-18,0,-16,-2,-17,-2,-18,-2,-19,0,0,-2,-18,-1,-18,-2,-19,-1,-18,-1,-18,-1,-18,-1,-18,0,-18,0,-18,-1,-17,-1,-18,0,-17,0,-17,0,-18,1,-16,1,-17,1,-16,1,-16,1,-16,2,-15,2,-15,2,-15,2,-14,2,-15,3,-14,3,-14,0,0,-11,-6,-11,-6,-11,-5,-12,-6,-12,-5,-12,-5,-12,-5,-12,-5,-12,-4,-12,-4,-14,-3,-14,-3,-14,-3,-14,-2,-14,-3,-15,-2,-14,-1,-14,-1,-15,0,-15,-1,-16,-1,-16,0,-15,0,-16,2,-17,1,-17,2,0,0,-17,2,-18,2,-19,3,-18,3,-19,3,-19,3,-19,3,-19,3,-20,3,-19,4,-21,5,-20,4,-20,4,-21,4,-21,4,-22,4,-22,4,-22,4,-22,3,-22,1,-23,1,-22,1,-23,1,-23,2,-23,-1,-23,-2,0,0]"
CSI_DATA: 485,6,103,103,110,102,116,0,-20,-20,45089.126,45090.464,157.100,45445.561,322.312,201.561,"[-11,-4,-11,-4,-11,-3,-12,-4,-12,-3,-12,-3,-12,-3,-11,-3,-12,-3,-12,-2,-13,-2,-13,-1,-13,-1,-13,-1,-13,-1,-13,-1,-13,-1,-13,-1,-13,0,-14,0,-14,-1,-14,0,-14,0,-14,1,-15,1,-15,1,0,0,-14,1,-15,2,-15,2,-15,2,-15,2,-16,2,-16,2,-15,2,-16,2,-16,2,-16,3,-16,2,-17,2,-17,2,-17,2,-18,2,-17,2,-18,2,-18,1,-17,0,-18,0,-18,-1,-18,0,-19,0,-19,-1,-19,-2,0,0,7,-11,6,-11,6,-12,7,-12,7,-12,7,-12,7,-12,7,-12,7,-12,6,-12,7,-14,6,-14,6,-14,6,-14,7,-14,6,-15,5,-15,6,-15,5,-15,5,-16,6,-16,5,-16,5,-16,2,-17,4,-18,2,-19,0,0,2,-19,3,-19,2,-20,1,-20,1,-20,2,-21,2,-21,1,-21,1,-22,0,-23,0,-24,0,-24,0,-24,1,-25,1,-25,1,-26,1,-26,1,-27,2,-28,3,-27,4,-28,5,-28,5,-28,5,-29,7,-29,8,-29,0,0]"
CSI_DATA: 486,7,96,96,99,96,116,0,-22,-28,45004.95,45005.432,201.307,45512.272,389.23,268.272,"[-9,-16,-9,-16,-10,-14,-10,-17,-9,-15,-9,-15,-9,-15,-9,-14,-8,-15,-9,-14,-9,-15,-10,-14,-10,-14,-9,-14,-9,-15,-9,-14,-9,-13,-9,-13,-10,-13,-9,-13,-9,-13,-9,-12,-9,-12,-10,-11,-10,-12,-11,-12,0,0,-11,-11,-11,-11,-12,-12,-11,-10,-12,-11,-12,-11,-12,-11,-12,-11,-13,-11,-12,-10,-14,-11,-13,-11,-13,-11,-14,-12,-13,-11,-14,-11,-14,-12,-15,-12,-14,-12,-14,-12,-14,-13,-14,-14,-14,-14,-15,-15,-13,-15,-13,-16,0,0,-10,14,-11,14,-10,14,-12,15,-11,14,-11,14,-12,14,-11,13,-12,13,-11,13,-12,14,-11,14,-11,14,-11,13,-11,12,-10,14,-9,13,-10,13,-9,13,-10,13,-10,13,-9,13,-9,12,-7,14,-9,14,-8,15,0,0,-7,14,-8,15,-7,15,-7,15,-7,15,-7,15,-7,15,-7,15,-7,16,-6,15,-6,17,-7,15,-7,16,-7,16,-7,16,-7,17,-7,17,-7,17,-8,17,-8,16,-9,16,-9,16,-10,16,-10,16,-11,15,-11,15,0,0]"
CSI_DATA: 487,3,97,97,115,96,117,0,-22,-23,45475.988,45477.361,11.511,45646.924,134.652,12.924,"[14,-2,14,-3,14,-4,15,-4,14,-3,15,-3,14,-4,14,-4,14,-4,14,-4,15,-4,15,-5,15,-4,15,-4,15,-4,15,-5,15,-5,14,-5,15,-6,15,-5,15,-5,15,-6,15,-5,15,-6,16,-6,15,-7,0,0,15,-7,15,-7,16,-7,14,-7,16,-7,15,-7,16,-7,15,-7,15,-7,15,-7,16,-8,16,-7,16,-7,16,-8,15,-7,16,-8,16,-8,16,-7,16,-7,16,-7,16,-7,17,-6,17,-6,17,-6,17,-5,17,-5,0,0,-6,-16,-6,-16,-7,-15,-6,-17,-6,-16,-6,-15,-6,-16,-6,-15,-6,-15,-6,-15,-7,-16,-7,-16,-7,-15,-7,-15,-6,-15,-8,-15,-8,-14,-7,-14,-8,-14,-8,-15,-7,-15,-8,-14,-7,-14,-9,-13,-9,-15,-10,-14,0,0,-9,-14,-10,-14,-10,-14,-10,-14,-10,-14,-10,-14,-10,-14,-10,-14,-10,-14,-11,-14,-12,-14,-10,-14,-10,-14,-11,-14,-11,-15,-12,-15,-11,-15,-11,-15,-11,-15,-10,-16,-10,-17,-9,-16,-9,-16,-10,-16,-8,-17,-7,-18,0,0]"
CSI_DATA: 488,4,101,101,114,100,117,0,-23,-28,45472.926,45474.299,57.275,45706.666,194.394,72.666,"[-4,-14,-4,-14,-5,-13,-4,-15,-4,-14,-5,-14,-5,-14,-5,-13,-5,-14,-6,-13,-6,-14,-6,-13,-7,-13,-7,-13,-7,-14,-8,-13,-8,-12,-8,-12,-9,-12,-9,-12,-9,-13,-9,-12,-8,-12,-10,-11,-11,-12,-11,-12,0,0,-12,-11,-12,-12,-13,-12,-12,-11,-13,-12,-13,-12,-13,-12,-13,-12,-14,-12,-13,-12,-15,-13,-13,-13,-14,-13,-15,-14,-13,-13,-15,-14,-15,-14,-14,-15,-14,-15,-13,-15,-13,-17,-12,-17,-11,-17,-12,-17,-10,-18,-10,-18,0,0,-10,-12,-10,-13,-10,-11,-11,-14,-10,-12,-11,-14,-10,-13,-10,-13,-10,-14,-10,-12,-11,-14,-11,-13,-11,-13,-10,-13,-10,-14,-11,-13,-10,-13,-9,-12,-10,-12,-9,-13,-9,-13,-10,-12,-9,-12,-10,-11,-10,-12,-11,-12,0,0,-11,-11,-10,-10,-12,-11,-11,-10,-11,-10,-11,-10,-11,-10,-11,-10,-12,-10,-12,-9,-14,-9,-13,-9,-13,-9,-14,-10,-14,-10,-15,-10,-14,-10,-16,-11,-15,-11,-14,-11,-15,-13,-13,-13,-14,-12,-16,-13,-15,-14,-15,-16,0,0]"
CSI_DATA: 489,5,108,108,114,107,117,0,-23,-22,45475.977,45477.350,101.861,45786.700,274.428,152.700,"[-17,-2,-18,-1,-17,-1,-18,-2,-17,-1,-17,-2,-17,-1,-17,-1,-17,-1,-16,-1,-18,-2,-18,-1,-17,-2,-17,-1,-17,-2,-17,0,-17,-1,-16,-1,-17,0,-16,-1,-17,-1,-17,0,-16,-1,-17,0,-18,-1,-17,0,0,0,-17,0,-17,-1,-18,0,-16,0,-17,0,-17,0,-17,0,-16,0,-16,0,-16,0,-17,0,-16,-2,-16,-1,-17,-1,-16,-1,-17,-1,-16,-1,-16,-1,-16,-1,-15,-1,-16,-2,-15,-2,-15,-3,-15,-2,-15,-4,-15,-3,0,0,3,-15,2,-15,2,-15,2,-17,2,-16,1,-16,1,-16,1,-16,1,-17,0,-16,0,-18,-1,-18,-1,-18,-1,-18,0,-18,-2,-19,-3,-18,-2,-18,-3,-18,-3,-18,-3,-19,-4,-19,-3,-19,-6,-19,-5,-21,-7,-21,0,0,-7,-20,-6,-21,-7,-21,-7,-21,-7,-22,-7,-22,-7,-22,-7,-22,-8,-23,-8,-22,-9,-24,-8,-23,-8,-23,-8,-25,-8,-24,-9,-26,-8,-25,-8,-25,-7,-26,-6,-25,-5,-26,-4,-26,-4,-26,-5,-26,-3,-27,-2,-27,0,0]"
CSI_DATA: 490,6,104,104,111,103,117,0,-22,-21,45479.110,45480.482,157.350,45858.258,345.986,224.258,"[9,-3,9,-4,9,-5,10,-4,9,-5,10,-5,9,-5,9,-6,10,-5,9,-6,10,-6,10,-7,10,-7,10,-7,11,-7,10,-8,9,-8,10,-7,10,-8,11,-8,11,-8,10,-9,11,-8,10,-9,12,-10,11,-10,0,0,11,-10,11,-11,12,-11,11,-11,12,-11,12,-11,12,-11,12,-11,12,-11,12,-11,13,-12,13,-11,13,-12,13,-12,13,-11,14,-12,14,-12,14,-12,14,-12,14,-11,16,-10,16,-11,16,-10,16,-11,17,-9,17,-9,0,0,7,-5,7,-6,7,-6,8,-7,8,-7,8,-7,8,-7,8,-8,8,-8,8,-8,9,-9,8,-9,8,-10,8,-10,9,-10,8,-12,7,-12,8,-11,7,-12,7,-13,8,-13,7,-13,7,-13,5,-15,7,-16,6,-17,0,0,6,-17,6,-18,5,-19,5,-19,5,-20,6,-20,6,-21,5,-21,5,-22,5,-22,4,-24,5,-23,5,-23,6,-24,5,-25,5,-26,6,-26,5,-27,7,-27,7,-27,9,-28,9,-27,10,-27,10,-28,12,-28,12,-28,0,0]"
CSI_DATA: 491,7,97,97,100,97,117,0,-18,-34,45394.78,45395.451,201.545,45923.870,411.598,289.870,"[6,-15,5,-16,4,-15,6,-17,5,-15,5,-16,5,-15,4,-15,4,-15,3,-15,4,-15,3,-15,3,-15,3,-15,3,-15,2,-15,2,-15,2,-14,1,-15,1,-15,2,-15,1,-15,1,-14,0,-15,0,-16,-1,-16,0,0,-1,-16,-1,-16,-2,-18,-2,-16,-2,-17,-2,-17,-2,-18,-2,-17,-3,-18,-3,-17,-3,-19,-2,-18,-2,-19,-3,-20,-2,-18,-3,-21,-3,-20,-3,-21,-2,-20,-1,-20,-1,-21,0,-21,0,-21,0,-22,2,-22,3,-22,0,0,11,18,12,18,12,16,11,19,10,18,9,18,9,17,8,17,8,17,8,16,8,17,8,16,7,16,7,15,6,15,7,15,6,14,6,13,6,13,6,13,5,13,6,12,4,11,6,11,5,11,6,11,0,0,5,10,5,9,5,9,4,8,4,8,4,8,4,7,4,7,4,6,4,5,4,5,4,4,4,3,4,3,4,3,5,2,5,2,5,1,5,1,5,1,6,0,5,0,6,0,6,-1,7,0,7,0,0,0]"
CSI_DATA: 492,3,98,98,116,97,118,0,-21,-23,45865.972,45867.381,11.534,46036.879,113.09,12.880,"[0,6,0,6,0,6,0,7,0,6,0,7,0,6,0,6,0,6,0,6,0,7,0,7,1,7,1,7,0,7,1,6,1,6,1,6,1,7,1,7,1,7,1,7,1,6,2,6,1,7,2,7,0,0,2,7,2,7,2,8,2,7,2,7,2,7,2,7,2,7,2,7,2,7,3,8,2,8,2,7,2,8,2,8,3,8,2,8,2,9,2,8,2,8,1,9,1,8,1,9,2,9,1,9,0,9,0,0,15,2,14,2,15,1,16,2,15,2,15,1,15,1,14,1,14,1,14,1,15,0,15,0,14,0,14,-1,14,0,15,-2,14,-2,14,-1,13,-2,14,-2,14,-2,14,-3,14,-2,14,-4,15,-4,15,-4,0,0,14,-4,15,-6,14,-6,15,-6,15,-6,15,-6,15,-6,15,-6,16,-7,16,-7,17,-7,16,-7,17,-7,17,-7,17,-7,18,-8,19,-8,18,-7,19,-6,19,-5,20,-4,19,-4,20,-3,20,-4,20,-2,20,-1,0,0]"
CSI_DATA: 493,4,102,102,115,101,118,0,-24,-27,45862.911,45864.320,57.301,46082.607,158.737,58.608,"[-9,-10,-9,-10,-10,-9,-11,-10,-10,-10,-10,-10,-10,-9,-10,-9,-10,-9,-10,-8,-11,-9,-11,-8,-11,-8,-11,-8,-11,-8,-12,-7,-12,-7,-11,-7,-12,-6,-12,-6,-12,-6,-12,-5,-12,-6,-13,-4,-14,-5,-14,-5,0,0,-14,-4,-14,-4,-15,-4,-14,-4,-15,-4,-16,-4,-16,-4,-15,-4,-16,-4,-16,-3,-17,-3,-16,-4,-17,-4,-18,-4,-17,-4,-18,-5,-18,-5,-18,-5,-17,-6,-17,-6,-17,-7,-17,-8,-17,-8,-17,-8,-16,-9,-16,-10,0,0,8,-15,8,-15,7,-16,9,-16,8,-16,9,-15,8,-16,9,-15,9,-15,8,-15,8,-16,8,-16,8,-16,8,-15,9,-14,8,-16,7,-15,7,-14,7,-14,7,-14,8,-14,7,-14,7,-13,6,-14,7,-14,5,-15,0,0,5,-14,5,-15,4,-15,4,-15,4,-15,4,-16,4,-15,4,-15,3,-16,3,-16,3,-17,3,-16,3,-16,3,-17,3,-17,3,-18,3,-18,3,-18,4,-18,4,-18,5,-19,5,-19,6,-19,6,-20,7,-19,8,-19,0,0]"
CSI_DATA: 494,5,109,109,115,108,118,0,-25,-20,45865.962,45867.371,101.867,46149.508,225.638,125.509,"[-12,-11,-13,-11,-13,-10,-14,-12,-13,-11,-13,-12,-13,-11,-12,-11,-12,-11,-13,-11,-14,-11,-14,-10,-14,-10,-14,-10,-13,-11,-14,-10,-14,-9,-13,-10,-14,-9,-14,-10,-14,-10,-14,-10,-13,-10,-15,-9,-15,-10,-15,-9,0,0,-15,-9,-15,-10,-15,-9,-14,-9,-15,-10,-15,-10,-14,-10,-14,-10,-14,-9,-14,-9,-15,-9,-13,-10,-14,-10,-14,-10,-13,-9,-13,-10,-13,-10,-13,-10,-12,-9,-12,-9,-12,-10,-11,-10,-11,-10,-11,-10,-10,-10,-10,-10,0,0,14,0,14,0,14,-1,15,-1,15,0,15,-1,15,-1,14,-1,15,-1,15,-2,16,-3,16,-3,16,-4,15,-4,16,-3,16,-5,15,-6,16,-5,15,-6,16,-6,16,-5,17,-6,16,-6,16,-8,17,-8,17,-9,0,0,17,-9,18,-10,18,-11,17,-11,18,-11,19,-11,19,-11,19,-11,19,-11,19,-12,20,-13,20,-12,20,-12,21,-12,21,-12,22,-13,22,-12,22,-12,23,-11,22,-10,24,-9,23,-9,24,-9,24,-9,25,-7,24,-6,0,0]"
CSI_DATA: 495,6,105,105,112,104,118,0,-26,-17,45869.95,45870.504,157.357,46223.530,299.660,199.531,"[3,-9,3,-10,2,-10,3,-11,3,-10,3,-11,2,-10,2,-10,2,-11,2,-10,2,-11,1,-11,2,-12,1,-12,2,-12,1,-13,1,-12,1,-12,1,-13,1,-13,1,-13,1,-13,2,-12,1,-13,2,-14,1,-14,0,0,1,-14,1,-14,1,-14,1,-13,2,-14,2,-14,2,-14,2,-14,2,-14,2,-14,2,-15,3,-14,2,-14,2,-14,2,-13,2,-14,3,-13,2,-14,2,-13,3,-13,3,-13,4,-13,3,-13,3,-14,4,-13,4,-13,0,0,9,0,9,0,10,-1,11,-1,11,-1,11,-1,11,-1,11,-1,11,-1,11,-2,12,-2,12,-3,12,-3,12,-3,12,-2,13,-5,12,-5,12,-4,12,-5,13,-5,13,-5,13,-5,13,-6,12,-8,14,-8,13,-9,0,0,13,-9,14,-10,13,-10,14,-11,14,-11,15,-11,15,-11,15,-11,15,-12,15,-13,15,-15,16,-14,15,-14,16,-14,16,-15,17,-15,18,-16,18,-16,19,-15,20,-14,21,-15,21,-14,22,-14,22,-15,24,-14,24,-12,0,0]"
CSI_DATA: 496,7,98,98,101,98,118,0,-22,-28,45784.64,45785.473,201.574,46290.22,366.152,266.23,"[9,-13,9,-13,8,-13,10,-15,9,-14,9,-14,9,-14,8,-13,9,-13,7,-14,8,-15,8,-15,7,-15,7,-15,8,-15,7,-15,6,-15,6,-14,6,-16,6,-15,6,-15,5,-15,6,-15,4,-16,5,-17,4,-17,0,0,3,-17,3,-18,2,-19,2,-18,2,-19,2,-19,2,-19,2,-19,2,-20,1,-19,1,-21,2,-21,1,-21,2,-22,2,-21,2,-23,1,-23,2,-24,3,-23,4,-23,5,-24,5,-24,6,-24,5,-25,7,-24,8,-24,0,0,-8,-21,-7,-22,-9,-21,-8,-23,-7,-21,-7,-22,-7,-22,-6,-21,-6,-21,-7,-20,-7,-22,-8,-21,-7,-20,-7,-20,-6,-20,-8,-20,-8,-19,-7,-18,-8,-18,-7,-19,-6,-19,-7,-18,-6,-18,-9,-17,-8,-18,-9,-18,0,0,-8,-17,-9,-17,-9,-17,-9,-16,-8,-17,-8,-17,-7,-17,-7,-16,-7,-16,-7,-15,-8,-15,-7,-14,-7,-14,-7,-14,-7,-14,-7,-14,-6,-13,-6,-13,-5,-13,-4,-13,-4,-13,-3,-12,-3,-12,-3,-11,-2,-11,-2,-10,0,0]"
CSI_DATA: 497,3,99,99,117,98,119,0,-21,-23,46255.980,46257.345,11.502,46427.908,137.886,13.908,"[-10,10,-9,10,-9,11,-10,11,-10,11,-10,10,-10,11,-9,10,-10,11,-9,11,-10,12,-9,12,-9,13,-9,12,-9,12,-9,13,-8,12,-8,13,-8,13,-8,13,-9,13,-8,13,-8,13,-7,14,-8,15,-7,15,0,0,-7,15,-7,16,-7,16,-6,16,-7,16,-7,17,-7,16,-7,16,-7,17,-7,17,-6,19,-7,17,-7,18,-7,18,-7,19,-7,19,-8,20,-8,19,-9,19,-9,18,-10,18,-10,18,-12,18,-11,19,-13,17,-13,17,0,0,-5,11,-4,11,-4,11,-4,12,-4,11,-4,11,-3,12,-3,11,-3,11,-3,11,-3,12,-2,12,-2,12,-2,12,-3,12,-1,12,-1,11,-1,12,0,12,-1,12,-1,12,0,12,0,12,1,12,0,13,2,13,0,0,2,13,2,13,3,14,3,13,3,14,3,15,3,15,3,14,4,14,4,15,5,16,3,16,4,16,4,16,4,17,5,17,4,18,5,18,4,18,3,19,2,19,1,19,1,20,1,20,-1,20,-1,21,0,0]"
CSI_DATA: 498,4,103,103,116,102,119,0,-24,-27,46252.920,46254.285,57.308,46479.952,189.930,65.952,"[-13,4,-12,4,-12,5,-13,5,-13,5,-12,5,-12,6,-12,6,-12,6,-11,6,-12,7,-12,7,-12,7,-11,8,-12,7,-11,9,-10,8,-10,8,-10,9,-11,9,-11,9,-10,10,-10,9,-9,10,-10,11,-9,11,0,0,-9,11,-9,12,-9,13,-8,13,-9,13,-9,14,-9,14,-9,14,-9,14,-9,14,-9,15,-10,14,-10,14,-10,15,-10,15,-10,15,-11,16,-11,15,-11,15,-11,14,-13,14,-13,13,-14,13,-13,13,-14,12,-14,12,0,0,-11,-13,-11,-13,-12,-12,-12,-14,-11,-13,-11,-13,-12,-13,-11,-13,-11,-13,-11,-12,-12,-14,-12,-13,-12,-13,-11,-13,-10,-13,-12,-13,-12,-12,-11,-12,-11,-11,-11,-12,-11,-12,-11,-11,-11,-11,-12,-10,-12,-11,-12,-11,0,0,-13,-10,-12,-10,-13,-10,-13,-9,-13,-9,-13,-10,-13,-9,-13,-9,-14,-9,-14,-9,-15,-9,-14,-9,-14,-10,-15,-10,-15,-10,-16,-10,-16,-10,-17,-10,-16,-11,-15,-11,-15,-12,-15,-12,-15,-12,-16,-12,-15,-14,-14,-14,0,0]"
CSI_DATA: 499,5,110,110,116,109,119,0,-24,-22,46255.971,46257.336,101.879,46554.255,264.233,140.255,"[-15,-9,-15,-8,-15,-7,-16,-9,-16,-8,-16,-8,-16,-8,-15,-8,-16,-8,-15,-7,-17,-8,-17,-7,-17,-8,-16,-7,-16,-7,-17,-6,-16,-6,-16,-6,-17,-6,-17,-6,-16,-7,-17,-5,-16,-6,-17,-5,-18,-6,-18,-5,0,0,-17,-5,-18,-5,-19,-5,-18,-5,-18,-5,-19,-6,-18,-6,-18,-6,-18,-5,-17,-6,-19,-5,-17,-7,-17,-6,-17,-6,-17,-6,-17,-6,-17,-7,-17,-6,-16,-6,-15,-7,-15,-7,-14,-7,-14,-8,-14,-7,-13,-8,-13,-7,0,0,14,-5,14,-6,13,-6,14,-6,13,-6,14,-6,14,-7,13,-7,13,-7,13,-7,14,-8,13,-8,13,-8,13,-8,13,-8,13,-11,12,-10,12,-10,12,-10,12,-11,13,-10,12,-11,12,-10,11,-12,13,-12,12,-13,0,0,11,-14,12,-14,12,-15,11,-15,12,-15,12,-15,12,-15,12,-15,12,-16,12,-16,13,-17,13,-15,13,-15,13,-17,13,-16,14,-17,14,-17,14,-17,15,-16,15,-16,16,-15,16,-14,17,-14,17,-15,18,-13,18,-12,0,0]"
CSI_DATA: 500,6,106,106,113,105,119,0,-25,-18,46259.104,46260.468,157.367,46626.953,336.931,212.953,"[7,4,7,4,8,4,8,5,8,4,8,4,9,4,9,4,9,4,9,3,10,4,10,4,11,3,11,3,10,4,12,3,11,2,12,2,11,2,12,3,12,3,12,2,13,3,13,1,14,2,14,1,0,0,14,1,14,1,14,1,15,1,15,1,15,2,15,2,15,2,16,1,16,1,16,1,15,2,15,2,15,2,16,2,16,2,16,2,15,2,15,3,15,3,15,4,14,4,14,5,14,4,13,5,13,5,0,0,-5,12,-5,12,-4,12,-5,13,-4,13,-5,14,-5,14,-5,14,-5,14,-4,14,-4,16,-4,15,-4,16,-3,15,-4,16,-2,17,-2,16,-2,16,-1,17,-1,17,-2,17,-1,17,-2,17,1,17,0,19,1,19,0,0,2,19,2,19,2,20,3,19,3,20,3,21,3,21,4,21,4,21,4,21,5,23,4,22,4,22,5,23,5,24,6,25,5,25,6,26,4,26,4,26,3,28,3,27,2,28,2,29,0,30,-1,30,0,0]"
CSI_DATA: 501,7,99,99,102,99,119,0,-23,-30,46174.74,46175.438,201.593,46683.760,393.738,269.760,"[-14,-1,-14,0,-14,1,-14,0,-14,0,-14,0,-14,0,-13,0,-13,0,-13,1,-14,1,-14,2,-14,2,-13,2,-13,1,-14,3,-13,3,-13,3,-13,3,-13,3,-13,3,-13,4,-13,3,-13,5,-14,5,-13,5,0,0,-13,6,-13,6,-13,7,-13,7,-13,7,-14,7,-14,7,-14,7,-14,8,-14,8,-15,9,-15,7,-15,8,-15,8,-16,9,-16,9,-17,9,-16,8,-17,8,-17,7,-18,7,-18,7,-19,6,-18,7,-19,5,-19,5,0,0,10,0,11,-1,11,-1,12,0,11,0,11,0,11,0,11,0,11,1,11,0,12,0,12,0,12,0,12,0,12,1,13,-1,12,-1,12,0,12,-1,12,0,12,0,12,0,12,0,12,-2,13,-1,13,-2,0,0,13,-2,13,-2,13,-3,13,-3,13,-3,13,-2,14,-3,13,-3,14,-3,13,-3,14,-4,13,-4,13,-3,14,-4,14,-4,15,-4,14,-4,14,-4,15,-4,14,-3,14,-3,14,-3,14,-3,14,-3,15,-2,14,-1,0,0]"
CSI_DATA: 502,3,100,100,118,99,120,0,-22,-23,46645.976,46647.384,11.545,46816.902,133.142,12.905,"[-5,12,-4,12,-3,12,-4,13,-4,13,-4,13,-4,12,-4,12,-4,13,-3,12,-3,13,-3,13,-3,14,-3,13,-3,13,-2,14,-2,13,-2,13,-1,14,-2,14,-2,14,-1,14,-2,14,0,14,-1,15,0,15,0,0,0,15,0,16,1,16,1,15,1,16,1,17,1,16,1,16,1,17,1,17,2,18,1,17,1,18,1,18,1,18,1,19,1,19,1,20,0,20,0,20,-1,20,-1,20,-2,21,-1,21,-3,21,-4,21,0,0,-1,13,0,13,1,13,0,14,0,14,0,13,0,13,0,13,0,13,1,13,1,14,2,13,2,13,2,13,1,13,3,14,3,12,2,13,3,12,2,13,2,13,3,13,3,13,5,12,5,13,5,13,0,0,5,13,6,14,6,13,7,13,6,13,6,14,6,14,6,14,7,14,7,14,9,15,7,14,7,15,7,15,8,16,8,16,8,16,8,16,7,17,6,17,6,18,5,18,5,18,6,18,5,19,4,19,0,0]"
CSI_DATA: 503,4,104,104,117,103,120,0,-24,-25,46642.917,46644.325,57.304,46864.66,180.306,60.69,"[-5,-13,-5,-13,-6,-12,-5,-13,-6,-13,-6,-12,-6,-13,-6,-12,-6,-13,-7,-12,-7,-13,-8,-12,-8,-12,-8,-12,-7,-12,-9,-12,-8,-11,-8,-11,-9,-11,-9,-12,-9,-12,-10,-11,-9,-11,-11,-10,-11,-12,-11,-11,0,0,-12,-11,-13,-11,-13,-11,-13,-11,-12,-10,-13,-11,-13,-12,-13,-11,-14,-12,-14,-11,-15,-12,-14,-12,-14,-12,-14,-13,-14,-13,-15,-13,-15,-14,-14,-13,-14,-15,-13,-14,-13,-16,-12,-16,-12,-16,-12,-16,-10,-17,-10,-17,0,0,12,7,12,7,13,7,13,8,12,7,13,7,13,8,12,7,12,7,12,6,14,7,14,6,14,6,13,6,13,7,14,6,14,5,13,6,13,5,13,5,13,6,13,5,13,5,14,3,15,3,15,3,0,0,15,3,15,2,16,2,15,1,16,1,16,2,17,2,16,2,17,2,17,1,19,0,17,1,18,1,19,1,19,2,20,1,20,1,20,3,20,3,20,4,20,5,19,6,20,6,21,5,20,7,20,8,0,0]"
CSI_DATA: 504,5,111,111,117,110,120,0,-24,-22,46645.968,46647.376,101.870,46931.157,247.397,127.160,"[-2,17,-2,17,-1,17,-2,18,-2,17,-2,17,-2,17,-2,16,-2,17,-1,16,-2,17,-1,17,-1,18,-1,17,-2,17,0,17,-1,17,-1,16,-1,17,-1,17,-2,17,-1,17,-2,15,0,17,-1,18,0,17,0,0,-1,17,0,16,0,17,0,16,0,17,-1,17,-1,16,-1,16,-1,16,-1,15,0,16,-1,15,-1,16,-1,17,-1,15,-1,16,-1,16,-1,16,-2,15,-2,15,-3,15,-3,15,-3,15,-3,15,-3,15,-4,14,0,0,8,-14,8,-15,7,-15,9,-15,8,-14,8,-15,9,-15,8,-14,8,-14,7,-14,8,-16,7,-16,7,-16,7,-15,8,-15,7,-17,6,-16,7,-15,6,-16,7,-15,8,-15,7,-16,7,-15,5,-16,6,-17,6,-18,0,0,6,-17,6,-17,6,-18,5,-17,6,-18,6,-18,7,-18,7,-17,6,-18,6,-18,6,-20,6,-18,6,-18,7,-18,7,-18,7,-19,7,-18,7,-18,8,-18,9,-17,9,-17,10,-16,9,-16,9,-17,10,-17,11,-16,0,0]"
CSI_DATA: 505,6,107,107,114,106,120,0,-24,-20,46649.101,46650.509,157.359,46995.566,311.806,191.569,"[7,8,8,9,8,8,9,9,8,9,9,9,8,9,8,8,8,9,8,8,9,9,9,9,9,9,9,9,9,9,10,8,10,8,10,8,10,8,9,8,9,9,10,8,10,8,11,8,11,9,11,8,0,0,11,8,11,8,11,8,11,7,11,9,11,8,11,9,11,8,11,9,11,8,12,8,10,9,11,8,11,9,11,8,12,9,12,8,12,9,11,9,10,9,10,10,10,9,10,10,11,9,10,10,10,11,0,0,-12,-6,-12,-6,-12,-5,-13,-6,-12,-6,-13,-5,-13,-6,-12,-6,-13,-5,-13,-4,-14,-4,-14,-3,-14,-3,-14,-3,-14,-4,-14,-2,-14,-1,-14,-1,-14,0,-14,-1,-15,-1,-15,0,-15,1,-15,3,-16,2,-17,4,0,0,-16,4,-17,5,-17,5,-17,6,-17,6,-18,6,-18,6,-18,6,-19,7,-19,8,-20,9,-20,9,-20,9,-21,9,-22,9,-22,10,-23,10,-23,10,-24,8,-24,7,-25,7,-25,6,-26,6,-26,7,-27,5,-27,4,0,0]"
CSI_DATA: 506,7,100,100,103,100,120,0,-26,-33,46564.71,46565.479,201.552,47056.763,373.03,252.766,"[-12,7,-12,7,-11,8,-13,8,-12,7,-12,7,-12,7,-11,7,-11,7,-10,7,-11,7,-10,8,-10,8,-10,8,-11,7,-10,8,-9,7,-9,8,-9,8,-10,8,-10,8,-9,9,-9,8,-9,9,-10,10,-9,10,0,0,-9,9,-9,10,-9,10,-9,10,-9,10,-10,10,-10,10,-9,10,-9,10,-9,10,-9,11,-9,10,-10,11,-10,12,-10,11,-10,12,-10,12,-11,12,-11,12,-11,11,-12,11,-12,11,-13,11,-13,13,-14,11,-14,11,0,0,2,-7,2,-7,2,-7,2,-7,1,-7,1,-8,1,-8,1,-8,0,-8,0,-8,0,-9,-1,-9,-1,-9,-1,-8,0,-8,-1,-9,-2,-9,-1,-9,-2,-9,-2,-9,-1,-9,-2,-9,-2,-9,-3,-9,-3,-9,-4,-9,0,0,-4,-9,-5,-10,-5,-10,-5,-10,-5,-10,-5,-10,-5,-11,-5,-11,-6,-11,-5,-11,-7,-12,-6,-11,-6,-11,-6,-12,-6,-12,-6,-13,-6,-13,-6,-13,-5,-14,-5,-14,-4,-14,-4,-14,-4,-14,-5,-14,-3,-15,-2,-15,0,0]"
CSI_DATA: 507,3,101,101,119,100,121,0,-20,-23,47035.947,47037.328,11.485,47207.16,150.253,13.16,"[-3,5,-3,6,-2,6,-3,6,-2,6,-2,6,-2,6,-2,6,-2,6,-2,6,-2,7,-1,7,-1,7,-1,7,-2,7,-1,7,-1,7,-1,7,-1,7,-1,7,-1,7,-1,8,-1,7,0,8,0,8,0,8,0,0,0,8,0,8,0,9,1,8,0,9,0,9,0,9,0,9,1,9,1,9,1,10,0,9,0,9,0,9,0,9,0,10,0,10,0,10,0,10,0,10,-1,10,-1,10,-1,10,-1,10,-2,10,-2,10,0,0,5,3,5,2,5,2,5,2,5,2,5,2,5,2,4,2,4,2,5,2,5,2,5,2,5,2,5,1,5,2,5,1,5,1,5,1,5,1,5,1,5,1,5,0,5,1,5,0,6,0,6,0,0,0,6,0,6,0,6,-1,6,-1,6,-1,6,-1,6,-1,6,-1,6,-1,6,-1,7,-1,6,-1,6,-1,6,-1,7,-1,7,-1,7,-1,7,0,7,0,7,0,7,0,7,0,7,1,7,1,7,1,7,2,0,0]"
CSI_DATA: 508,4,105,105,118,104,121,0,-22,-26,47032.888,47034.270,57.297,47252.635,195.872,58.635,"[-3,11,-2,11,-1,11,-2,12,-2,12,-1,12,-1,12,-1,11,-1,12,0,11,0,13,0,12,1,13,1,12,0,12,2,12,2,12,2,12,2,12,2,13,2,13,3,13,2,12,4,13,4,13,4,13,0,0,5,13,5,13,5,14,6,13,5,14,6,15,6,14,6,14,6,14,6,14,7,15,5,15,5,15,6,15,6,15,6,16,6,16,5,16,5,16,5,16,4,16,3,16,2,17,3,17,1,17,1,17,0,0,-13,12,-12,13,-11,13,-13,13,-12,14,-12,13,-12,13,-11,13,-12,13,-11,13,-12,14,-11,14,-11,13,-11,13,-12,13,-11,13,-10,13,-10,12,-9,13,-10,13,-10,13,-9,13,-9,12,-7,14,-8,14,-7,14,0,0,-6,14,-7,15,-7,15,-5,15,-6,15,-6,16,-6,16,-5,15,-5,16,-5,16,-5,18,-6,17,-6,17,-5,18,-6,18,-5,19,-5,19,-6,19,-6,19,-7,19,-8,19,-9,19,-10,19,-10,20,-12,19,-12,18,0,0]"
CSI_DATA: 509,5,112,112,118,111,121,0,-25,-26,47035.939,47037.321,101.864,47310.433,253.670,116.433,"[-10,-11,-11,-11,-11,-10,-11,-12,-10,-11,-11,-11,-10,-11,-10,-10,-10,-11,-10,-10,-11,-10,-12,-10,-11,-10,-11,-10,-11,-10,-11,-9,-11,-9,-11,-9,-11,-9,-11,-9,-11,-10,-11,-9,-11,-9,-12,-8,-12,-9,-13,-8,0,0,-12,-8,-12,-9,-13,-9,-12,-8,-12,-9,-13,-9,-12,-9,-12,-9,-12,-9,-12,-8,-13,-8,-12,-9,-12,-9,-12,-9,-11,-9,-12,-9,-12,-9,-12,-9,-11,-10,-10,-9,-10,-10,-10,-10,-10,-10,-10,-10,-9,-10,-9,-10,0,0,7,-11,6,-11,6,-12,6,-13,6,-12,6,-13,6,-13,6,-12,6,-13,5,-13,5,-14,5,-14,5,-14,5,-14,6,-14,4,-15,4,-15,4,-14,4,-15,5,-15,5,-15,4,-15,4,-15,3,-16,4,-17,3,-17,0,0,2,-17,3,-17,2,-17,1,-17,2,-18,2,-18,2,-18,1,-17,1,-18,1,-18,0,-20,1,-19,0,-19,0,-20,1,-20,0,-21,0,-21,1,-22,2,-22,2,-22,3,-23,4,-22,4,-23,4,-23,6,-23,6,-24,0,0]"
CSI_DATA: 510,6,108,108,115,107,121,0,-25,-22,47039.72,47040.454,157.352,47381.604,324.841,187.604,"[-10,5,-9,5,-8,6,-10,6,-9,6,-9,7,-9,7,-9,7,-8,7,-8,8,-9,9,-8,9,-8,9,-8,9,-8,10,-8,10,-7,10,-7,10,-7,11,-8,11,-8,11,-7,11,-7,11,-6,12,-7,12,-7,13,0,0,-7,13,-7,13,-7,14,-6,13,-7,14,-8,15,-8,14,-7,14,-8,14,-7,14,-7,15,-8,15,-8,15,-8,16,-8,14,-8,16,-8,16,-9,15,-9,15,-9,14,-10,15,-11,14,-11,14,-11,15,-12,14,-12,13,0,0,-14,5,-15,6,-13,6,-15,6,-14,6,-14,6,-14,7,-14,7,-14,7,-13,7,-14,8,-14,9,-13,8,-13,8,-13,8,-13,9,-12,10,-12,10,-11,11,-12,10,-12,11,-12,11,-11,11,-10,13,-12,13,-11,15,0,0,-11,15,-11,14,-11,16,-10,15,-11,16,-11,16,-11,16,-10,17,-11,18,-10,18,-11,19,-11,18,-12,18,-12,19,-12,19,-13,20,-13,19,-14,20,-14,19,-14,19,-16,19,-16,17,-16,17,-16,18,-19,17,-18,16,0,0]"
CSI_DATA: 511,3,102,102,120,101,122,0,-22,-23,47425.968,47427.337,11.508,47596.915,215.311,12.915,"[14,-5,14,-6,14,-7,15,-6,14,-6,15,-6,14,-6,14,-6,14,-6,14,-7,15,-7,15,-7,15,-8,15,-7,15,-7,15,-9,14,-8,14,-8,14,-9,15,-8,15,-8,15,-8,14,-8,14,-9,15,-9,15,-10,0,0,14,-10,15,-10,15,-11,14,-11,15,-10,15,-11,15,-11,14,-11,14,-11,14,-11,15,-12,15,-11,15,-11,16,-12,15,-12,16,-13,16,-13,16,-13,16,-12,16,-11,17,-11,18,-11,19,-11,19,-12,19,-10,19,-9,0,0,-15,5,-15,5,-14,6,-15,5,-14,5,-14,5,-14,5,-13,5,-13,5,-13,5,-13,6,-12,6,-12,6,-12,6,-12,6,-12,7,-11,7,-10,7,-10,8,-11,8,-11,8,-10,8,-10,8,-9,9,-10,9,-9,10,0,0,-8,10,-8,11,-8,12,-8,12,-9,12,-9,12,-8,12,-8,13,-8,13,-8,13,-8,15,-9,14,-9,14,-9,14,-9,15,-9,16,-10,16,-11,16,-11,16,-12,15,-13,15,-13,15,-14,15,-14,15,-15,14,-15,13,0,0]"
CSI_DATA: 512,4,106,106,119,105,122,0,-23,-27,47422.910,47424.280,57.315,47653.532,271.928,69.532,"[-5,11,-4,11,-3,11,-4,12,-4,11,-4,12,-4,12,-3,11,-3,12,-3,12,-3,13,-2,12,-2,13,-2,12,-3,12,-1,13,-1,12,-1,12,0,12,-1,12,-1,13,0,12,0,12,1,13,1,13,1,13,0,0,2,13,2,13,3,14,3,13,3,14,3,14,3,14,3,14,3,14,3,14,4,16,3,15,3,15,3,15,3,15,4,16,3,17,3,17,3,16,2,16,1,17,1,16,0,17,0,17,-1,17,-2,17,0,0,17,-1,18,-2,17,-3,20,-2,18,-2,19,-1,19,-1,18,-1,18,-1,17,-2,20,-1,19,-2,19,-2,18,-1,19,-1,19,-2,18,-3,17,-1,17,-3,17,-2,17,-2,17,-3,16,-2,17,-4,17,-3,17,-5,0,0,17,-5,16,-5,17,-6,17,-6,17,-6,18,-6,17,-6,17,-6,17,-6,17,-7,18,-8,17,-7,17,-7,18,-7,18,-7,20,-7,19,-7,20,-7,19,-6,19,-6,20,-4,19,-5,19,-4,20,-5,20,-3,20,-2,0,0]"
CSI_DATA: 513,5,113,113,119,112,122,0,-28,-21,47425.961,47427.330,101.874,47715.598,333.994,131.598,"[6,20,6,20,7,19,7,21,6,20,6,20,6,20,6,19,6,19,6,19,7,20,7,19,8,19,7,19,6,19,9,18,8,17,8,17,8,17,8,18,8,18,8,18,8,17,10,17,10,19,10,18,0,0,10,17,11,18,11,18,11,17,11,18,11,18,11,19,11,18,11,18,11,18,12,19,10,19,10,18,10,19,10,18,11,19,10,20,10,19,9,19,9,18,8,19,8,19,7,20,8,19,7,19,6,19,0,0,13,-8,13,-8,12,-8,14,-9,13,-8,14,-8,14,-8,13,-8,14,-8,13,-8,14,-9,14,-10,14,-10,13,-9,14,-9,14,-11,13,-10,13,-9,13,-10,13,-10,14,-9,13,-10,13,-9,12,-11,13,-11,13,-12,0,0,12,-12,13,-13,13,-13,12,-13,13,-13,13,-13,13,-13,13,-13,13,-14,13,-13,13,-15,13,-14,13,-14,14,-14,13,-14,14,-16,14,-15,14,-15,15,-14,15,-13,16,-13,16,-12,16,-13,16,-14,17,-12,18,-11,0,0]"
CSI_DATA: 514,6,109,109,116,108,122,0,-24,-21,47429.94,47430.463,157.247,47781.61,399.457,197.61,"[-3,-9,-4,-9,-4,-9,-4,-10,-5,-9,-5,-9,-6,-9,-5,-9,-6,-9,-6,-9,-7,-9,-7,-9,-7,-9,-7,-9,-8,-9,-9,-9,-9,-8,-8,-8,-9,-9,-10,-9,-9,-9,-9,-8,-10,-9,-11,-8,-11,-9,-11,-8,0,0,-12,-8,-12,-9,-13,-8,-13,-8,-13,-8,-13,-9,-13,-9,-13,-8,-14,-8,-14,-8,-15,-9,-14,-10,-14,-9,-15,-10,-15,-9,-16,-9,-16,-10,-16,-10,-16,-10,-15,-10,-16,-11,-15,-12,-15,-13,-15,-12,-15,-13,-14,-13,0,0,-6,14,-6,14,-5,15,-6,16,-6,15,-6,15,-6,15,-6,15,-6,15,-5,15,-6,16,-5,16,-4,16,-4,16,-4,16,-3,17,-2,16,-2,16,-1,16,-2,17,-2,17,-1,17,-1,17,2,17,1,18,2,19,0,0,2,18,3,19,3,19,4,20,3,20,3,21,3,21,3,20,4,21,4,21,6,22,4,22,4,21,4,22,4,23,5,23,4,23,4,24,3,24,3,24,2,25,2,23,1,25,1,24,-1,25,-2,24,0,0]"
CSI_DATA: 515,7,101,101,105,101,122,0,-26,-31,47344.66,47345.435,201.571,47847.85,465.481,263.85,"[17,-1,16,-1,16,-2,17,-1,16,0,16,0,16,-1,15,0,15,0,14,-1,16,0,15,-1,15,0,15,0,14,0,15,-1,13,-1,13,0,12,-1,12,0,12,0,12,-1,11,0,11,-1,11,-1,11,-2,0,0,10,-3,10,-3,10,-4,10,-4,10,-4,10,-5,10,-5,10,-5,10,-5,9,-6,10,-7,10,-6,10,-7,10,-8,11,-8,12,-9,12,-8,12,-8,13,-8,13,-8,14,-8,14,-9,15,-8,16,-8,16,-7,17,-6,0,0,2,-5,2,-5,2,-5,3,-5,3,-4,3,-4,3,-4,3,-4,3,-4,3,-4,3,-4,3,-4,3,-5,2,-5,3,-5,3,-6,2,-6,3,-6,3,-7,3,-7,4,-8,4,-8,5,-8,4,-8,5,-9,5,-10,0,0,5,-10,5,-10,5,-11,5,-11,5,-11,6,-11,6,-11,6,-11,6,-13,6,-12,6,-14,6,-12,6,-13,6,-13,6,-14,6,-15,6,-15,6,-15,6,-15,6,-15,7,-15,6,-14,7,-15,6,-16,8,-15,9,-15,0,0]"
CSI_DATA: 516,3,103,103,121,102,123,0,-21,-22,47815.964,47817.391,11.567,47986.941,139.856,12.943,"[-1,-13,-2,-13,-3,-13,-2,-15,-2,-14,-2,-14,-3,-14,-2,-13,-3,-14,-3,-13,-3,-15,-3,-14,-3,-14,-4,-14,-3,-14,-5,-14,-5,-14,-4,-14,-5,-14,-5,-14,-4,-14,-5,-14,-4,-14,-6,-14,-6,-15,-7,-15,0,0,-7,-15,-7,-15,-8,-16,-8,-15,-7,-16,-8,-16,-8,-16,-8,-16,-8,-16,-8,-16,-8,-17,-7,-17,-8,-17,-8,-17,-8,-17,-8,-18,-8,-18,-8,-18,-7,-18,-7,-18,-6,-19,-6,-19,-5,-19,-6,-20,-4,-20,-4,-20,0,0,-14,7,-14,8,-13,8,-15,8,-14,8,-15,8,-14,8,-14,8,-14,8,-13,8,-14,9,-13,9,-13,9,-12,9,-13,9,-12,10,-12,10,-11,9,-11,10,-12,10,-12,10,-11,11,-11,10,-10,12,-11,12,-11,13,0,0,-10,13,-10,13,-10,14,-9,14,-10,14,-10,15,-10,15,-9,15,-10,15,-9,15,-9,17,-9,16,-10,16,-10,17,-10,17,-11,18,-10,18,-11,18,-12,17,-12,16,-14,17,-14,16,-14,16,-14,17,-15,15,-16,15,0,0]"
CSI_DATA: 517,4,107,107,120,106,123,0,-25,-25,47812.907,47814.335,57.330,48047.724,200.639,73.726,"[0,-11,0,-12,-1,-12,-1,-13,-1,-12,-1,-12,-2,-13,-1,-12,-2,-12,-2,-12,-2,-13,-3,-13,-3,-13,-3,-13,-2,-13,-4,-13,-4,-12,-3,-12,-4,-13,-4,-13,-4,-13,-5,-12,-4,-12,-6,-12,-5,-13,-6,-13,0,0,-6,-13,-7,-13,-7,-13,-7,-12,-7,-13,-7,-13,-7,-14,-7,-13,-8,-14,-8,-13,-8,-14,-8,-14,-8,-14,-8,-15,-8,-14,-8,-15,-8,-15,-8,-16,-7,-15,-6,-16,-6,-16,-5,-16,-5,-16,-5,-16,-3,-16,-3,-16,0,0,19,-2,19,-3,19,-4,20,-3,19,-3,19,-2,19,-2,19,-2,19,-2,18,-3,20,-3,19,-4,19,-4,19,-4,19,-2,20,-4,18,-4,18,-4,18,-5,18,-4,18,-4,18,-4,17,-4,17,-7,18,-6,18,-7,0,0,17,-7,18,-7,18,-8,18,-8,18,-8,18,-8,18,-8,18,-8,19,-8,18,-8,19,-10,19,-9,19,-9,20,-9,20,-9,21,-10,20,-9,21,-9,21,-8,21,-7,22,-7,21,-6,22,-6,22,-7,22,-5,23,-4,0,0]"
CSI_DATA: 518,5,114,114,120,113,123,0,-24,-21,47815.958,47817.386,101.881,48116.939,269.854,142.941,"[9,13,10,14,10,13,10,14,9,14,9,13,9,13,8,13,8,13,8,12,9,14,9,13,9,13,9,12,8,13,9,11,9,11,8,10,9,11,8,11,8,11,9,10,8,10,10,9,10,10,10,10,0,0,10,9,10,9,11,10,11,9,11,9,11,10,10,10,10,9,11,9,11,9,12,9,11,10,11,9,11,10,11,10,12,10,11,10,11,10,10,11,10,11,10,11,9,12,9,12,10,12,8,12,8,12,0,0,-13,7,-14,7,-12,8,-14,8,-13,8,-14,8,-14,8,-13,8,-13,8,-13,8,-13,10,-13,11,-13,11,-12,11,-13,10,-12,12,-12,12,-12,11,-12,12,-13,12,-13,12,-12,13,-12,12,-11,14,-12,15,-11,16,0,0,-11,15,-12,15,-12,17,-11,17,-12,17,-13,17,-13,17,-13,17,-13,18,-12,18,-12,20,-12,18,-13,18,-14,19,-14,19,-14,21,-14,20,-15,20,-16,19,-16,19,-17,19,-17,17,-18,18,-18,19,-19,17,-20,17,0,0]"
CSI_DATA: 519,6,110,110,117,109,123,0,-24,-23,47819.91,47820.519,157.369,48182.594,335.509,208.596,"[3,-9,3,-10,3,-10,3,-11,2,-10,2,-11,2,-11,2,-10,2,-11,1,-11,2,-12,1,-12,1,-12,1,-12,1,-13,0,-13,0,-13,0,-13,-1,-13,0,-13,0,-14,-1,-14,0,-13,-1,-14,0,-15,-1,-14,0,0,-2,-14,-2,-15,-2,-15,-2,-15,-2,-16,-2,-16,-2,-16,-2,-16,-2,-16,-2,-16,-3,-17,-2,-17,-2,-17,-3,-17,-3,-17,-3,-18,-3,-18,-3,-18,-2,-18,-1,-18,-1,-18,-1,-19,0,-19,0,-20,1,-19,2,-19,0,0,10,13,11,13,11,12,11,13,10,12,11,13,11,12,11,12,11,13,11,12,12,13,13,12,13,12,13,11,12,12,14,11,14,10,13,11,14,10,13,10,14,11,14,10,14,10,16,8,16,9,17,8,0,0,17,8,17,8,18,8,18,7,19,8,19,8,19,8,19,8,20,8,20,7,22,7,21,7,21,7,22,8,22,9,22,9,22,9,23,10,22,10,21,11,22,13,21,13,21,13,22,13,21,15,20,16,0,0]"
CSI_DATA: 520,7,102,102,106,102,123,0,-24,-29,47734.63,47735.491,201.592,48247.592,400.507,273.594,"[14,-10,14,-10,13,-11,15,-11,13,-10,14,-10,14,-10,13,-9,13,-10,12,-9,14,-10,13,-10,13,-9,12,-9,13,-9,12,-10,10,-9,10,-9,10,-10,10,-9,10,-9,9,-10,8,-9,7,-11,8,-11,7,-12,0,0,6,-12,6,-13,6,-13,5,-13,5,-14,6,-14,6,-14,6,-14,5,-15,5,-15,5,-17,5,-16,5,-17,6,-17,6,-17,6,-19,6,-19,7,-19,8,-19,8,-19,9,-19,9,-19,10,-19,10,-20,12,-19,13,-18,0,0,10,-15,10,-16,9,-16,12,-17,11,-15,12,-15,11,-15,11,-14,11,-14,11,-13,12,-14,10,-14,10,-13,10,-13,10,-12,8,-13,7,-13,7,-12,6,-13,7,-13,7,-14,6,-14,6,-14,4,-15,5,-16,5,-17,0,0,4,-16,5,-17,4,-18,4,-17,5,-18,5,-18,5,-18,5,-17,4,-18,4,-17,4,-20,4,-18,4,-18,4,-19,4,-19,4,-20,4,-20,5,-20,5,-20,6,-19,6,-20,7,-19,7,-19,6,-20,8,-19,9,-19,0,0]"
CSI_DATA: 521,3,104,104,122,103,124,0,-20,-22,48205.943,48207.331,11.527,48376.840,129.248,12.841,"[4,13,4,13,5,13,5,14,5,13,5,14,5,13,5,13,5,14,5,13,6,14,6,14,6,14,6,14,6,14,7,14,7,13,6,13,7,14,7,14,7,14,7,14,6,13,8,13,8,14,9,14,0,0,9,13,9,14,10,14,9,13,9,14,10,15,9,14,9,14,10,14,10,14,11,14,9,14,10,14,10,15,10,14,10,15,10,15,10,15,9,15,9,15,8,16,8,15,7,15,8,15,6,16,6,16,0,0,-16,4,-17,5,-15,5,-17,5,-16,5,-16,5,-16,5,-15,4,-15,5,-15,5,-16,6,-15,7,-14,6,-14,7,-14,6,-14,7,-13,7,-13,7,-13,8,-13,8,-13,7,-13,8,-12,8,-11,10,-12,10,-12,11,0,0,-12,11,-12,12,-12,13,-11,12,-12,13,-12,13,-12,13,-12,13,-12,14,-12,14,-12,16,-12,14,-13,14,-14,16,-13,15,-14,16,-14,16,-15,16,-15,16,-16,14,-17,14,-17,14,-17,13,-17,15,-18,13,-19,12,0,0]"
CSI_DATA: 522,4,108,108,121,107,124,0,-23,-24,48202.887,48204.275,57.334,48429.377,181.785,65.378,"[3,11,4,12,5,11,5,13,4,12,5,12,5,12,5,12,5,12,6,11,6,12,7,12,7,12,7,12,6,12,8,11,8,11,7,11,8,11,8,12,8,12,8,11,8,11,9,10,10,12,10,11,0,0,10,11,11,11,11,11,11,11,11,12,11,12,11,12,11,12,12,12,11,11,13,12,11,12,11,12,12,13,11,12,12,14,12,13,12,14,11,14,10,14,9,15,9,15,9,15,9,15,7,15,7,16,0,0,3,-16,3,-16,2,-16,3,-17,3,-16,3,-16,2,-16,3,-15,3,-15,2,-14,2,-16,1,-15,1,-15,1,-15,2,-15,1,-15,0,-14,1,-14,0,-14,0,-14,1,-14,0,-14,0,-13,-2,-14,-2,-15,-2,-15,0,0,-2,-14,-3,-15,-3,-15,-4,-14,-3,-15,-3,-15,-3,-16,-3,-15,-4,-16,-4,-15,-5,-16,-4,-16,-4,-16,-4,-17,-4,-17,-5,-18,-5,-18,-4,-18,-3,-19,-3,-18,-2,-19,-1,-19,-1,-19,-2,-20,0,-20,0,-20,0,0]"
CSI_DATA: 523,5,115,115,121,114,124,0,-27,-21,48205.938,48207.326,101.950,48493.786,246.194,129.787,"[16,1,17,0,16,-1,18,0,16,0,17,1,17,0,16,1,16,1,15,0,18,0,17,0,17,1,17,0,17,2,16,0,16,0,15,0,16,0,16,1,16,1,15,0,15,1,15,-1,16,0,16,-1,0,0,15,-1,15,-1,16,-1,14,-1,16,-1,16,-1,16,-1,15,-1,15,-1,14,-1,16,-2,15,0,16,-1,16,-1,14,-1,16,-1,15,-1,16,0,16,0,15,0,16,1,15,1,15,1,16,2,15,2,15,2,0,0,-15,-3,-15,-3,-15,-2,-16,-3,-15,-2,-16,-3,-15,-2,-16,-2,-15,-2,-15,-2,-16,-1,-16,0,-16,-1,-16,0,-16,-1,-17,0,-16,1,-16,0,-16,1,-17,0,-17,0,-16,1,-16,1,-16,3,-17,2,-17,3,0,0,-17,3,-18,4,-18,4,-17,4,-18,4,-19,4,-19,4,-19,4,-19,4,-18,5,-20,6,-19,4,-19,4,-20,5,-20,5,-21,5,-20,5,-22,4,-22,4,-21,3,-22,2,-22,1,-22,1,-23,2,-23,0,-23,-1,0,0]"
CSI_DATA: 524,6,111,111,118,110,124,0,-21,-28,48209.72,48210.459,157.389,48557.16,309.424,193.17,"[7,6,8,6,8,5,8,6,8,6,9,6,9,6,9,5,9,5,9,5,10,5,10,5,11,5,10,4,11,5,11,3,11,3,11,3,12,3,12,3,13,4,12,3,12,3,13,2,14,3,14,2,0,0,15,2,15,2,16,2,15,2,16,2,16,2,16,2,16,2,17,2,17,2,18,2,17,3,17,3,18,3,17,3,19,3,18,4,18,4,18,4,17,5,18,6,17,7,17,7,17,6,17,8,17,8,0,0,-7,-18,-7,-18,-7,-17,-7,-19,-6,-17,-6,-18,-6,-17,-6,-17,-6,-17,-6,-16,-7,-17,-7,-16,-7,-16,-7,-16,-7,-16,-8,-15,-8,-15,-8,-14,-8,-15,-8,-15,-7,-15,-8,-15,-7,-14,-10,-14,-9,-15,-11,-15,0,0,-10,-14,-10,-14,-11,-15,-11,-13,-10,-15,-10,-14,-10,-15,-10,-15,-10,-14,-11,-14,-13,-15,-11,-14,-11,-14,-12,-15,-11,-14,-12,-15,-12,-15,-12,-15,-11,-16,-10,-16,-10,-17,-10,-16,-10,-16,-11,-17,-9,-18,-9,-18,0,0]"
CSI_DATA: 525,7,103,103,107,103,124,0,-27,-25,48124.44,48125.432,201.591,48623.69,375.477,259.70,"[-14,-5,-14,-4,-14,-3,-15,-4,-15,-3,-15,-3,-15,-3,-14,-3,-15,-3,-14,-2,-16,-3,-16,-2,-15,-3,-15,-4,-15,-4,-14,-3,-13,-3,-12,-3,-12,-2,-12,-2,-12,-1,-11,0,-11,0,-11,1,-11,1,-11,3,0,0,-11,5,-11,5,-11,5,-10,6,-11,7,-11,7,-12,8,-12,9,-12,10,-11,10,-13,11,-13,10,-14,10,-14,12,-14,12,-15,13,-16,13,-16,14,-16,13,-17,13,-18,13,-19,12,-20,12,-21,13,-22,11,-22,11,0,0,-22,0,-22,0,-21,1,-23,0,-22,0,-21,-1,-21,0,-20,-1,-20,-1,-19,-1,-21,-1,-20,0,-20,0,-19,0,-19,-1,-19,1,-18,1,-17,1,-18,1,-18,1,-18,0,-17,0,-16,0,-17,3,-18,2,-18,3,0,0,-17,3,-17,2,-18,2,-17,2,-17,1,-17,1,-17,1,-16,1,-16,1,-15,1,-16,1,-15,0,-15,0,-15,0,-14,0,-14,0,-13,0,-14,0,-13,-1,-12,-1,-12,-1,-11,-2,-11,-2,-11,-2,-10,-2,-11,-2,0,0]"
CSI_DATA: 526,3,105,105,122,104,125,0,-20,-20,48205.943,48601.379,15.625,48771.18,147.949,17.19,"[4,13,4,13,5,13,5,14,5,13,5,14,5,13,5,13,5,14,5,13,6,14,6,14,6,14,6,14,6,14,7,14,7,13,6,13,7,14,7,14,7,14,7,14,6,13,8,13,8,14,9,14,0,0,9,13,9,14,10,14,9,13,9,14,10,15,9,14,9,14,10,14,10,14,11,14,9,14,10,14,10,15,10,14,10,15,10,15,10,15,9,15,9,15,8,16,8,15,7,15,8,15,6,16,6,16,0,0,-8,-3,-8,-2,-9,-2,-9,-3,-9,-2,-9,-2,-9,-2,-8,-2,-9,-2,-9,-2,-9,-2,-9,-2,-9,-2,-9,-2,-9,-2,-9,-1,-9,-1,-9,-2,-9,-1,-9,-2,-9,-2,-9,-1,-9,-2,-9,-1,-10,-1,-10,-1,0,0,-10,-1,-10,-1,-10,0,-10,0,-10,-1,-10,-1,-10,-1,-10,-1,-10,-1,-10,-1,-10,-1,-10,-1,-10,-1,-10,-1,-10,-1,-10,-1,-10,-1,-10,-1,-10,-2,-9,-2,-10,-2,-9,-2,-9,-2,-9,-2,-9,-3,-9,-3,0,0]"
CSI_DATA: 527,4,109,109,122,108,125,0,-62,-25,48592.897,48598.324,57.351,48822.771,199.702,68.772,"[48,-2,47,-32,73,-17,55,9,62,-1,37,26,94,-22,57,-20,49,-26,60,-7,85,-24,98,-29,101,-11,83,-1,35,-15,84,-6,51,-33,69,18,38,-34,52,-30,67,6,42,-29,29,-18,26,-26,39,-23,33,-6,0,0,14,-34,17,-28,6,-21,-4,-14,7,-28,6,-43,1,-48,8,-33,6,-30,3,-21,4,-26,-13,-18,-4,-35,-9,-7,-4,-11,-13,-17,-2,-21,-5,-16,-7,-17,5,-27,-32,-11,-31,-28,-4,0,-4,-6,-22,-4,-10,-17,0,0,11,-12,11,-12,11,-13,12,-12,11,-12,11,-11,11,-12,11,-11,11,-11,11,-11,11,-12,11,-12,10,-12,10,-12,11,-11,10,-12,9,-12,9,-11,9,-12,10,-11,10,-11,10,-11,9,-11,8,-12,9,-12,8,-12,0,0,8,-12,8,-13,8,-13,7,-13,7,-13,8,-13,8,-13,7,-13,7,-13,7,-13,7,-15,7,-14,7,-14,7,-14,7,-15,7,-15,7,-16,8,-15,8,-15,9,-14,10,-15,10,-15,11,-14,10,-16,11,-15,12,-14,0,0]"
CSI_DATA: 528,5,116,116,121,115,125,0,-27,-26,48205.938,48601.375,111.922,48892.522,269.453,138.523,"[16,1,17,0,16,-1,18,0,16,0,17,1,17,0,16,1,16,1,15,0,18,0,17,0,17,1,17,0,17,2,16,0,16,0,15,0,16,0,16,1,16,1,15,0,15,1,15,-1,16,0,16,-1,0,0,15,-1,15,-1,16,-1,14,-1,16,-1,16,-1,16,-1,15,-1,15,-1,14,-1,16,-2,15,0,16,-1,16,-1,14,-1,16,-1,15,-1,16,0,16,0,15,0,16,1,15,1,15,1,16,2,15,2,15,2,0,0,13,7,13,7,14,6,15,7,14,7,14,7,14,7,13,7,14,7,13,6,15,7,15,6,15,6,14,6,14,7,16,5,14,4,14,5,14,4,15,5,15,6,15,4,14,5,15,3,16,4,16,3,0,0,15,3,17,2,17,2,16,2,17,2,17,2,17,2,16,2,17,1,17,1,18,1,17,2,17,2,18,2,18,1,19,1,19,1,19,2,19,2,18,3,19,4,18,3,19,4,20,3,19,5,18,6,0,0]"
CSI_DATA: 529,6,112,112,118,111,125,0,-21,-28,48209.72,48604.509,157.409,48950.07,326.938,196.08,"[7,6,8,6,8,5,8,6,8,6,9,6,9,6,9,5,9,5,9,5,10,5,10,5,11,5,10,4,11,5,11,3,11,3,11,3,12,3,12,3,13,4,12,3,12,3,13,2,14,3,14,2,0,0,15,2,15,2,16,2,15,2,16,2,16,2,16,2,16,2,17,2,17,2,18,2,17,3,17,3,18,3,17,3,19,3,18,4,18,4,18,4,17,5,18,6,17,7,17,7,17,6,17,8,17,8,0,0,-17,3,-17,3,-17,4,-18,2,-17,2,-18,2,-17,2,-17,1,-17,1,-16,1,-18,1,-17,2,-17,2,-16,2,-16,2,-16,4,-15,4,-15,3,-15,4,-16,4,-16,3,-16,5,-16,4,-15,6,-17,6,-17,7,0,0,-16,7,-16,8,-17,8,-16,8,-17,8,-17,8,-17,8,-16,8,-17,9,-17,9,-18,10,-18,10,-18,9,-18,9,-18,10,-18,10,-19,10,-19,10,-19,9,-20,9,-20,8,-20,8,-20,8,-20,8,-21,7,-21,6,0,0]"
CSI_DATA: 530,7,104,104,107,104,125,0,-27,-21,48124.44,48519.482,211.616,49009.540,386.471,255.541,"[-14,-5,-14,-4,-14,-3,-15,-4,-15,-3,-15,-3,-15,-3,-14,-3,-15,-3,-14,-2,-16,-3,-16,-2,-15,-3,-15,-4,-15,-4,-14,-3,-13,-3,-12,-3,-12,-2,-12,-2,-12,-1,-11,0,-11,0,-11,1,-11,1,-11,3,0,0,-11,5,-11,5,-11,5,-10,6,-11,7,-11,7,-12,8,-12,9,-12,10,-11,10,-13,11,-13,10,-14,10,-14,12,-14,12,-15,13,-16,13,-16,14,-16,13,-17,13,-18,13,-19,12,-20,12,-21,13,-22,11,-22,11,0,0,3,-19,3,-18,2,-18,4,-19,3,-18,4,-18,3,-17,4,-17,4,-16,3,-15,4,-16,3,-16,2,-15,2,-14,2,-14,0,-15,0,-14,0,-14,-1,-14,0,-15,0,-15,-1,-15,0,-15,-2,-15,-1,-16,-2,-16,0,0,-2,-16,-2,-16,-3,-16,-3,-16,-2,-16,-2,-16,-2,-16,-1,-16,-2,-16,-2,-16,-2,-17,-1,-16,-1,-16,-1,-16,-1,-16,-1,-17,-1,-17,-1,-16,0,-16,0,-15,1,-16,1,-15,1,-15,1,-15,2,-15,3,-15,0,0]"
CSI_DATA: 531,3,106,106,123,105,126,0,-20,-20,48985.946,48987.328,11.553,49156.886,147.346,12.887,"[4,3,4,3,5,3,5,3,5,3,5,3,5,3,5,3,5,3,5,2,6,2,6,2,6,2,6,2,6,2,7,2,6,1,6,2,7,1,7,1,7,2,7,1,7,2,8,1,8,1,8,1,0,0,8,0,9,0,9,0,9,0,9,1,10,0,10,0,10,0,10,0,10,0,10,0,10,1,10,0,10,0,10,1,11,0,11,1,11,1,11,1,10,1,11,2,11,2,11,2,11,2,10,3,10,3,0,0,-1,-15,-2,-16,-3,-15,-2,-17,-2,-16,-2,-16,-2,-16,-2,-15,-3,-15,-3,-15,-4,-16,-5,-16,-5,-16,-5,-15,-4,-16,-6,-16,-6,-15,-6,-15,-7,-15,-6,-15,-6,-16,-7,-15,-7,-15,-9,-15,-9,-16,-10,-16,0,0,-10,-15,-10,-16,-12,-16,-12,-16,-11,-16,-11,-17,-11,-17,-11,-17,-12,-17,-12,-17,-14,-18,-12,-18,-12,-18,-12,-19,-12,-18,-12,-19,-12,-19,-12,-19,-10,-20,-10,-20,-9,-21,-8,-20,-8,-20,-9,-21,-8,-21,-7,-20,0,0]"
CSI_DATA: 532,4,110,110,123,109,126,0,-24,-30,48982.893,48984.275,57.360,49209.952,200.412,65.953,"[-8,12,-8,12,-7,13,-8,13,-8,13,-8,13,-8,12,-7,12,-8,13,-7,13,-7,14,-7,14,-7,14,-7,13,-7,13,-6,14,-5,13,-6,13,-5,13,-6,13,-6,13,-5,13,-5,13,-4,14,-5,14,-4,15,0,0,-3,14,-4,15,-3,15,-3,15,-3,15,-4,15,-4,15,-4,15,-4,15,-4,15,-3,16,-4,15,-4,15,-4,15,-4,15,-4,16,-5,16,-5,15,-6,15,-6,14,-7,15,-7,14,-7,14,-7,14,-8,13,-8,12,0,0,4,12,4,11,5,11,4,12,4,11,4,10,4,11,4,10,5,10,5,9,6,10,6,10,6,10,6,10,5,10,7,9,7,8,7,9,7,8,6,9,6,9,7,9,7,9,8,8,8,9,9,9,0,0,9,8,9,8,9,8,9,9,10,9,9,9,10,10,10,9,10,10,11,10,12,10,10,10,11,10,11,10,11,10,12,11,11,11,12,12,11,12,11,13,11,14,10,13,10,14,11,14,10,15,10,16,0,0]"
CSI_DATA: 533,5,117,117,122,116,126,0,-24,-40,48985.943,48987.325,101.927,49270.426,260.886,126.427,"[12,-13,13,-13,11,-14,13,-14,12,-13,13,-13,12,-13,12,-13,12,-12,11,-13,12,-14,11,-14,11,-14,11,-14,12,-13,11,-14,10,-14,10,-13,10,-14,11,-13,11,-13,10,-14,11,-13,9,-14,10,-15,10,-15,0,0,9,-14,10,-14,10,-15,9,-14,10,-14,10,-15,10,-14,9,-14,10,-14,9,-13,9,-15,9,-14,9,-14,9,-14,9,-14,10,-14,9,-14,10,-13,10,-13,10,-12,10,-12,10,-12,11,-11,10,-12,11,-11,11,-10,0,0,-7,-3,-7,-3,-7,-3,-7,-5,-7,-5,-7,-5,-7,-5,-7,-5,-7,-5,-7,-6,-8,-6,-8,-6,-8,-7,-9,-7,-8,-8,-10,-8,-10,-8,-9,-9,-10,-9,-10,-10,-9,-10,-10,-10,-9,-11,-10,-11,-11,-11,-11,-11,0,0,-11,-11,-12,-12,-12,-12,-12,-12,-13,-13,-13,-13,-13,-13,-13,-12,-13,-12,-13,-13,-14,-13,-13,-13,-13,-13,-13,-13,-13,-12,-14,-12,-15,-12,-14,-12,-13,-12,-13,-12,-13,-12,-14,-11,-14,-12,-15,-12,-14,-12,-15,-12,0,0]"
CSI_DATA: 534,6,113,113,119,112,126,0,-29,-21,48989.77,48990.459,157.414,49344.426,334.886,200.427,"[0,-9,0,-9,0,-10,0,-11,-1,-10,-1,-11,-1,-11,-2,-11,-2,-11,-2,-11,-3,-12,-3,-12,-3,-12,-4,-13,-3,-13,-4,-14,-4,-12,-4,-13,-4,-13,-4,-14,-4,-14,-4,-13,-4,-14,-6,-14,-5,-15,-6,-14,0,0,-6,-14,-6,-16,-6,-15,-6,-15,-6,-16,-6,-16,-5,-16,-6,-16,-6,-16,-6,-16,-7,-17,-5,-17,-6,-17,-6,-17,-6,-17,-6,-17,-5,-18,-6,-18,-4,-18,-3,-17,-3,-17,-2,-18,-2,-18,-3,-17,-2,-18,-2,-17,0,0,-5,-14,-5,-14,-6,-14,-6,-15,-6,-14,-6,-14,-6,-14,-6,-14,-7,-14,-7,-14,-7,-15,-8,-15,-8,-14,-8,-14,-8,-14,-10,-14,-10,-13,-9,-13,-10,-13,-11,-13,-10,-14,-11,-13,-11,-13,-13,-12,-14,-13,-15,-12,0,0,-15,-12,-16,-13,-16,-13,-16,-12,-17,-13,-17,-13,-18,-13,-17,-13,-19,-13,-18,-13,-20,-14,-19,-13,-19,-14,-19,-15,-19,-15,-20,-15,-20,-15,-20,-16,-19,-17,-18,-17,-18,-18,-17,-18,-17,-18,-18,-18,-16,-20,-15,-20,0,0]"
CSI_DATA: 535,3,107,107,124,106,127,0,-22,-21,49375.939,49377.331,11.534,49546.963,202.537,12.964,"[-15,-2,-15,-2,-15,-1,-16,-2,-15,-1,-15,-2,-15,-2,-15,-1,-15,-1,-15,0,-16,0,-16,0,-16,0,-16,1,-16,0,-16,2,-16,1,-15,2,-16,2,-17,2,-16,2,-16,3,-16,2,-17,4,-18,4,-17,4,0,0,-17,5,-18,4,-19,5,-17,5,-19,5,-19,5,-19,5,-18,5,-19,5,-18,5,-20,6,-19,5,-20,5,-20,5,-19,5,-21,6,-21,6,-21,5,-21,4,-20,4,-22,3,-21,3,-21,2,-22,3,-21,2,-22,1,0,0,3,14,3,14,4,14,4,15,4,15,3,15,3,15,4,14,3,15,4,14,4,15,5,15,5,15,5,15,4,15,7,15,6,14,6,14,6,14,6,15,6,16,7,15,6,15,8,14,8,16,9,16,0,0,9,15,9,16,9,17,10,16,9,17,9,18,8,17,8,17,9,18,9,17,10,18,9,17,9,17,8,18,9,18,9,19,9,18,8,18,7,19,7,18,7,19,5,19,6,19,6,19,5,19,4,19,0,0]"
CSI_DATA: 536,4,111,111,124,110,127,0,-24,-34,49372.887,49374.278,57.358,49597.43,252.617,63.44,"[12,2,13,2,12,1,14,2,12,2,13,2,13,1,12,1,12,1,12,1,13,1,13,0,13,0,13,0,13,1,13,-1,13,-1,11,-1,13,-1,13,-1,13,-1,12,-2,12,-1,12,-3,13,-2,13,-3,0,0,13,-4,13,-4,14,-4,12,-4,14,-4,14,-4,14,-4,13,-4,13,-5,13,-5,14,-5,14,-4,14,-5,15,-5,14,-4,15,-5,15,-5,15,-4,15,-4,15,-4,15,-3,15,-2,15,-2,16,-2,15,-1,16,-1,0,0,-10,12,-10,11,-9,12,-10,11,-9,11,-9,10,-9,10,-8,10,-9,9,-8,9,-8,10,-7,10,-7,10,-7,10,-8,9,-7,10,-6,9,-6,9,-6,9,-6,9,-6,9,-6,9,-6,9,-4,9,-5,10,-5,10,0,0,-4,10,-5,10,-5,10,-4,11,-5,10,-5,11,-5,10,-5,10,-5,11,-5,11,-5,12,-5,11,-6,11,-6,11,-6,11,-6,11,-6,11,-7,11,-7,11,-7,10,-8,10,-7,9,-8,9,-7,9,-8,9,-8,9,0,0]"
CSI_DATA: 537,5,118,118,123,117,127,0,-23,-29,49375.937,49377.328,101.905,49659.83,314.657,125.84,"[-5,-17,-6,-17,-6,-16,-6,-18,-6,-16,-5,-17,-5,-16,-6,-16,-5,-16,-6,-15,-6,-17,-6,-16,-7,-16,-6,-16,-6,-16,-7,-16,-7,-15,-7,-14,-8,-15,-7,-16,-7,-15,-8,-15,-7,-14,-9,-14,-8,-16,-9,-15,0,0,-9,-15,-9,-15,-10,-16,-9,-14,-9,-16,-9,-16,-9,-16,-9,-15,-10,-15,-9,-15,-10,-16,-9,-16,-9,-16,-10,-16,-8,-15,-9,-17,-9,-16,-9,-16,-8,-16,-7,-16,-7,-17,-6,-17,-6,-16,-6,-17,-5,-16,-5,-17,0,0,2,-18,2,-18,1,-19,2,-19,2,-19,2,-18,2,-19,2,-18,3,-18,2,-18,2,-20,1,-19,1,-19,1,-19,2,-19,1,-21,1,-19,1,-20,1,-19,2,-19,3,-20,2,-20,3,-19,0,-19,2,-20,1,-20,0,0,1,-19,1,-20,1,-20,1,-20,1,-19,2,-20,2,-19,2,-19,2,-19,1,-19,0,-20,1,-18,1,-18,1,-18,1,-18,0,-19,0,-19,1,-18,1,-18,1,-18,2,-18,2,-18,1,-18,1,-19,2,-19,2,-19,0,0]"
CSI_DATA: 538,6,114,114,120,113,127,0,-27,-18,49379.71,49380.463,157.388,49728.640,384.214,194.641,"[-3,-9,-3,-10,-4,-10,-4,-12,-4,-11,-4,-12,-4,-12,-4,-12,-5,-12,-5,-12,-5,-13,-6,-13,-6,-14,-6,-14,-5,-15,-6,-14,-6,-14,-6,-14,-6,-14,-6,-14,-6,-15,-6,-14,-6,-14,-7,-14,-7,-15,-8,-15,0,0,-8,-15,-8,-16,-8,-16,-8,-15,-8,-16,-8,-16,-8,-16,-8,-16,-8,-16,-8,-16,-9,-16,-8,-16,-8,-16,-8,-16,-8,-15,-9,-16,-8,-16,-8,-16,-8,-16,-7,-16,-7,-16,-6,-16,-6,-16,-8,-16,-7,-16,-6,-16,0,0,8,2,8,2,8,1,9,2,8,2,8,2,9,2,8,2,8,2,8,1,9,1,9,1,9,1,9,1,9,1,9,0,9,0,9,0,9,-1,9,0,9,0,10,-1,9,0,10,-2,10,-2,11,-2,0,0,10,-2,11,-2,11,-3,11,-3,11,-2,12,-3,12,-2,12,-2,12,-3,12,-3,13,-4,12,-2,12,-2,13,-2,13,-2,14,-2,13,-2,13,-2,13,-1,13,-1,13,0,13,0,13,0,13,-1,13,1,13,1,0,0]"
CSI_DATA: 539,7,106,106,108,106,127,0,-29,-18,49294.45,49295.436,201.621,49793.870,449.444,259.871,"[5,-7,5,-7,4,-7,4,-8,4,-8,4,-8,3,-8,3,-8,3,-8,1,-9,2,-10,2,-10,2,-10,2,-10,3,-10,2,-10,2,-10,1,-9,1,-10,1,-10,1,-10,0,-10,1,-10,-1,-10,-1,-11,-1,-11,0,0,-3,-11,-3,-12,-4,-12,-4,-12,-4,-13,-4,-13,-5,-13,-5,-13,-5,-14,-5,-14,-6,-15,-6,-15,-7,-15,-7,-17,-6,-16,-8,-18,-7,-18,-7,-18,-7,-19,-6,-19,-6,-20,-6,-20,-6,-21,-6,-22,-4,-22,-4,-23,0,0,-17,-1,-17,0,-18,1,-19,0,-19,0,-18,0,-19,0,-18,-1,-19,-1,-18,-1,-19,-1,-19,0,-18,0,-17,0,-17,-1,-17,1,-15,1,-16,1,-16,3,-16,2,-16,2,-16,3,-16,3,-16,5,-17,5,-17,6,0,0,-17,6,-18,6,-18,6,-18,6,-18,6,-19,6,-18,6,-18,6,-19,6,-18,6,-19,6,-18,5,-18,5,-19,5,-19,5,-19,5,-19,5,-18,4,-18,3,-18,3,-18,2,-17,2,-18,2,-17,2,-17,1,-16,1,0,0]"
CSI_DATA: 540,3,108,108,125,107,128,0,-22,-25,49765.911,49767.374,11.599,49936.894,143.24,12.894,"[-14,3,-14,4,-13,5,-15,5,-14,5,-14,5,-14,5,-13,5,-13,5,-13,6,-14,6,-13,7,-14,7,-14,7,-14,7,-13,8,-13,8,-13,8,-13,9,-13,8,-14,8,-13,9,-13,9,-13,10,-14,10,-13,11,0,0,-13,12,-14,12,-15,13,-13,12,-14,12,-15,13,-15,13,-15,12,-15,13,-15,12,-15,14,-16,13,-16,12,-17,13,-16,13,-17,13,-17,13,-17,12,-18,12,-18,11,-19,11,-19,10,-19,10,-19,10,-19,8,-19,8,0,0,-16,-11,-17,-11,-17,-10,-18,-12,-16,-11,-17,-11,-16,-11,-15,-11,-16,-11,-15,-10,-16,-10,-17,-9,-16,-9,-16,-9,-15,-10,-17,-9,-16,-8,-15,-9,-16,-8,-16,-9,-16,-9,-16,-8,-16,-8,-17,-7,-18,-8,-18,-8,0,0,-18,-7,-18,-8,-19,-7,-18,-7,-18,-8,-18,-8,-18,-8,-17,-8,-18,-8,-18,-8,-19,-7,-18,-8,-18,-7,-18,-8,-18,-8,-19,-8,-18,-7,-18,-8,-18,-9,-18,-8,-18,-9,-17,-10,-17,-10,-18,-9,-17,-11,-18,-11,0,0]"
CSI_DATA: 541,5,119,119,124,118,128,0,-22,-26,49765.910,49767.373,101.926,50027.247,233.377,103.247,"[16,-1,16,-2,15,-3,17,-2,16,-2,16,-2,16,-2,15,-2,16,-2,15,-3,17,-3,16,-4,16,-4,16,-4,16,-3,16,-5,15,-5,15,-4,16,-5,16,-4,16,-4,16,-5,16,-4,15,-7,17,-6,16,-7,0,0,16,-7,16,-7,17,-7,16,-7,17,-7,18,-7,18,-7,17,-6,17,-7,17,-7,18,-8,18,-7,17,-7,18,-7,18,-7,19,-7,19,-7,18,-6,19,-5,18,-4,19,-4,18,-3,19,-3,19,-4,19,-2,19,-2,0,0,9,-14,9,-14,8,-14,10,-15,9,-14,9,-15,9,-14,8,-14,9,-14,7,-14,8,-15,7,-15,7,-15,7,-15,8,-15,7,-16,6,-16,7,-16,7,-17,7,-16,8,-16,7,-16,8,-16,5,-17,6,-18,6,-19,0,0,6,-18,7,-18,6,-19,6,-18,7,-18,7,-19,7,-18,7,-18,7,-18,6,-18,7,-20,7,-18,6,-18,7,-18,7,-18,7,-19,7,-18,8,-19,8,-18,8,-18,9,-18,9,-17,9,-17,9,-18,10,-17,10,-17,0,0]"
CSI_DATA: 542,3,109,109,126,108,129,0,-20,-29,50155.905,50157.360,11.566,50326.901,299.654,12.903,"[-13,-6,-13,-6,-13,-5,-14,-7,-13,-6,-14,-6,-13,-6,-13,-6,-13,-6,-13,-5,-14,-5,-14,-5,-14,-5,-14,-4,-14,-5,-14,-4,-14,-4,-14,-4,-15,-3,-15,-4,-15,-4,-15,-3,-14,-3,-15,-2,-16,-2,-16,-2,0,0,-16,-1,-16,-1,-17,-1,-16,0,-18,-1,-18,-1,-18,-1,-18,-1,-18,0,-18,0,-19,0,-19,0,-19,0,-20,-1,-19,-1,-21,-1,-21,-1,-21,-1,-21,-3,-20,-3,-21,-4,-20,-4,-21,-5,-22,-4,-21,-6,-21,-6,0,0,13,-15,13,-15,13,-15,15,-15,14,-14,14,-14,14,-13,14,-13,14,-13,13,-12,14,-13,13,-13,13,-13,13,-13,14,-12,13,-14,12,-13,13,-12,12,-13,13,-12,13,-12,13,-12,13,-11,11,-13,13,-12,12,-13,0,0,12,-13,12,-13,11,-13,11,-13,12,-12,12,-12,12,-12,11,-11,11,-12,10,-12,10,-13,10,-11,10,-12,10,-12,10,-12,9,-12,9,-12,9,-12,9,-12,10,-12,10,-12,10,-12,10,-13,10,-13,11,-12,11,-12,0,0]"
CSI_DATA: 543,4,112,112,126,111,129,0,-26,-42,50152.855,50154.309,57.238,50388.891,361.644,74.893,"[10,-3,11,-4,10,-4,12,-4,11,-4,11,-4,11,-4,11,-3,10,-4,10,-4,11,-5,10,-5,11,-5,10,-5,11,-5,10,-6,10,-5,10,-5,10,-6,10,-5,10,-5,10,-6,9,-6,9,-7,10,-7,9,-7,0,0,9,-7,9,-8,9,-9,8,-8,9,-9,9,-8,9,-9,9,-9,9,-9,8,-9,9,-11,9,-10,9,-10,10,-10,9,-10,10,-11,11,-10,11,-11,12,-10,12,-9,12,-9,13,-8,13,-9,14,-9,14,-8,14,-7,0,0,6,16,6,16,8,16,7,17,7,17,8,16,8,16,8,16,7,16,9,15,10,16,11,15,10,16,11,16,9,16,12,16,11,14,11,15,11,15,11,16,9,15,9,15,9,15,10,14,10,15,10,14,0,0,9,13,9,14,8,13,7,12,6,11,6,12,5,11,4,11,4,10,4,9,4,9,3,8,2,8,2,7,1,7,1,7,1,7,1,6,0,5,0,6,0,6,-1,5,-2,6,-1,6,-2,5,-4,6,0,0]"
CSI_DATA: 544,5,120,120,125,119,129,0,-24,-23,50155.905,50157.359,101.907,50448.126,420.879,134.128,"[11,10,11,10,11,9,12,10,11,10,11,10,11,9,10,9,10,9,11,8,12,9,12,8,12,8,12,8,11,9,12,7,12,7,11,7,12,7,12,7,12,8,12,7,11,7,13,5,13,7,13,6,0,0,13,6,13,6,15,6,13,5,14,6,14,6,14,7,14,6,14,6,13,6,15,6,14,7,14,7,14,7,13,7,14,7,14,7,14,7,13,8,12,8,12,8,12,9,12,9,12,8,11,9,11,9,0,0,15,6,15,5,16,5,16,6,16,6,15,5,16,5,15,5,16,5,15,5,17,5,17,4,17,4,17,4,17,5,18,3,17,3,17,4,17,3,18,4,18,4,18,3,18,4,18,2,19,4,19,3,0,0,19,3,20,3,20,3,19,2,19,2,20,3,19,3,19,3,20,2,20,2,21,2,19,2,20,3,20,3,21,3,21,2,21,3,21,3,21,4,20,4,20,5,20,6,20,6,21,6,20,8,20,8,0,0]"
CSI_DATA: 545,6,116,116,122,115,129,0,-28,-16,50159.39,50160.493,157.299,50504.449,477.202,190.451,"[5,4,5,4,6,4,7,5,7,5,8,6,8,6,8,6,8,6,9,6,10,7,10,7,10,7,10,6,10,8,11,6,11,6,11,7,12,7,12,7,12,8,12,7,12,7,13,7,14,8,14,7,0,0,14,8,14,8,15,8,14,7,14,8,15,9,14,9,14,8,14,8,14,8,15,8,14,8,14,7,14,8,14,8,15,8,14,8,14,8,14,9,14,9,14,9,13,9,13,9,14,9,13,10,12,10,0,0,-15,1,-15,2,-15,2,-16,2,-16,2,-16,2,-16,2,-16,2,-17,2,-16,2,-17,3,-17,4,-17,3,-17,4,-17,3,-17,5,-16,5,-16,5,-16,6,-17,6,-18,5,-18,6,-17,6,-17,9,-19,8,-19,10,0,0,-18,10,-20,10,-19,10,-19,10,-20,10,-21,11,-21,11,-20,11,-21,11,-21,12,-22,13,-21,12,-22,12,-23,12,-23,12,-23,12,-24,12,-24,12,-24,11,-24,11,-26,10,-25,8,-26,9,-26,10,-27,8,-27,7,0,0]"
CSI_DATA: 546,7,108,108,110,108,129,0,-28,-18,50074.14,50075.468,201.610,50565.999,538.752,252.01,"[-10,4,-11,5,-10,5,-11,5,-10,5,-10,5,-10,5,-9,5,-10,5,-9,6,-10,6,-10,6,-10,6,-10,6,-10,5,-9,6,-8,5,-8,5,-8,5,-8,5,-8,5,-7,5,-7,5,-6,6,-6,6,-5,6,0,0,-4,7,-4,7,-4,8,-3,8,-3,9,-3,10,-3,9,-2,10,-3,10,-2,10,-2,12,-2,12,-2,12,-2,13,-2,13,-2,14,-2,15,-3,15,-3,15,-4,15,-4,16,-5,16,-5,17,-5,19,-7,18,-8,18,0,0,13,13,13,13,14,12,14,14,13,13,13,14,12,14,12,13,11,14,11,13,12,13,12,12,11,11,11,10,10,10,12,9,12,8,12,8,13,8,13,9,13,9,14,8,13,9,15,7,15,8,16,8,0,0,15,8,16,9,16,8,16,8,16,8,16,9,16,9,15,9,16,9,15,9,17,8,15,8,15,9,16,9,15,9,16,9,15,9,15,9,15,10,14,10,14,10,14,10,14,10,14,10,13,11,13,11,0,0]"
CSI_DATA: 547,3,110,110,127,109,130,0,-23,-30,50545.985,50547.358,11.586,50716.987,150.988,12.990,"[12,1,12,1,13,0,13,0,13,0,13,0,12,0,12,0,12,0,13,-1,13,-1,13,-2,13,-2,13,-2,13,-2,14,-4,13,-4,13,-4,14,-4,14,-4,14,-3,14,-4,14,-3,14,-6,15,-5,15,-6,0,0,15,-6,16,-7,16,-7,16,-7,16,-7,17,-7,17,-7,16,-6,17,-7,17,-7,17,-8,17,-7,18,-7,18,-7,18,-6,18,-7,19,-7,18,-6,18,-5,18,-4,19,-4,19,-3,19,-3,19,-3,18,-2,18,-2,0,0,-6,-14,-6,-14,-6,-14,-6,-16,-5,-15,-5,-15,-5,-15,-5,-15,-5,-15,-5,-14,-6,-16,-7,-15,-7,-15,-7,-15,-6,-16,-8,-16,-8,-15,-7,-15,-8,-15,-8,-16,-7,-16,-8,-16,-7,-15,-9,-15,-9,-17,-10,-17,0,0,-10,-16,-10,-16,-11,-17,-11,-16,-10,-16,-11,-17,-11,-17,-10,-16,-12,-17,-11,-16,-12,-17,-11,-17,-12,-17,-12,-17,-12,-17,-13,-17,-13,-17,-12,-18,-12,-18,-11,-18,-11,-19,-11,-18,-10,-19,-11,-19,-10,-19,-10,-19,0,0]"
CSI_DATA: 548,4,113,113,127,112,130,0,-22,-39,50542.935,50544.308,57.361,50776.642,210.643,72.645,"[-3,13,-3,13,-2,13,-3,14,-3,13,-3,14,-3,13,-3,13,-3,13,-2,13,-2,14,-1,13,-1,14,-1,13,-2,13,-1,13,0,13,-1,12,0,13,-1,13,0,13,0,13,0,12,2,12,1,13,2,13,0,0,3,13,2,14,3,14,3,13,3,14,3,14,3,14,3,14,3,15,4,14,4,15,3,14,4,15,4,15,3,15,4,16,4,16,3,16,3,16,2,16,1,16,1,16,1,16,1,17,-1,16,-1,17,0,0,-1,-2,-1,-2,-2,-2,-2,-3,-2,-3,-3,-3,-3,-3,-3,-3,-4,-3,-4,-3,-5,-3,-5,-3,-6,-3,-6,-3,-6,-4,-7,-3,-7,-2,-7,-3,-8,-2,-8,-3,-8,-3,-9,-2,-8,-3,-9,-1,-10,-2,-10,-1,0,0,-10,0,-11,0,-11,1,-11,1,-12,1,-12,1,-13,1,-13,2,-13,2,-13,3,-14,3,-14,3,-14,3,-15,3,-15,3,-16,4,-16,4,-16,4,-16,3,-17,2,-17,1,-17,2,-18,1,-18,1,-18,0,-18,-1,0,0]"
CSI_DATA: 549,5,121,121,126,120,130,0,-26,-23,50545.985,50547.358,101.928,50838.825,272.826,134.828,"[3,17,3,16,4,16,4,18,3,16,3,16,3,16,3,15,3,16,4,15,4,16,4,15,4,16,4,15,4,15,5,14,5,14,4,13,5,14,4,14,4,14,5,14,4,14,6,13,6,14,6,14,0,0,7,13,7,14,7,14,7,13,7,14,7,14,7,14,7,14,7,14,7,13,8,14,7,14,7,14,7,14,7,14,7,14,7,14,7,14,6,14,6,14,5,14,5,15,5,15,5,15,4,15,4,15,0,0,9,14,9,14,10,13,10,16,10,14,9,15,9,14,9,13,9,14,9,13,10,15,11,14,11,14,11,14,11,14,13,13,12,13,11,13,13,13,12,14,12,15,12,14,11,14,13,13,13,14,14,14,0,0,14,13,14,14,15,14,14,13,14,14,14,14,14,14,14,13,15,14,14,13,15,14,14,14,14,14,15,14,14,14,16,14,15,14,15,15,15,15,14,16,14,16,13,16,13,17,14,17,12,18,11,19,0,0]"
CSI_DATA: 550,6,117,117,123,116,130,0,-29,-18,50549.119,50550.493,157.300,50898.540,332.541,194.543,"[-7,-1,-8,-1,-8,0,-9,-1,-9,0,-10,-1,-10,-1,-11,-1,-11,0,-11,0,-12,0,-12,0,-13,0,-13,0,-14,0,-13,0,-13,1,-13,1,-14,1,-14,1,-15,0,-14,1,-15,0,-15,2,-16,1,-16,2,0,0,-16,2,-16,1,-17,2,-16,2,-17,2,-17,1,-17,1,-16,2,-17,1,-16,1,-17,2,-17,1,-17,1,-17,1,-17,1,-18,1,-18,1,-17,1,-17,1,-16,-1,-17,-1,-17,0,-16,-1,-17,0,-16,-2,-16,-2,0,0,11,-10,11,-10,10,-11,12,-11,11,-11,11,-11,12,-12,11,-11,11,-11,11,-11,13,-12,12,-12,12,-12,11,-12,11,-12,10,-14,10,-14,10,-14,9,-14,10,-15,11,-15,10,-15,10,-15,9,-17,10,-17,9,-19,0,0,9,-19,9,-19,9,-20,9,-20,9,-20,10,-21,10,-21,10,-21,9,-22,10,-22,10,-23,11,-22,11,-22,11,-22,10,-23,11,-24,11,-24,11,-24,12,-24,12,-23,13,-23,13,-22,15,-23,15,-23,17,-22,17,-22,0,0]"
CSI_DATA: 551,4,114,114,128,113,131,0,-23,-35,50932.875,50934.265,57.347,51152.685,254.145,58.688,"[9,-9,9,-9,8,-9,10,-10,9,-10,9,-10,8,-10,8,-9,8,-9,7,-10,8,-11,7,-11,7,-11,7,-11,8,-11,6,-12,6,-11,6,-11,6,-12,6,-11,6,-12,6,-12,6,-12,4,-13,5,-14,5,-14,0,0,4,-14,5,-14,4,-15,4,-14,5,-15,5,-15,5,-15,5,-15,5,-15,5,-15,4,-17,5,-16,5,-16,6,-17,5,-16,6,-17,6,-17,6,-17,7,-16,8,-15,8,-16,9,-15,9,-15,9,-15,10,-14,10,-14,0,0,1,7,2,7,3,7,3,7,3,7,3,7,3,6,3,6,4,6,4,5,5,5,5,4,6,4,6,4,6,4,7,3,7,2,7,2,7,2,8,2,8,2,9,1,9,1,9,-1,10,0,11,-1,0,0,11,-2,12,-2,13,-2,13,-3,13,-2,14,-3,14,-2,14,-3,15,-3,15,-4,17,-5,16,-3,16,-3,17,-4,18,-4,19,-4,19,-4,19,-4,20,-3,20,-2,21,-2,20,-1,21,0,21,-1,22,1,22,1,0,0]"
CSI_DATA: 552,5,122,122,127,121,131,0,-27,-26,50935.925,50937.315,101.914,51201.725,303.185,107.728,"[-18,-4,-18,-4,-18,-3,-19,-5,-18,-4,-18,-5,-18,-4,-17,-4,-17,-5,-17,-4,-18,-5,-17,-4,-17,-5,-17,-5,-16,-5,-17,-4,-16,-4,-16,-4,-16,-4,-16,-5,-16,-5,-16,-4,-15,-4,-15,-3,-16,-4,-16,-3,0,0,-15,-3,-15,-4,-16,-3,-15,-3,-15,-3,-15,-4,-15,-4,-15,-4,-15,-3,-14,-3,-15,-3,-14,-4,-14,-4,-14,-4,-14,-4,-15,-3,-14,-4,-14,-3,-13,-4,-13,-4,-13,-4,-13,-5,-13,-5,-13,-4,-13,-5,-12,-5,0,0,15,-4,16,-4,16,-5,17,-5,16,-5,17,-5,16,-5,16,-5,16,-4,15,-5,17,-6,17,-6,17,-6,16,-6,17,-6,17,-8,16,-8,16,-7,16,-8,17,-8,17,-8,17,-8,17,-7,16,-10,18,-9,18,-10,0,0,17,-10,18,-10,18,-10,17,-10,18,-10,18,-10,18,-10,17,-10,18,-11,17,-11,18,-12,17,-10,17,-10,17,-11,18,-11,18,-12,18,-12,19,-12,19,-12,19,-11,20,-11,20,-10,20,-10,21,-10,22,-9,22,-8,0,0]"
CSI_DATA: 553,7,110,110,112,110,131,0,-26,-19,50854.36,50855.426,201.620,51297.22,398.482,203.25,"[11,-6,11,-6,10,-7,11,-7,10,-7,10,-7,10,-7,10,-7,10,-7,9,-7,10,-8,10,-8,9,-8,10,-8,10,-8,10,-9,9,-8,9,-8,8,-8,9,-8,9,-8,8,-8,8,-8,7,-9,7,-10,7,-10,0,0,6,-10,6,-11,5,-11,5,-11,5,-12,6,-12,5,-13,5,-13,5,-13,5,-14,4,-16,5,-15,4,-15,5,-16,5,-17,5,-17,5,-18,6,-18,7,-18,7,-18,8,-19,9,-19,10,-20,9,-21,11,-19,12,-19,0,0,12,-13,12,-13,11,-13,13,-14,12,-13,12,-13,12,-13,12,-12,12,-12,11,-11,12,-12,11,-12,11,-12,10,-11,10,-11,9,-13,8,-13,8,-13,8,-13,8,-14,9,-14,8,-14,8,-14,7,-15,9,-16,8,-17,0,0,8,-16,8,-16,8,-17,8,-17,9,-17,9,-17,9,-16,9,-16,9,-17,9,-16,9,-17,9,-15,9,-16,9,-16,9,-16,9,-17,9,-16,10,-16,9,-15,10,-15,10,-15,10,-14,10,-13,10,-14,11,-13,11,-13,0,0]"
CSI_DATA: 554,4,115,115,129,114,132,0,-25,-37,51322.929,51324.694,57.364,51542.793,245.771,58.792,"[-12,4,-12,5,-12,5,-13,5,-12,5,-12,5,-12,5,-12,5,-12,5,-11,5,-13,5,-12,6,-12,6,-12,6,-12,5,-12,6,-11,6,-11,6,-11,7,-11,7,-11,6,-11,7,-11,6,-11,7,-12,7,-11,8,0,0,-11,8,-11,8,-11,9,-10,8,-11,8,-11,9,-11,8,-11,8,-11,8,-11,8,-11,9,-12,8,-12,8,-12,8,-11,8,-12,9,-13,8,-12,8,-12,7,-12,7,-13,6,-13,5,-13,5,-13,5,-13,4,-13,4,0,0,-5,0,-5,-1,-5,-1,-5,-2,-5,-2,-6,-2,-6,-3,-6,-3,-6,-4,-6,-4,-8,-5,-8,-5,-8,-6,-9,-6,-8,-7,-10,-7,-9,-7,-9,-8,-10,-8,-10,-9,-10,-9,-10,-9,-10,-10,-12,-8,-12,-10,-13,-9,0,0,-13,-9,-14,-10,-14,-9,-14,-10,-14,-9,-15,-10,-15,-10,-15,-10,-16,-10,-16,-9,-18,-9,-17,-9,-18,-9,-18,-9,-19,-9,-20,-9,-21,-9,-20,-9,-20,-10,-20,-10,-20,-11,-20,-11,-21,-12,-22,-11,-21,-13,-21,-14,0,0]"
CSI_DATA: 555,5,123,123,127,122,132,0,-27,-24,50935.925,51327.744,111.927,51600.767,303.745,116.766,"[-18,-4,-18,-4,-18,-3,-19,-5,-18,-4,-18,-5,-18,-4,-17,-4,-17,-5,-17,-4,-18,-5,-17,-4,-17,-5,-17,-5,-16,-5,-17,-4,-16,-4,-16,-4,-16,-4,-16,-5,-16,-5,-16,-4,-15,-4,-15,-3,-16,-4,-16,-3,0,0,-15,-3,-15,-4,-16,-3,-15,-3,-15,-3,-15,-4,-15,-4,-15,-4,-15,-3,-14,-3,-15,-3,-14,-4,-14,-4,-14,-4,-14,-4,-15,-3,-14,-4,-14,-3,-13,-4,-13,-4,-13,-4,-13,-5,-13,-5,-13,-4,-13,-5,-12,-5,0,0,-12,-12,-12,-12,-13,-11,-13,-13,-13,-13,-13,-13,-13,-13,-13,-12,-13,-13,-13,-12,-14,-13,-14,-12,-14,-12,-14,-11,-14,-12,-17,-12,-15,-10,-15,-12,-16,-11,-16,-12,-16,-13,-16,-12,-15,-13,-17,-11,-18,-13,-18,-12,0,0,-17,-12,-18,-13,-18,-12,-18,-12,-17,-13,-17,-13,-17,-14,-16,-13,-16,-13,-17,-13,-18,-13,-16,-13,-16,-13,-16,-12,-17,-13,-17,-13,-17,-13,-17,-13,-16,-14,-16,-14,-16,-15,-15,-14,-15,-15,-16,-14,-15,-16,-14,-16,0,0]"
CSI_DATA: 556,6,119,119,125,118,132,0,-29,-16,51329.114,51330.879,157.406,51679.247,382.225,195.246,"[-4,5,-4,6,-3,7,-5,7,-5,8,-5,8,-5,9,-6,9,-6,10,-6,10,-7,11,-7,11,-8,11,-8,12,-8,12,-8,13,-7,12,-7,12,-7,14,-8,14,-9,14,-8,15,-9,14,-8,16,-9,17,-8,17,0,0,-9,17,-9,17,-9,18,-9,17,-9,19,-10,19,-9,19,-9,19,-9,19,-9,18,-9,20,-10,19,-10,19,-10,20,-9,19,-9,20,-10,20,-10,20,-10,19,-9,19,-10,19,-10,18,-11,19,-10,19,-11,18,-11,18,0,0,3,-13,2,-13,2,-13,3,-14,2,-14,2,-14,3,-14,3,-14,3,-15,2,-14,2,-16,1,-15,1,-15,0,-15,1,-15,0,-16,-1,-16,0,-16,-2,-16,-1,-17,-1,-17,-2,-17,-1,-17,-4,-18,-3,-19,-4,-19,0,0,-4,-19,-4,-20,-4,-20,-5,-20,-5,-20,-4,-21,-4,-22,-4,-21,-5,-22,-5,-22,-6,-23,-5,-22,-5,-23,-5,-23,-5,-24,-5,-24,-5,-24,-4,-24,-3,-25,-3,-25,-2,-25,-1,-25,-2,-25,-3,-26,0,-26,0,-26,0,0]"
CSI_DATA: 557,7,111,111,113,111,132,0,-27,-22,51244.90,51245.855,211.616,51747.300,450.278,263.299,"[-13,-3,-12,-3,-12,-2,-13,-3,-13,-3,-12,-2,-13,-2,-12,-1,-13,-2,-12,-1,-14,-2,-14,-1,-14,-2,-13,-2,-13,-2,-13,-2,-13,-1,-12,-2,-12,-1,-12,-1,-12,-1,-12,0,-11,-1,-12,0,-12,0,-12,1,0,0,-12,2,-12,2,-12,3,-11,3,-12,3,-12,3,-12,3,-12,4,-13,4,-13,4,-14,5,-13,4,-14,4,-14,5,-14,6,-15,6,-15,6,-16,6,-17,6,-16,5,-17,5,-17,4,-18,4,-19,5,-19,3,-20,3,0,0,-18,7,-17,7,-17,8,-19,8,-19,7,-19,7,-19,6,-18,6,-19,5,-18,5,-19,5,-17,5,-17,4,-15,4,-14,3,-13,5,-11,6,-11,6,-11,7,-11,7,-11,7,-11,8,-11,8,-10,10,-11,10,-11,11,0,0,-10,11,-11,11,-11,12,-10,12,-12,11,-12,11,-12,11,-12,10,-12,11,-11,10,-12,11,-12,9,-12,10,-12,9,-11,9,-11,9,-11,9,-11,9,-11,8,-10,7,-11,7,-10,6,-10,6,-9,7,-9,6,-9,5,0,0]"
CSI_DATA: 558,3,111,111,130,110,133,0,-20,-23,51715.910,51717.382,11.507,51887.42,139.742,13.43,"[4,-14,3,-14,2,-14,3,-15,3,-14,3,-14,2,-14,2,-14,2,-14,2,-14,2,-15,1,-15,2,-15,1,-15,2,-15,0,-16,0,-15,0,-15,-1,-15,0,-15,0,-16,-1,-16,0,-15,-2,-16,-1,-17,-2,-17,0,0,-3,-17,-3,-18,-3,-18,-3,-17,-3,-18,-3,-18,-3,-19,-3,-18,-3,-19,-3,-19,-4,-20,-3,-19,-3,-20,-3,-20,-3,-20,-3,-21,-3,-21,-2,-20,-2,-20,-1,-20,-1,-21,0,-20,0,-21,0,-21,1,-20,2,-21,0,0,-15,10,-15,10,-14,11,-16,11,-15,10,-15,10,-15,11,-14,10,-15,10,-14,10,-15,10,-15,10,-14,10,-14,10,-14,9,-14,11,-13,10,-13,10,-12,11,-13,11,-13,10,-12,11,-13,10,-11,11,-13,11,-12,12,0,0,-11,12,-12,12,-12,13,-12,13,-12,13,-12,13,-12,13,-12,13,-11,14,-12,13,-12,14,-12,13,-13,13,-12,13,-12,14,-12,14,-13,14,-12,14,-13,14,-13,13,-14,13,-14,12,-14,13,-14,13,-16,11,-16,11,0,0]"
CSI_DATA: 559,4,116,116,130,115,133,0,-23,-36,51712.863,51714.335,57.368,51947.137,199.837,73.138,"[-4,11,-3,12,-2,11,-3,12,-2,12,-2,12,-2,12,-2,11,-2,12,-1,11,-2,12,-1,12,-1,12,-1,12,-1,12,0,12,0,11,0,11,1,11,0,11,0,12,1,11,1,11,2,11,2,12,3,12,0,0,3,11,3,11,4,12,4,11,4,12,4,12,4,12,4,12,5,13,5,12,6,13,5,13,5,13,5,14,5,14,5,15,5,14,5,15,4,15,3,15,3,16,2,16,2,16,2,16,1,16,0,16,0,0,18,-12,17,-12,17,-13,19,-13,17,-12,18,-12,17,-12,16,-12,16,-11,15,-11,17,-12,15,-12,16,-12,15,-11,15,-10,15,-11,13,-11,13,-10,13,-10,13,-10,13,-9,12,-9,12,-8,11,-9,12,-9,11,-9,0,0,10,-8,9,-8,9,-8,9,-7,9,-6,8,-6,8,-5,7,-4,7,-4,6,-3,6,-3,5,-2,5,-2,4,-2,4,-1,3,-1,2,-1,2,0,1,0,1,1,0,1,0,2,-1,2,-1,2,-2,3,-3,3,0,0]"
CSI_DATA: 560,5,124,124,128,123,133,0,-24,-32,51715.912,51717.385,101.935,52007.814,260.514,133.815,"[-16,5,-16,6,-15,6,-16,6,-16,6,-16,6,-16,5,-15,5,-15,5,-14,6,-16,6,-15,6,-15,6,-15,6,-15,6,-15,7,-14,6,-13,6,-13,7,-14,6,-14,6,-13,7,-13,6,-13,8,-14,7,-13,8,0,0,-13,8,-13,8,-13,9,-13,9,-13,9,-13,9,-13,8,-13,9,-13,9,-13,9,-13,10,-13,9,-13,9,-13,9,-13,9,-14,10,-14,10,-14,9,-14,9,-14,8,-15,8,-14,8,-15,8,-15,8,-16,7,-16,6,0,0,-4,-14,-4,-14,-5,-14,-4,-16,-4,-15,-4,-16,-4,-16,-4,-16,-4,-16,-4,-15,-4,-17,-5,-17,-5,-17,-5,-17,-4,-18,-6,-18,-6,-17,-6,-17,-7,-18,-6,-19,-5,-19,-6,-19,-5,-19,-8,-18,-7,-20,-8,-21,0,0,-8,-20,-8,-21,-8,-21,-8,-20,-8,-21,-8,-22,-7,-21,-7,-21,-8,-21,-7,-21,-8,-22,-7,-20,-7,-21,-8,-21,-8,-21,-9,-21,-9,-21,-8,-21,-8,-21,-8,-21,-7,-21,-7,-21,-7,-21,-8,-22,-7,-22,-7,-22,0,0]"
CSI_DATA: 561,6,120,120,126,119,133,0,-29,-19,51719.48,51720.520,157.314,52077.411,330.111,203.412,"[-6,-1,-7,-1,-8,-1,-9,-1,-9,-1,-10,-1,-10,-1,-11,0,-12,-1,-12,0,-13,0,-13,0,-14,0,-14,0,-15,-1,-15,1,-15,1,-15,1,-15,2,-16,1,-16,1,-17,2,-17,1,-17,3,-19,2,-18,3,0,0,-19,3,-19,2,-20,3,-19,3,-20,3,-20,3,-20,2,-20,3,-21,3,-20,3,-21,4,-20,3,-21,2,-21,2,-20,3,-21,3,-21,3,-21,2,-20,2,-19,1,-20,1,-19,0,-19,0,-18,1,-19,0,-18,0,0,0,5,13,5,14,6,13,6,15,5,14,5,15,6,14,6,14,6,15,6,14,6,15,7,15,7,15,7,14,6,15,8,15,8,13,8,13,9,14,9,14,9,14,10,14,9,14,11,13,11,15,13,14,0,0,13,14,12,14,13,15,13,14,13,15,14,15,14,15,14,14,14,15,15,15,15,16,14,15,14,16,15,16,15,17,16,17,15,17,15,18,15,17,15,17,14,18,13,18,13,19,13,19,12,20,11,20,0,0]"
CSI_DATA: 562,7,112,112,114,112,133,0,-29,-18,51634.25,51635.497,201.623,52140.538,393.238,266.539,"[7,-6,7,-6,6,-7,7,-7,7,-7,7,-7,6,-7,6,-7,6,-7,6,-7,6,-8,6,-7,6,-7,6,-7,6,-7,6,-7,5,-7,5,-7,5,-7,5,-7,4,-7,4,-7,4,-7,3,-8,4,-8,3,-8,0,0,3,-8,2,-9,2,-9,2,-9,2,-10,2,-10,2,-10,2,-10,2,-11,2,-10,1,-11,2,-11,1,-12,2,-12,2,-12,2,-13,2,-13,2,-14,3,-14,4,-14,4,-14,4,-14,5,-15,4,-16,6,-15,7,-15,0,0,11,12,11,12,12,11,12,12,11,12,11,12,12,12,11,12,11,12,11,11,12,12,11,11,11,11,11,10,10,11,12,10,11,8,11,8,12,8,12,8,12,8,13,8,12,8,14,6,14,8,15,7,0,0,15,7,16,7,16,7,16,6,16,7,17,8,16,7,16,8,17,7,16,8,18,8,16,8,16,8,16,9,16,9,17,9,16,9,16,10,15,10,15,10,14,11,14,11,13,11,13,11,12,12,12,12,0,0]"
CSI_DATA: 563,3,112,112,131,111,134,0,-23,-21,52105.913,52107.323,11.553,52276.872,136.334,12.872,"[11,-3,12,-4,11,-5,13,-5,12,-5,12,-5,12,-5,11,-5,12,-5,11,-6,12,-6,12,-7,12,-7,12,-7,12,-7,12,-8,11,-8,11,-8,11,-9,12,-9,12,-9,12,-9,12,-9,11,-11,13,-11,12,-11,0,0,12,-11,12,-12,13,-13,12,-12,13,-13,13,-13,14,-13,13,-12,13,-13,13,-13,14,-14,14,-13,14,-14,15,-14,14,-13,15,-14,15,-14,15,-14,16,-13,16,-12,17,-12,17,-12,17,-11,18,-12,17,-11,18,-10,0,0,6,14,6,14,7,13,7,14,6,14,6,14,6,14,6,13,6,14,7,13,8,14,8,13,8,13,8,13,7,13,9,13,9,12,8,12,9,12,9,12,9,13,9,12,9,12,11,11,11,13,12,12,0,0,12,12,12,12,13,12,13,12,13,12,13,13,13,13,13,13,13,13,13,13,15,13,13,13,13,13,14,14,14,14,15,14,14,14,14,15,13,15,13,15,13,16,12,16,12,16,13,16,11,17,11,18,0,0]"
CSI_DATA: 564,4,117,117,131,116,134,0,-26,-32,52102.867,52104.276,57.359,52330.972,190.434,66.972,"[-1,12,0,12,1,12,0,13,0,13,0,12,0,12,0,12,0,12,1,12,1,13,2,12,2,12,2,12,1,12,2,12,2,11,2,11,2,12,2,12,2,12,2,12,2,11,4,11,3,12,4,12,0,0,4,12,4,12,4,12,4,11,4,12,4,12,4,12,4,12,4,12,4,12,5,12,4,12,4,12,4,12,4,12,4,13,4,13,4,13,3,13,3,13,2,13,2,13,2,13,2,13,1,13,0,13,0,0,13,9,13,9,12,8,13,9,12,9,12,9,11,9,11,8,11,9,10,7,11,9,11,8,11,8,10,8,9,8,10,7,10,7,9,7,9,6,9,6,8,7,8,6,8,6,9,5,9,5,9,5,0,0,9,4,8,4,9,4,9,3,8,3,9,3,9,3,9,3,9,2,9,2,10,2,9,2,10,2,10,1,10,2,11,1,11,1,11,2,12,2,11,2,12,3,12,3,12,3,13,3,13,4,13,5,0,0]"
CSI_DATA: 565,5,125,125,129,124,134,0,-23,-33,52105.916,52107.326,102.217,52384.883,244.345,120.883,"[2,-17,2,-18,1,-17,2,-19,2,-17,2,-18,3,-17,3,-17,2,-17,1,-16,1,-18,1,-17,1,-17,1,-17,2,-17,1,-17,0,-16,0,-16,0,-17,1,-17,1,-17,0,-17,1,-16,-2,-17,-1,-18,-1,-17,0,0,-2,-16,-2,-17,-2,-18,-2,-16,-1,-17,-2,-18,-1,-17,-1,-17,-1,-17,-2,-16,-3,-18,-2,-17,-2,-17,-2,-18,-1,-16,-2,-18,-2,-17,-1,-18,-1,-17,0,-16,1,-17,0,-17,1,-17,0,-17,1,-17,2,-17,0,0,0,18,0,18,1,17,0,19,0,18,0,18,0,17,0,17,0,16,0,15,-1,17,0,16,1,16,0,15,0,15,1,16,1,15,0,15,1,14,1,15,0,15,1,14,0,14,1,14,1,14,1,14,0,0,2,14,2,14,2,14,2,14,2,14,2,14,2,14,2,13,2,14,2,14,2,14,2,13,2,13,2,13,2,13,2,13,2,13,1,13,2,13,1,13,1,13,1,13,0,13,0,14,-1,13,-1,13,0,0]"
CSI_DATA: 566,6,121,121,127,120,134,0,-36,-21,52109.52,52110.462,157.416,52447.377,306.839,183.377,"[-2,-2,-3,-1,-3,-1,-4,-1,-4,0,-4,1,-4,0,-4,1,-4,2,-4,2,-5,2,-5,3,-5,4,-5,4,-6,4,-5,5,-5,5,-6,5,-6,6,-6,6,-7,7,-6,7,-7,7,-6,8,-7,9,-7,9,0,0,-7,10,-8,10,-8,11,-7,11,-8,11,-8,11,-9,11,-9,11,-9,11,-8,12,-8,12,-9,11,-9,12,-9,12,-9,12,-9,13,-9,13,-9,13,-10,13,-10,12,-11,12,-11,12,-10,12,-10,13,-11,12,-11,12,0,0,-3,13,-3,14,-1,14,-2,15,-2,14,-2,15,-2,15,-2,14,-2,14,-1,14,-1,16,-1,16,-1,15,0,15,-1,15,1,15,1,15,1,14,2,15,2,15,2,15,3,15,3,15,5,15,4,16,6,16,0,0,6,16,6,16,7,17,7,16,8,17,8,18,9,17,9,17,9,18,10,18,10,19,9,19,9,19,9,20,10,20,10,21,10,21,10,22,9,22,9,21,8,23,7,22,7,23,7,23,5,24,4,24,0,0]"
CSI_DATA: 567,7,113,113,114,113,134,0,-29,-18,51634.25,52025.439,201.630,52508.140,367.602,244.140,"[7,-6,7,-6,6,-7,7,-7,7,-7,7,-7,6,-7,6,-7,6,-7,6,-7,6,-8,6,-7,6,-7,6,-7,6,-7,6,-7,5,-7,5,-7,5,-7,5,-7,4,-7,4,-7,4,-7,3,-8,4,-8,3,-8,0,0,3,-8,2,-9,2,-9,2,-9,2,-10,2,-10,2,-10,2,-10,2,-11,2,-10,1,-11,2,-11,1,-12,2,-12,2,-12,2,-13,2,-13,2,-14,3,-14,4,-14,4,-14,4,-14,5,-15,4,-16,6,-15,7,-15,0,0,-14,10,-14,11,-13,11,-15,12,-14,11,-15,12,-14,11,-14,11,-15,11,-13,11,-14,12,-13,12,-13,12,-13,11,-13,11,-12,13,-11,12,-11,12,-10,13,-11,13,-11,13,-10,14,-10,13,-9,15,-11,15,-10,16,0,0,-9,16,-10,16,-10,17,-9,17,-11,17,-11,17,-11,17,-11,16,-11,17,-11,16,-11,18,-11,16,-12,16,-12,16,-11,16,-12,17,-12,16,-12,16,-12,15,-12,14,-13,14,-13,13,-13,13,-13,14,-13,12,-14,12,0,0]"
CSI_DATA: 568,3,113,113,132,112,135,0,-22,-22,52495.894,52497.330,11.575,52667.10,158.870,13.10,"[-2,10,-1,10,0,10,-1,11,-1,11,0,11,0,11,1,11,0,11,1,10,1,11,2,11,2,12,3,11,2,11,4,12,4,11,4,11,5,11,5,12,5,12,6,12,5,12,7,12,7,13,8,13,0,0,8,12,9,13,9,13,10,13,10,13,10,14,11,14,11,13,11,14,11,14,12,14,11,15,11,15,12,15,12,15,13,16,13,16,13,16,13,16,13,17,12,18,12,17,12,19,12,19,10,20,10,20,0,0,-15,2,-16,2,-15,3,-17,2,-16,3,-16,3,-16,3,-16,3,-16,4,-15,4,-17,5,-17,5,-16,5,-16,6,-17,5,-17,7,-16,7,-16,6,-16,8,-16,8,-17,8,-16,9,-16,7,-16,10,-17,10,-17,11,0,0,-17,11,-17,12,-17,13,-17,13,-17,13,-18,13,-18,13,-18,13,-18,14,-18,13,-19,14,-19,13,-19,13,-20,13,-20,14,-20,14,-20,14,-21,14,-21,13,-21,12,-22,11,-21,11,-21,10,-22,11,-23,9,-23,8,0,0]"
CSI_DATA: 569,4,118,118,132,117,135,0,-23,-29,52492.849,52494.285,57.372,52720.878,212.738,66.878,"[5,-13,4,-14,3,-14,4,-15,4,-14,4,-14,4,-14,3,-14,3,-14,3,-14,3,-15,3,-15,3,-15,2,-14,3,-14,2,-15,2,-14,2,-14,1,-15,1,-14,2,-14,1,-14,2,-14,0,-14,1,-15,0,-15,0,0,-1,-15,-1,-15,-1,-15,-1,-15,-1,-16,-1,-16,-1,-16,-1,-16,-1,-16,-1,-16,-1,-17,-1,-16,-1,-16,-1,-17,-1,-17,-1,-17,0,-18,0,-18,0,-18,1,-17,2,-18,2,-17,3,-17,3,-18,4,-17,5,-16,0,0,-9,-13,-9,-13,-10,-12,-9,-14,-8,-13,-9,-13,-9,-13,-8,-12,-9,-12,-7,-12,-9,-13,-9,-12,-8,-12,-8,-11,-7,-12,-9,-11,-9,-11,-8,-11,-8,-10,-8,-10,-7,-10,-8,-9,-7,-9,-8,-8,-8,-9,-8,-9,0,0,-9,-8,-9,-7,-9,-7,-10,-7,-10,-7,-10,-6,-10,-7,-10,-6,-11,-7,-11,-6,-13,-6,-12,-6,-12,-6,-13,-7,-14,-7,-14,-7,-14,-6,-15,-8,-14,-9,-14,-9,-14,-10,-14,-9,-14,-11,-15,-10,-13,-12,-13,-13,0,0]"
CSI_DATA: 570,5,126,126,130,125,135,0,-26,-34,52495.898,52497.334,101.940,52791.311,283.171,137.311,"[16,-7,16,-7,16,-8,17,-7,16,-7,15,-7,15,-6,15,-6,15,-6,15,-7,16,-7,15,-7,15,-7,14,-7,15,-6,15,-8,13,-7,14,-7,13,-8,14,-7,14,-7,13,-7,14,-7,13,-8,14,-8,13,-8,0,0,13,-8,13,-8,13,-9,12,-9,13,-8,13,-8,13,-8,13,-8,13,-9,13,-8,13,-9,13,-8,13,-8,13,-8,13,-9,13,-9,13,-9,13,-8,13,-8,13,-8,14,-8,13,-7,14,-7,14,-8,14,-6,14,-6,0,0,-7,12,-8,13,-6,12,-8,13,-8,12,-7,13,-7,13,-7,12,-7,13,-7,11,-7,13,-6,13,-7,13,-7,13,-7,12,-6,13,-5,13,-6,12,-5,13,-6,13,-7,12,-6,12,-6,11,-5,12,-6,13,-5,13,0,0,-5,13,-4,13,-5,13,-4,13,-5,13,-5,13,-5,13,-4,13,-4,13,-4,13,-3,14,-4,13,-4,13,-4,13,-4,14,-3,15,-4,14,-4,15,-5,15,-5,14,-5,15,-5,14,-6,14,-6,15,-7,15,-8,15,0,0]"
CSI_DATA: 571,6,122,122,128,121,135,0,-35,-21,52499.34,52500.470,157.425,52855.831,347.691,201.831,"[3,0,3,-1,3,-1,4,-2,3,-2,3,-3,3,-4,3,-4,3,-4,2,-5,3,-6,3,-7,3,-7,4,-8,4,-8,4,-9,3,-8,4,-8,4,-9,4,-9,4,-9,3,-9,4,-9,2,-10,3,-11,2,-11,0,0,2,-12,2,-12,2,-13,2,-13,1,-14,1,-14,1,-15,1,-15,1,-15,1,-16,1,-17,1,-17,1,-17,1,-18,1,-18,2,-18,1,-19,2,-18,3,-18,3,-18,4,-18,4,-18,5,-18,4,-18,5,-16,5,-16,0,0,0,-14,-1,-14,-2,-14,-1,-16,-2,-15,-2,-15,-2,-15,-2,-15,-3,-15,-2,-15,-3,-16,-3,-16,-3,-16,-4,-15,-3,-16,-5,-15,-6,-15,-5,-14,-7,-15,-7,-15,-7,-15,-8,-15,-7,-15,-10,-14,-10,-16,-11,-16,0,0,-12,-16,-12,-16,-13,-17,-13,-16,-13,-17,-14,-17,-14,-18,-14,-17,-15,-17,-15,-17,-16,-19,-15,-19,-15,-20,-16,-20,-16,-20,-17,-21,-16,-20,-17,-22,-16,-22,-15,-22,-15,-24,-14,-23,-13,-24,-13,-24,-11,-25,-11,-26,0,0]"
CSI_DATA: 572,7,114,114,115,114,135,0,-27,-18,52414.12,52415.448,201.642,52925.447,417.307,271.447,"[-4,9,-4,9,-3,9,-3,9,-3,9,-3,8,-2,8,-2,8,-2,8,-1,8,0,9,0,9,0,10,0,10,0,10,0,10,0,9,0,9,0,10,0,10,0,10,0,9,0,9,1,9,1,10,2,9,0,0,2,9,3,9,4,9,4,9,4,10,4,10,4,10,5,10,5,10,5,10,6,11,6,11,6,11,7,12,7,12,7,12,7,14,7,14,7,14,7,15,6,16,6,16,5,17,6,18,5,18,4,18,0,0,-12,-14,-12,-14,-13,-13,-14,-15,-13,-14,-13,-14,-13,-14,-12,-14,-13,-14,-12,-14,-13,-15,-13,-14,-13,-14,-12,-13,-11,-13,-13,-12,-13,-11,-12,-11,-13,-10,-13,-11,-13,-11,-14,-10,-13,-11,-15,-9,-15,-10,-16,-10,0,0,-16,-10,-17,-10,-17,-9,-17,-10,-17,-10,-17,-11,-17,-11,-16,-11,-17,-11,-17,-11,-18,-11,-16,-11,-16,-11,-16,-12,-16,-11,-17,-12,-16,-12,-16,-12,-15,-12,-14,-12,-14,-13,-13,-12,-13,-13,-13,-12,-12,-13,-12,-13,0,0]"
CSI_DATA: 573,3,114,114,133,113,136,0,-23,-24,52885.890,52887.502,11.763,53057.97,131.650,13.98,"[0,-10,-1,-10,-1,-10,-1,-11,-1,-10,-2,-11,-2,-10,-2,-10,-2,-10,-3,-10,-4,-11,-4,-11,-4,-11,-5,-11,-5,-11,-6,-11,-6,-11,-6,-11,-7,-11,-6,-12,-6,-12,-7,-12,-7,-12,-9,-11,-9,-13,-9,-12,0,0,-10,-12,-10,-13,-11,-13,-11,-12,-11,-13,-11,-14,-11,-14,-11,-14,-12,-14,-12,-14,-13,-15,-12,-15,-13,-15,-13,-15,-13,-15,-14,-16,-13,-16,-13,-16,-13,-17,-12,-17,-12,-18,-11,-18,-11,-19,-13,-19,-11,-20,-10,-20,0,0,13,4,14,4,14,3,15,4,14,4,14,4,14,4,14,4,15,4,14,3,16,4,16,3,16,3,15,3,15,4,17,2,16,2,15,2,16,2,16,3,16,3,16,2,16,2,16,0,18,1,18,0,0,0,18,0,18,0,18,0,18,-1,18,0,19,0,19,0,18,0,19,0,19,0,20,-1,19,0,19,0,19,0,20,0,21,0,20,0,20,0,20,1,20,1,20,2,19,2,19,3,20,2,20,4,20,4,0,0]"
CSI_DATA: 574,4,119,119,133,118,136,0,-24,-28,52882.846,52884.458,57.387,53112.877,187.430,68.878,"[-13,2,-13,2,-13,3,-14,3,-13,3,-14,3,-13,3,-13,3,-13,3,-13,3,-13,4,-12,4,-13,5,-12,5,-13,4,-13,5,-12,5,-12,5,-12,6,-12,5,-13,5,-12,6,-12,5,-11,7,-12,7,-12,8,0,0,-12,8,-12,8,-12,9,-11,9,-12,8,-13,9,-13,8,-12,8,-12,9,-12,9,-12,10,-13,9,-13,9,-13,9,-13,9,-13,9,-14,9,-14,9,-14,8,-14,7,-15,7,-15,6,-15,6,-15,6,-15,5,-15,5,0,0,-16,-5,-16,-5,-15,-4,-16,-5,-15,-5,-15,-5,-15,-5,-14,-4,-14,-5,-14,-4,-14,-4,-14,-3,-14,-4,-14,-4,-13,-4,-14,-3,-13,-3,-12,-3,-12,-3,-12,-3,-12,-3,-12,-2,-11,-3,-12,-1,-12,-2,-12,-1,0,0,-11,-1,-11,0,-11,0,-11,0,-11,0,-11,1,-11,1,-11,1,-11,2,-11,2,-12,2,-12,2,-12,3,-12,3,-13,3,-13,3,-13,4,-13,3,-14,3,-14,3,-15,2,-15,2,-16,2,-16,2,-17,1,-17,0,0,0]"
CSI_DATA: 575,5,127,127,131,126,136,0,-26,-31,52885.895,52887.507,101.955,53180.38,254.591,136.39,"[-14,-16,-14,-16,-14,-15,-14,-17,-14,-16,-13,-16,-13,-16,-12,-15,-12,-15,-12,-15,-13,-16,-13,-15,-13,-15,-13,-14,-12,-15,-13,-15,-13,-13,-12,-14,-13,-14,-12,-15,-11,-15,-12,-14,-11,-14,-13,-13,-13,-14,-13,-13,0,0,-12,-13,-13,-13,-13,-12,-13,-12,-12,-13,-12,-13,-12,-13,-12,-12,-12,-12,-12,-12,-13,-12,-12,-12,-12,-11,-12,-11,-12,-12,-11,-11,-12,-12,-11,-11,-11,-11,-10,-11,-10,-12,-10,-11,-10,-11,-10,-11,-9,-11,-10,-11,0,0,15,-2,15,-2,15,-3,16,-2,15,-2,15,-2,15,-3,15,-2,14,-3,14,-3,15,-4,14,-4,14,-4,14,-4,14,-3,14,-5,13,-5,13,-5,13,-5,13,-4,13,-4,13,-5,12,-5,12,-7,13,-6,12,-7,0,0,11,-7,12,-8,12,-8,11,-8,12,-8,12,-8,12,-8,12,-8,12,-9,11,-9,12,-10,13,-9,13,-9,13,-9,13,-10,13,-10,14,-10,14,-9,15,-9,15,-8,16,-8,16,-6,17,-6,17,-7,17,-5,17,-5,0,0]"
CSI_DATA: 576,7,115,115,116,115,136,0,-24,-19,52804.10,52805.622,211.660,53257.49,331.602,213.50,"[11,-12,11,-12,10,-12,11,-12,10,-11,10,-11,10,-11,10,-10,9,-11,8,-11,9,-12,8,-12,8,-13,8,-12,9,-12,8,-13,7,-13,7,-12,7,-13,8,-13,8,-13,7,-13,7,-12,6,-14,7,-14,6,-14,0,0,6,-14,6,-15,5,-16,5,-15,5,-16,6,-16,6,-16,6,-16,5,-16,5,-16,4,-18,4,-18,5,-18,5,-19,5,-18,5,-20,6,-20,6,-20,7,-20,8,-19,8,-20,9,-20,9,-20,9,-22,10,-21,11,-21,0,0,15,0,15,-1,16,-2,17,-1,16,-1,16,-1,16,-1,16,-1,16,-1,17,-2,17,-2,17,-2,17,-2,16,-2,16,-1,17,-3,15,-3,15,-3,15,-4,16,-3,16,-3,16,-4,16,-3,15,-6,17,-5,16,-6,0,0,16,-6,17,-7,17,-7,17,-7,17,-6,18,-6,18,-6,18,-6,18,-7,18,-7,18,-7,17,-6,18,-6,18,-6,18,-6,18,-6,19,-6,18,-5,18,-4,18,-3,18,-3,17,-3,18,-2,18,-3,17,-1,17,-1,0,0]"
CSI_DATA: 577,3,115,115,134,114,137,0,-21,-25,53275.891,53279.909,14.164,53449.580,192.531,15.582,"[-11,8,-12,9,-10,10,-12,10,-12,10,-12,10,-12,10,-11,10,-12,10,-11,11,-12,11,-12,12,-12,12,-12,12,-12,12,-11,13,-11,13,-11,12,-11,13,-12,13,-12,13,-12,14,-12,13,-11,15,-13,15,-12,15,0,0,-11,16,-12,15,-12,17,-11,16,-12,16,-13,17,-13,16,-12,16,-13,16,-12,16,-13,18,-13,16,-13,16,-14,17,-13,17,-13,18,-14,18,-14,18,-14,17,-14,17,-16,17,-16,16,-17,16,-17,17,-18,15,-18,15,0,0,13,8,13,7,14,6,14,8,13,8,13,7,13,7,13,7,13,7,13,7,14,7,14,6,14,6,13,5,13,6,14,5,13,4,13,5,13,4,14,4,14,4,14,4,14,4,14,2,15,3,15,2,0,0,16,2,16,2,16,1,17,1,16,1,16,2,17,2,16,2,17,1,18,2,18,1,17,2,17,2,18,2,18,2,19,2,19,2,19,2,19,3,19,4,19,5,18,5,19,5,19,5,19,7,19,8,0,0]"
CSI_DATA: 578,4,120,120,134,119,137,0,-23,-26,53272.848,53276.865,57.409,53503.206,246.157,69.208,"[-12,4,-11,5,-11,6,-12,5,-12,5,-12,5,-11,6,-11,6,-11,6,-11,6,-12,6,-11,7,-12,7,-11,7,-11,7,-11,8,-10,7,-10,8,-10,9,-10,8,-10,8,-10,9,-10,8,-10,9,-11,10,-10,10,0,0,-10,10,-10,11,-10,11,-10,11,-10,11,-11,12,-11,12,-10,11,-10,12,-10,11,-11,12,-11,11,-11,11,-11,12,-11,12,-11,12,-12,12,-12,12,-12,12,-12,11,-13,10,-13,10,-14,10,-14,9,-14,8,-14,8,0,0,-15,-5,-15,-4,-15,-4,-16,-5,-15,-5,-15,-5,-16,-5,-15,-5,-15,-4,-15,-4,-16,-5,-16,-4,-16,-4,-16,-4,-15,-5,-16,-4,-15,-3,-15,-4,-15,-3,-15,-4,-15,-4,-15,-3,-14,-4,-15,-2,-16,-3,-15,-2,0,0,-15,-1,-16,-1,-15,-1,-15,-1,-15,-1,-16,-1,-16,-1,-15,-1,-16,0,-16,0,-17,0,-16,-1,-16,-1,-17,-1,-17,0,-18,-1,-18,0,-18,-1,-18,-1,-17,-2,-18,-3,-17,-3,-17,-4,-18,-3,-17,-5,-17,-6,0,0]"
CSI_DATA: 579,5,128,128,132,127,137,0,-24,-28,53275.897,53279.915,111.953,53574.12,316.963,140.14,"[-11,13,-10,13,-9,13,-11,14,-10,13,-11,13,-10,13,-10,12,-10,12,-9,13,-10,13,-9,13,-9,13,-9,13,-9,13,-8,14,-8,13,-8,12,-7,13,-8,13,-8,13,-7,14,-8,13,-6,14,-7,15,-7,15,0,0,-6,14,-7,15,-6,15,-6,15,-6,15,-7,15,-7,15,-7,15,-7,15,-6,15,-7,16,-7,15,-7,15,-7,16,-7,15,-7,16,-7,16,-8,15,-8,15,-8,15,-9,15,-9,14,-10,15,-9,15,-11,14,-10,13,0,0,10,-13,10,-13,9,-13,11,-14,10,-13,10,-14,10,-14,10,-13,10,-14,9,-13,10,-15,10,-15,10,-15,10,-14,11,-14,10,-16,9,-15,9,-14,9,-15,10,-14,11,-14,10,-15,10,-14,8,-15,9,-16,9,-17,0,0,9,-16,9,-16,9,-17,8,-16,9,-16,10,-16,10,-16,9,-16,9,-16,9,-16,9,-18,9,-16,9,-16,9,-16,9,-16,10,-17,9,-16,10,-16,10,-16,10,-15,11,-14,10,-14,11,-13,10,-14,11,-13,11,-13,0,0]"
CSI_DATA: 580,6,123,123,129,122,137,0,-39,-25,53279.33,53283.51,157.454,53642.293,385.244,208.295,"[0,-4,1,-3,1,-3,1,-3,2,-3,3,-3,3,-3,4,-2,4,-2,4,-1,5,-1,6,-1,6,0,7,0,7,0,7,0,7,-1,7,0,8,0,8,1,9,1,9,1,9,1,9,0,10,1,10,1,0,0,11,1,12,1,13,1,12,1,13,2,13,2,13,2,14,2,14,2,13,1,15,1,14,2,14,2,15,1,14,1,15,0,15,1,15,1,15,0,15,1,15,1,15,0,15,1,15,-1,16,0,16,0,0,0,5,14,5,14,5,14,5,16,4,16,4,16,4,16,4,16,4,16,4,15,4,17,4,16,5,16,5,15,4,15,6,15,6,14,6,15,7,15,6,15,7,16,7,16,7,16,10,15,10,16,11,17,0,0,10,17,11,17,11,18,11,18,12,18,11,19,11,19,11,19,11,19,12,19,13,20,12,19,12,20,11,20,12,20,12,21,11,21,11,21,10,22,10,21,10,22,9,22,10,22,11,22,9,23,9,23,0,0]"
CSI_DATA: 581,7,116,116,117,116,137,0,-24,-19,53194.12,53198.30,211.658,53699.250,442.201,265.252,"[-5,11,-4,11,-3,11,-4,12,-4,11,-3,11,-3,11,-2,10,-3,11,-2,11,-2,11,-1,12,-1,12,0,12,-1,12,0,12,0,11,0,11,1,12,1,12,1,12,1,12,1,12,3,12,3,13,3,13,0,0,4,13,5,13,5,13,6,13,6,14,6,14,7,15,7,14,7,15,8,14,9,15,8,15,9,16,9,17,9,17,10,18,10,19,10,19,9,19,9,20,8,21,7,21,7,23,8,23,6,23,5,24,0,0,16,-8,16,-8,15,-9,17,-8,16,-8,16,-8,16,-8,16,-7,16,-7,15,-7,16,-7,15,-7,14,-7,13,-7,13,-7,12,-9,11,-10,11,-10,11,-11,12,-11,12,-11,12,-12,12,-11,11,-13,13,-13,12,-15,0,0,12,-14,13,-14,13,-15,13,-15,14,-14,14,-14,14,-14,14,-14,14,-14,14,-14,15,-14,14,-12,14,-12,15,-12,14,-12,14,-12,14,-12,14,-12,14,-11,14,-10,14,-10,13,-9,14,-9,13,-9,14,-8,14,-8,0,0]"
CSI_DATA: 582,3,116,116,135,115,138,0,-23,-25,53665.874,53667.372,11.595,53836.975,137.725,12.975,"[3,11,4,11,4,10,4,12,4,11,4,11,4,11,5,11,4,12,5,10,6,12,7,11,6,11,7,11,6,12,8,11,8,11,7,10,8,11,7,12,7,12,8,12,7,11,9,11,10,12,10,12,0,0,10,12,10,12,11,12,11,11,11,12,11,12,11,12,11,12,12,12,11,12,13,12,12,12,12,12,13,13,12,13,13,13,13,13,13,14,12,14,11,15,12,15,12,15,11,15,12,16,11,17,11,18,0,0,-9,-17,-10,-17,-10,-16,-10,-18,-10,-16,-10,-17,-10,-17,-9,-16,-9,-17,-9,-15,-10,-17,-10,-16,-10,-16,-11,-16,-10,-16,-12,-16,-11,-15,-10,-15,-11,-15,-11,-16,-10,-16,-11,-16,-10,-15,-12,-14,-12,-16,-12,-16,0,0,-12,-15,-12,-15,-13,-15,-12,-15,-12,-15,-11,-16,-11,-16,-11,-15,-11,-16,-11,-15,-12,-15,-10,-15,-11,-15,-11,-15,-11,-15,-12,-15,-11,-14,-11,-15,-10,-15,-9,-15,-9,-15,-8,-14,-8,-14,-9,-14,-9,-15,-8,-15,0,0]"
CSI_DATA: 583,4,121,121,135,120,138,0,-25,-24,53662.831,53664.330,57.348,53896.543,197.293,72.543,"[11,-7,11,-8,10,-8,12,-8,11,-8,10,-8,10,-8,10,-8,10,-9,9,-9,10,-10,9,-10,10,-10,9,-10,9,-10,8,-11,8,-11,8,-10,8,-11,8,-11,8,-11,8,-11,8,-11,7,-12,8,-13,7,-13,0,0,7,-13,7,-14,7,-14,7,-14,8,-14,7,-15,8,-14,8,-14,8,-15,8,-14,8,-16,9,-14,8,-15,9,-15,9,-15,9,-15,9,-15,9,-15,10,-14,10,-13,11,-13,12,-13,12,-12,12,-13,12,-12,13,-11,0,0,-10,14,-9,15,-8,15,-10,16,-9,15,-9,15,-9,15,-9,15,-9,15,-8,15,-8,17,-7,17,-8,17,-8,17,-9,17,-7,17,-7,17,-7,16,-7,17,-8,17,-8,17,-7,17,-7,17,-5,18,-6,19,-5,19,0,0,-5,18,-5,19,-5,20,-4,19,-5,20,-6,20,-5,20,-5,19,-5,20,-4,20,-4,21,-5,20,-5,20,-5,21,-5,21,-6,22,-5,21,-5,22,-7,21,-7,21,-8,21,-8,20,-9,21,-8,21,-9,20,-10,20,0,0]"
CSI_DATA: 584,5,129,129,133,128,138,0,-26,-26,53665.880,53667.379,101.916,53962.255,263.05,138.255,"[-10,-13,-10,-12,-10,-11,-10,-13,-10,-12,-10,-12,-10,-12,-9,-12,-9,-12,-10,-11,-10,-12,-11,-12,-10,-12,-11,-11,-10,-12,-11,-11,-11,-11,-10,-10,-11,-10,-11,-11,-10,-11,-11,-11,-10,-11,-12,-10,-12,-11,-12,-11,0,0,-12,-10,-12,-11,-13,-10,-12,-10,-12,-11,-13,-11,-13,-11,-12,-11,-12,-11,-12,-10,-13,-10,-12,-11,-13,-11,-13,-12,-12,-11,-13,-12,-13,-11,-13,-12,-12,-12,-11,-12,-11,-12,-11,-13,-11,-13,-11,-13,-11,-13,-10,-14,0,0,-17,-6,-17,-6,-17,-5,-18,-6,-17,-5,-18,-6,-17,-6,-18,-6,-18,-6,-17,-5,-19,-5,-19,-4,-19,-5,-19,-4,-19,-5,-20,-4,-19,-4,-19,-4,-20,-3,-19,-4,-20,-5,-20,-4,-19,-4,-20,-1,-21,-3,-21,-2,0,0,-21,-2,-21,-2,-22,-1,-20,-1,-21,-1,-22,-2,-22,-2,-22,-1,-22,-1,-22,-1,-24,1,-22,-1,-22,-1,-24,-1,-23,-1,-24,-1,-24,-1,-24,-1,-24,-2,-23,-4,-24,-4,-23,-5,-23,-5,-24,-3,-24,-6,-24,-6,0,0]"
CSI_DATA: 585,6,124,124,130,123,138,0,-30,-31,53669.17,53670.515,157.401,54040.329,341.79,216.329,"[0,-7,0,-7,-1,-7,0,-9,-1,-8,-1,-9,-1,-9,-2,-9,-2,-9,-2,-9,-2,-10,-3,-10,-3,-11,-3,-11,-3,-11,-4,-11,-4,-10,-4,-11,-5,-11,-5,-12,-4,-12,-5,-12,-5,-12,-6,-12,-7,-13,-7,-13,0,0,-7,-13,-7,-14,-8,-15,-8,-14,-8,-15,-8,-16,-8,-16,-8,-16,-8,-16,-9,-15,-10,-16,-9,-17,-9,-17,-9,-18,-9,-17,-9,-18,-9,-18,-9,-18,-9,-19,-7,-18,-8,-19,-7,-19,-7,-20,-8,-20,-7,-20,-6,-20,0,0,2,10,2,10,3,10,2,11,1,10,1,10,1,9,1,9,1,9,1,8,1,9,1,9,2,9,2,9,1,9,3,9,3,9,2,9,3,10,2,10,2,10,3,10,3,10,4,10,4,11,5,11,0,0,5,11,5,11,6,12,6,11,6,12,6,13,7,13,7,13,8,13,9,13,10,13,10,13,10,14,10,15,11,14,12,15,12,15,12,16,12,17,12,17,12,19,12,18,12,19,14,19,12,21,12,21,0,0]"
CSI_DATA: 586,7,117,117,118,117,138,0,-28,-21,53583.996,53585.495,201.608,54104.199,404.949,280.199,"[-6,-8,-6,-8,-6,-7,-6,-7,-6,-7,-6,-6,-6,-5,-6,-5,-7,-4,-7,-3,-8,-3,-8,-3,-9,-3,-9,-2,-9,-3,-10,-2,-10,-2,-10,-2,-11,-1,-11,-2,-11,-2,-11,-1,-10,-1,-11,0,-12,1,-12,1,0,0,-13,2,-13,2,-14,3,-13,4,-14,4,-15,5,-15,5,-15,5,-16,6,-16,7,-17,8,-17,7,-18,7,-19,8,-19,8,-21,9,-21,9,-22,9,-22,8,-23,8,-24,7,-25,7,-26,7,-26,7,-27,6,-28,5,0,0,2,-15,2,-16,2,-15,3,-16,2,-15,3,-15,3,-15,3,-14,3,-14,2,-13,2,-14,1,-13,1,-13,0,-12,0,-13,-1,-13,-2,-13,-1,-13,-3,-13,-2,-13,-1,-14,-2,-14,-2,-14,-4,-14,-3,-15,-4,-15,0,0,-3,-15,-4,-15,-4,-16,-4,-15,-3,-15,-3,-15,-2,-16,-2,-15,-3,-16,-3,-15,-3,-16,-2,-15,-2,-15,-2,-16,-2,-15,-2,-16,-2,-15,-1,-15,-1,-15,0,-15,0,-15,0,-14,0,-14,0,-14,1,-14,1,-14,0,0]"
CSI_DATA: 587,3,117,117,136,116,139,0,-22,-22,54055.890,54057.335,11.607,54226.929,122.730,12.930,"[-12,-7,-12,-7,-13,-6,-13,-8,-13,-7,-13,-7,-13,-7,-12,-7,-13,-7,-13,-6,-14,-7,-14,-6,-14,-6,-14,-6,-14,-6,-15,-5,-14,-5,-14,-5,-14,-5,-15,-5,-15,-6,-15,-5,-14,-5,-15,-4,-16,-5,-16,-4,0,0,-16,-4,-16,-4,-17,-4,-16,-3,-17,-4,-17,-4,-17,-4,-17,-4,-17,-4,-17,-4,-18,-3,-17,-4,-18,-4,-18,-4,-18,-4,-18,-4,-19,-4,-18,-4,-18,-5,-18,-5,-18,-6,-18,-6,-19,-7,-19,-7,-18,-8,-18,-8,0,0,-16,6,-16,6,-15,7,-17,7,-16,7,-16,7,-16,7,-16,7,-16,7,-15,7,-16,7,-16,8,-15,8,-15,7,-16,7,-16,8,-15,8,-14,7,-15,8,-15,8,-16,8,-15,8,-15,8,-14,9,-16,9,-15,10,0,0,-15,9,-15,10,-16,10,-15,10,-15,10,-16,10,-16,10,-15,9,-16,10,-15,9,-16,10,-15,9,-16,9,-16,9,-16,8,-17,9,-16,9,-17,8,-17,7,-16,7,-17,7,-16,6,-16,6,-17,6,-17,4,-17,4,0,0]"
CSI_DATA: 588,4,122,122,136,121,139,0,-23,-27,54052.848,54054.293,57.397,54285.803,181.604,71.804,"[3,13,3,13,5,13,4,14,4,14,4,13,4,13,4,13,4,13,5,12,5,14,6,13,6,13,6,13,5,13,6,13,6,12,6,12,7,12,6,13,6,13,7,12,6,12,8,11,8,12,9,12,0,0,9,12,9,12,9,12,9,11,9,12,9,12,9,12,9,12,10,12,10,11,11,12,10,12,10,12,10,12,10,12,10,13,11,13,10,13,10,14,9,14,8,14,8,14,8,15,8,15,6,15,6,15,0,0,-7,-13,-8,-14,-7,-13,-8,-15,-8,-14,-8,-15,-8,-14,-8,-15,-8,-15,-7,-14,-9,-16,-9,-15,-9,-15,-9,-16,-8,-16,-9,-16,-10,-16,-9,-14,-10,-15,-9,-16,-8,-16,-9,-15,-8,-15,-11,-14,-11,-16,-12,-15,0,0,-11,-14,-11,-15,-12,-15,-12,-14,-12,-15,-12,-15,-11,-15,-12,-14,-12,-15,-12,-14,-14,-15,-13,-15,-13,-15,-14,-16,-13,-15,-15,-16,-14,-15,-14,-17,-14,-17,-13,-17,-13,-17,-12,-17,-11,-18,-13,-18,-12,-19,-12,-20,0,0]"
CSI_DATA: 589,5,130,130,134,129,139,0,-24,-23,54055.897,54057.342,101.965,54354.119,249.920,140.120,"[16,-1,16,-2,16,-3,17,-2,16,-2,16,-2,16,-2,16,-2,15,-2,15,-2,16,-2,16,-2,16,-3,16,-2,16,-2,16,-4,15,-3,15,-3,15,-4,15,-3,15,-3,15,-4,15,-3,14,-4,16,-4,15,-4,0,0,15,-5,15,-5,15,-5,14,-5,15,-5,15,-5,15,-5,15,-5,15,-6,15,-5,16,-6,15,-5,15,-5,16,-5,16,-5,16,-5,16,-5,16,-4,16,-4,16,-3,16,-3,16,-2,16,-2,16,-2,16,-1,16,0,0,0,13,-9,13,-9,11,-10,14,-10,12,-10,13,-11,13,-10,12,-11,12,-10,12,-10,13,-12,13,-12,12,-12,13,-12,13,-11,12,-13,12,-13,12,-12,12,-13,12,-13,13,-13,12,-13,12,-13,11,-15,12,-15,12,-16,0,0,11,-16,12,-16,12,-17,11,-17,12,-17,13,-17,12,-17,12,-17,12,-17,12,-18,13,-19,13,-18,13,-17,14,-18,13,-18,14,-19,14,-18,15,-19,15,-18,15,-18,17,-17,16,-17,17,-17,17,-18,19,-16,19,-16,0,0]"
CSI_DATA: 590,7,118,118,119,118,139,0,-26,-20,53974.14,53975.459,201.660,54423.221,319.22,209.222,"[3,7,4,7,4,6,4,6,4,6,5,5,5,5,5,4,6,4,7,4,7,4,8,4,8,4,9,4,8,5,9,4,8,4,8,4,8,3,8,3,9,3,8,3,8,2,9,2,10,2,10,1,0,0,10,0,11,0,11,-1,12,-2,13,-1,13,-2,13,-2,14,-2,14,-3,15,-3,16,-4,16,-3,17,-3,18,-3,18,-4,19,-4,20,-4,20,-4,21,-3,21,-3,22,-2,22,-1,23,-1,24,-1,24,1,24,2,0,0,3,16,4,16,5,16,4,17,4,16,3,16,3,16,3,15,3,15,3,14,4,16,4,15,4,15,4,14,3,15,5,15,5,14,4,14,5,14,4,14,4,14,5,14,4,14,6,13,5,14,6,14,0,0,6,13,6,13,6,13,6,13,6,13,6,14,6,13,6,13,6,13,6,13,7,14,6,13,6,13,6,13,6,14,6,14,6,14,5,14,5,14,4,14,4,14,3,13,3,14,4,14,2,14,2,14,0,0]"
CSI_DATA: 591,3,118,118,137,117,140,0,-22,-20,54445.885,54447.294,11.582,54616.963,193.742,12.960,"[4,-13,4,-14,3,-14,4,-15,4,-15,3,-14,3,-14,3,-14,3,-14,3,-14,3,-16,2,-16,3,-16,2,-16,3,-16,1,-17,1,-15,1,-16,1,-16,1,-17,2,-17,1,-17,2,-16,0,-17,1,-18,0,-18,0,0,0,-18,-1,-19,-1,-19,-1,-18,-1,-19,0,-19,0,-19,-1,-19,-1,-20,-1,-20,-2,-21,-1,-20,-1,-21,-1,-21,-1,-21,-2,-22,-1,-22,-1,-22,0,-23,1,-22,2,-23,2,-22,2,-23,2,-23,4,-23,4,-23,0,0,-1,-16,-1,-16,-2,-16,-2,-17,-2,-16,-2,-16,-2,-15,-2,-15,-2,-15,-3,-15,-3,-16,-4,-16,-4,-16,-4,-15,-4,-16,-5,-16,-5,-15,-5,-15,-6,-15,-5,-15,-5,-16,-6,-16,-5,-15,-7,-15,-7,-16,-8,-16,0,0,-8,-16,-8,-16,-8,-17,-8,-16,-8,-16,-8,-17,-8,-17,-7,-16,-8,-17,-8,-16,-9,-17,-7,-17,-7,-17,-8,-17,-8,-17,-8,-18,-8,-17,-7,-17,-7,-17,-6,-17,-6,-18,-4,-17,-5,-17,-5,-17,-4,-18,-4,-18,0,0]"
CSI_DATA: 592,4,123,123,137,122,140,0,-24,-27,54442.844,54444.253,57.391,54676.412,253.191,72.409,"[-11,-7,-11,-7,-12,-6,-12,-7,-12,-7,-12,-7,-12,-7,-11,-7,-12,-6,-12,-6,-12,-7,-13,-6,-13,-6,-12,-5,-12,-6,-13,-5,-12,-4,-12,-5,-13,-4,-13,-4,-13,-5,-13,-4,-13,-5,-13,-3,-14,-4,-14,-3,0,0,-14,-2,-15,-3,-15,-2,-15,-2,-15,-2,-15,-2,-15,-2,-15,-3,-15,-2,-15,-2,-16,-2,-16,-3,-16,-3,-16,-3,-16,-3,-17,-3,-17,-3,-16,-4,-16,-4,-16,-5,-16,-6,-16,-6,-16,-7,-16,-7,-15,-8,-14,-8,0,0,8,10,9,10,9,10,9,11,9,10,9,11,9,10,9,10,9,10,9,9,9,11,10,10,9,11,9,11,8,11,10,11,9,10,8,10,9,10,8,10,8,10,8,10,8,10,9,9,9,10,9,9,0,0,9,9,9,9,9,9,9,8,9,8,9,8,9,8,9,8,10,8,10,8,11,8,10,7,10,8,10,8,11,8,12,8,12,8,12,8,12,8,12,9,13,10,12,10,12,10,12,11,12,12,12,13,0,0]"
CSI_DATA: 593,5,131,131,135,130,140,0,-24,-23,54445.893,54447.302,101.983,54740.779,317.558,136.776,"[-11,14,-11,14,-10,15,-11,15,-10,15,-10,14,-10,14,-10,13,-10,14,-9,14,-10,15,-9,15,-9,15,-9,15,-9,14,-8,16,-8,15,-8,15,-8,15,-8,15,-8,15,-7,15,-8,15,-6,16,-7,16,-7,16,0,0,-6,16,-6,17,-6,17,-5,17,-6,17,-6,17,-6,18,-6,17,-6,18,-5,18,-5,19,-6,18,-6,18,-6,18,-6,18,-6,19,-7,19,-7,18,-8,18,-8,18,-9,18,-9,18,-10,18,-9,18,-11,17,-11,17,0,0,-2,13,-2,13,-1,13,-2,14,-2,13,-1,14,-1,13,-1,13,-1,13,0,13,-1,14,0,14,1,14,1,14,0,14,1,14,2,14,1,13,2,13,1,14,1,14,2,14,1,14,3,14,3,15,4,15,0,0,4,15,4,15,4,15,5,15,4,15,4,15,4,15,4,15,5,15,5,15,6,16,5,15,5,16,5,16,5,16,6,17,6,17,5,18,5,18,4,17,4,18,3,18,3,18,4,19,2,20,1,20,0,0]"
CSI_DATA: 594,7,119,119,120,119,140,0,-23,-19,54364.10,54365.420,201.650,54808.295,385.74,204.292,"[6,10,7,10,8,9,7,10,7,9,7,9,7,8,7,8,7,8,8,7,8,8,9,7,9,7,9,7,9,7,11,6,10,5,10,6,10,6,10,7,10,6,11,6,10,6,11,5,12,6,12,4,0,0,12,4,13,4,13,4,13,3,13,4,14,4,14,4,14,3,15,3,15,3,16,2,15,3,16,2,17,3,17,2,18,2,19,3,19,3,19,3,19,4,20,5,20,5,21,7,21,6,21,8,21,9,0,0,16,2,16,1,16,0,18,1,16,1,16,2,15,1,15,1,15,2,14,1,15,1,14,0,14,0,13,-1,14,-1,14,-2,13,-3,13,-2,13,-3,14,-3,14,-3,15,-3,14,-3,14,-4,15,-4,15,-5,0,0,15,-5,16,-4,16,-5,15,-5,15,-4,16,-5,16,-4,16,-4,16,-4,16,-4,16,-5,16,-4,16,-4,17,-4,16,-3,17,-3,16,-3,16,-3,16,-2,16,-2,16,-1,15,0,15,0,15,0,15,0,15,1,0,0]"
CSI_DATA: 595,3,119,119,138,118,141,0,-21,-24,54835.852,54837.334,11.598,55008.637,200.342,14.640,"[-6,-13,-6,-13,-7,-12,-7,-14,-7,-13,-7,-13,-7,-13,-7,-13,-7,-13,-7,-12,-8,-13,-8,-13,-9,-13,-9,-13,-8,-14,-10,-13,-9,-12,-9,-13,-10,-13,-9,-14,-9,-14,-10,-13,-9,-13,-11,-13,-11,-14,-11,-14,0,0,-11,-13,-12,-14,-13,-14,-12,-13,-12,-14,-12,-14,-12,-15,-12,-14,-12,-15,-12,-14,-13,-15,-12,-15,-13,-15,-13,-15,-13,-15,-13,-16,-13,-16,-13,-16,-12,-17,-12,-17,-11,-18,-11,-18,-11,-18,-12,-18,-10,-19,-10,-19,0,0,1,16,1,16,2,15,1,17,1,16,1,16,1,16,1,15,1,16,2,15,2,16,3,16,3,16,3,15,2,16,4,16,4,15,3,15,4,15,3,15,3,16,4,15,3,15,5,15,4,16,5,16,0,0,5,16,5,15,6,16,6,15,5,16,5,17,5,16,5,16,5,16,5,16,7,17,5,16,5,16,5,16,5,16,5,17,5,16,5,17,4,17,3,16,3,17,2,16,2,16,2,16,1,16,1,16,0,0]"
CSI_DATA: 596,4,124,124,138,123,141,0,-25,-26,54832.812,54834.294,57.383,55065.48,256.753,71.51,"[10,-6,10,-7,10,-7,11,-8,10,-7,10,-8,10,-8,10,-8,10,-8,9,-8,10,-10,10,-10,9,-10,9,-10,10,-10,8,-11,8,-11,8,-10,8,-11,8,-11,8,-11,8,-12,7,-11,6,-13,7,-13,6,-14,0,0,6,-14,6,-14,6,-15,5,-14,6,-15,7,-15,6,-16,6,-15,6,-16,6,-16,6,-18,7,-17,6,-17,7,-17,7,-17,7,-18,8,-18,8,-18,9,-17,9,-16,10,-16,10,-16,11,-15,11,-16,11,-15,12,-14,0,0,-8,12,-8,13,-7,13,-8,13,-8,13,-8,13,-8,13,-7,12,-7,13,-7,13,-7,14,-7,14,-7,14,-7,14,-8,13,-6,15,-6,13,-6,13,-5,14,-6,14,-6,14,-5,14,-5,13,-4,14,-4,14,-4,14,0,0,-3,14,-3,15,-3,15,-2,15,-2,15,-2,16,-2,17,-2,16,-1,16,-1,16,0,18,-1,17,-1,18,-1,18,-1,19,-1,20,-1,21,-1,21,-2,21,-2,21,-4,21,-4,21,-5,22,-5,23,-7,22,-8,22,0,0]"
CSI_DATA: 597,5,132,132,136,131,141,0,-25,-19,54835.861,54837.342,101.955,55130.98,321.803,136.101,"[0,-14,0,-14,-1,-14,-1,-16,-1,-14,-1,-15,-1,-14,-1,-14,-1,-14,-2,-14,-2,-15,-3,-15,-2,-15,-3,-15,-2,-16,-3,-15,-2,-15,-3,-14,-4,-15,-3,-15,-2,-15,-3,-15,-3,-14,-4,-14,-5,-16,-5,-15,0,0,-5,-15,-6,-15,-6,-16,-6,-14,-6,-15,-6,-16,-6,-16,-6,-16,-6,-16,-6,-16,-7,-16,-7,-16,-7,-16,-7,-17,-6,-16,-7,-17,-7,-17,-6,-17,-5,-17,-4,-17,-4,-18,-3,-17,-4,-17,-4,-18,-3,-17,-2,-17,0,0,-10,-10,-11,-10,-11,-9,-11,-10,-11,-9,-12,-9,-11,-9,-11,-9,-11,-9,-11,-8,-12,-9,-13,-8,-12,-8,-13,-8,-12,-9,-14,-7,-13,-7,-13,-7,-14,-7,-14,-7,-14,-7,-14,-7,-13,-7,-14,-5,-15,-6,-15,-6,0,0,-16,-6,-16,-5,-17,-5,-16,-5,-17,-5,-18,-5,-17,-5,-17,-5,-18,-5,-17,-5,-19,-5,-18,-5,-18,-6,-19,-6,-19,-6,-20,-6,-20,-6,-20,-7,-20,-7,-19,-8,-19,-9,-19,-9,-19,-9,-20,-9,-19,-11,-18,-12,0,0]"
CSI_DATA: 598,7,120,120,121,120,141,0,-22,-17,54753.979,54755.461,201.641,55204.142,395.847,210.145,"[13,1,14,1,13,0,15,1,14,0,14,0,14,0,14,0,14,-1,14,-1,15,-2,16,-2,16,-1,16,-1,16,0,16,-2,15,-2,14,-1,15,-2,14,-1,14,-1,14,-2,13,-2,13,-4,14,-4,14,-5,0,0,13,-6,14,-7,14,-8,13,-8,14,-9,15,-9,15,-9,15,-9,15,-10,15,-10,16,-13,16,-12,17,-12,18,-13,18,-12,19,-13,19,-13,20,-13,21,-13,21,-12,23,-11,23,-11,23,-11,24,-12,25,-10,26,-9,0,0,11,12,11,12,12,11,12,12,11,11,11,12,11,12,11,11,11,11,11,10,12,12,12,10,12,10,12,10,11,10,13,9,12,8,12,9,13,9,13,9,13,10,13,9,12,9,14,8,14,9,15,8,0,0,14,8,15,8,15,7,15,8,15,8,15,9,15,8,15,8,15,8,15,8,16,8,15,8,15,8,15,9,15,9,16,9,15,9,16,10,14,10,14,10,14,11,13,10,13,11,14,11,12,12,12,12,0,0]"
CSI_DATA: 599,3,120,120,139,119,142,0,-21,-24,55225.862,55227.316,11.612,55398.652,194.510,14.655,"[-6,12,-5,13,-4,13,-5,14,-5,13,-5,13,-5,13,-4,13,-4,13,-4,12,-4,14,-3,14,-3,14,-3,14,-4,14,-2,14,-2,14,-2,14,-1,15,-2,15,-2,15,-1,15,-2,14,0,15,-1,16,0,16,0,0,0,16,0,16,0,17,1,16,0,17,0,18,0,17,1,17,0,18,1,17,1,19,0,18,0,18,1,19,0,18,0,20,0,19,0,20,0,20,-1,19,-2,20,-3,19,-3,20,-2,20,-4,20,-4,20,0,0,7,13,7,13,8,12,8,14,7,13,7,13,7,13,7,13,7,13,7,11,8,13,9,12,8,13,8,12,7,13,9,12,9,12,8,12,9,12,8,12,8,12,9,12,8,12,10,11,10,12,11,12,0,0,11,12,10,12,11,12,11,11,11,12,10,12,10,13,10,12,11,13,11,12,12,13,10,12,10,12,11,13,10,13,11,13,11,13,10,14,10,14,9,14,8,14,8,14,8,14,9,13,7,14,7,15,0,0]"
CSI_DATA: 600,4,125,125,139,124,142,0,-22,-25,55222.823,55224.277,57.417,55447.803,243.661,63.806,"[-13,3,-14,3,-13,4,-14,4,-13,4,-14,4,-13,4,-13,5,-13,5,-12,5,-13,6,-13,6,-13,6,-13,7,-13,6,-12,7,-12,7,-11,7,-12,8,-12,8,-12,8,-11,9,-11,8,-10,10,-11,10,-11,11,0,0,-10,11,-11,11,-11,12,-10,12,-11,13,-11,13,-11,13,-11,13,-11,13,-10,13,-11,15,-11,14,-12,14,-12,15,-12,14,-12,15,-13,15,-13,15,-14,14,-14,14,-15,13,-16,12,-16,12,-16,13,-17,11,-17,11,0,0,11,9,11,9,12,8,12,10,12,10,12,10,12,9,12,9,12,9,11,9,13,10,13,9,12,9,12,9,12,9,14,8,13,7,12,8,13,7,13,8,12,8,13,7,12,7,13,6,14,7,14,6,0,0,14,5,14,5,15,4,15,4,15,5,16,5,16,5,16,4,17,4,17,4,18,3,17,4,17,4,18,4,19,4,20,4,19,4,20,5,20,6,20,7,20,8,19,8,19,8,20,8,20,10,19,11,0,0]"
CSI_DATA: 601,5,133,133,137,132,142,0,-23,-22,55225.872,55227.326,101.981,55511.28,306.886,127.31,"[5,-16,5,-16,4,-16,5,-17,5,-16,5,-16,4,-16,4,-16,4,-16,3,-16,3,-17,3,-16,3,-16,3,-17,3,-17,2,-17,2,-16,2,-16,1,-17,2,-17,2,-17,1,-17,1,-16,0,-16,1,-18,0,-17,0,0,0,-17,0,-18,-1,-18,-1,-17,-1,-18,-1,-19,-1,-18,-1,-18,-1,-18,-1,-18,-2,-19,-1,-19,-1,-19,-1,-20,-1,-19,-1,-20,-1,-20,0,-20,0,-20,1,-19,2,-20,2,-20,3,-20,3,-21,4,-19,4,-19,0,0,10,-12,9,-13,8,-12,10,-13,9,-13,9,-13,9,-14,9,-13,9,-14,8,-13,9,-15,8,-16,8,-15,8,-15,8,-15,7,-17,6,-17,6,-16,6,-17,6,-17,6,-17,5,-18,6,-17,3,-18,4,-20,3,-21,0,0,3,-20,3,-21,2,-22,2,-22,3,-22,3,-23,3,-23,3,-23,2,-24,2,-24,1,-26,2,-24,2,-25,3,-26,2,-26,2,-27,3,-26,3,-27,4,-27,5,-26,6,-27,6,-25,7,-26,7,-27,9,-27,9,-26,0,0]"
CSI_DATA: 602,6,127,127,134,126,142,0,-35,-30,55229.09,55230.463,157.469,55577.167,373.25,193.170,"[6,6,6,5,6,4,5,5,5,5,4,5,3,4,3,4,2,4,1,3,1,4,1,4,0,4,-1,4,-1,4,-1,4,-1,4,-2,4,-2,4,-3,5,-3,5,-3,6,-3,6,-3,6,-5,7,-4,8,0,0,-4,8,-5,9,-5,10,-4,10,-5,10,-5,11,-5,12,-5,12,-5,12,-5,13,-5,14,-6,14,-6,14,-5,15,-5,15,-5,16,-5,17,-5,17,-5,17,-5,17,-5,17,-6,17,-6,18,-5,18,-6,18,-6,18,0,0,4,17,4,17,5,16,4,16,4,16,4,15,3,15,3,15,3,14,3,13,4,14,4,13,3,12,4,12,3,11,5,12,5,10,4,11,5,10,4,10,4,10,5,9,5,9,5,8,5,9,6,8,0,0,6,8,6,8,6,8,6,7,5,8,5,8,5,8,5,8,6,8,6,8,6,8,5,8,5,8,5,8,5,8,5,9,5,9,5,9,4,9,4,9,3,9,3,9,2,9,2,9,1,9,0,9,0,0]"
CSI_DATA: 603,7,121,121,122,121,142,0,-23,-21,55143.991,55145.445,201.670,55631.48,426.906,247.51,"[-9,9,-9,9,-8,10,-9,10,-8,10,-9,10,-8,10,-8,10,-8,10,-7,10,-8,11,-7,11,-8,12,-7,12,-8,12,-7,13,-7,12,-7,12,-7,13,-8,13,-8,13,-7,14,-8,12,-7,13,-8,14,-7,14,0,0,-7,15,-7,15,-6,15,-6,15,-7,16,-7,16,-7,16,-7,16,-7,16,-6,16,-6,17,-7,16,-7,17,-7,18,-7,17,-7,18,-7,19,-8,18,-8,19,-9,18,-10,19,-10,19,-11,19,-11,20,-12,19,-13,19,0,0,-16,-5,-15,-4,-16,-3,-17,-5,-16,-4,-16,-4,-16,-4,-15,-4,-15,-4,-15,-4,-16,-4,-16,-3,-16,-3,-16,-3,-16,-4,-16,-2,-15,-2,-15,-2,-15,-2,-16,-2,-15,-3,-16,-2,-15,-3,-16,-1,-17,-2,-17,-1,0,0,-16,-1,-17,-1,-17,-1,-16,0,-16,-1,-17,-1,-17,-2,-16,-2,-16,-1,-16,-1,-17,-1,-16,-2,-16,-2,-16,-2,-16,-1,-17,-1,-17,-1,-16,-1,-16,-2,-16,-2,-16,-3,-15,-3,-16,-3,-16,-3,-15,-4,-15,-4,0,0]"
CSI_DATA: 604,3,121,121,140,120,143,0,-22,-23,55615.858,55617.330,11.392,55787.171,156.123,12.980,"[3,-12,2,-12,1,-12,2,-13,2,-12,1,-12,1,-12,1,-12,1,-12,1,-12,0,-13,0,-13,0,-13,-1,-13,0,-13,-2,-13,-2,-13,-2,-13,-3,-13,-2,-13,-2,-14,-3,-13,-2,-13,-4,-13,-3,-14,-4,-14,0,0,-5,-14,-5,-15,-6,-15,-6,-15,-5,-15,-5,-16,-5,-16,-5,-16,-6,-16,-6,-17,-6,-17,-5,-17,-6,-17,-6,-17,-6,-18,-6,-18,-6,-19,-5,-18,-5,-19,-4,-19,-4,-19,-4,-19,-3,-20,-4,-20,-2,-20,-2,-20,0,0,-17,6,-17,6,-16,7,-18,7,-17,6,-17,7,-17,7,-17,6,-17,6,-16,6,-18,7,-17,8,-17,8,-16,7,-16,7,-16,8,-16,8,-15,8,-16,8,-16,8,-16,8,-15,9,-15,7,-14,10,-15,10,-15,11,0,0,-15,10,-15,10,-15,11,-14,11,-15,11,-15,11,-15,11,-15,11,-15,11,-15,11,-15,12,-15,11,-15,11,-16,11,-15,11,-16,12,-16,12,-16,11,-16,10,-16,10,-17,9,-16,9,-16,8,-17,9,-17,7,-17,7,0,0]"
CSI_DATA: 605,4,126,126,140,125,143,0,-22,-27,55612.820,55614.292,57.182,55846.155,215.107,71.964,"[-12,-8,-12,-8,-13,-7,-13,-8,-13,-7,-13,-7,-13,-7,-12,-7,-13,-7,-13,-6,-14,-7,-14,-6,-14,-6,-14,-5,-13,-6,-14,-4,-13,-4,-14,-4,-14,-3,-14,-3,-14,-4,-14,-2,-14,-4,-14,-2,-15,-2,-15,-1,0,0,-15,-1,-16,0,-16,0,-16,0,-16,0,-16,0,-17,0,-16,0,-17,1,-17,1,-18,1,-17,0,-18,0,-18,0,-18,1,-18,1,-19,1,-18,0,-18,0,-18,-1,-19,-2,-19,-2,-19,-3,-19,-3,-18,-5,-18,-5,0,0,5,11,6,11,6,10,6,12,6,11,7,11,7,11,7,10,7,10,7,10,8,12,9,11,8,11,8,11,8,11,9,10,9,10,9,10,9,10,9,10,9,10,9,10,9,10,10,8,10,9,11,9,0,0,11,8,12,8,13,8,13,7,13,8,13,8,13,8,14,7,14,7,15,7,16,7,15,8,15,7,16,7,17,7,19,8,18,8,19,9,19,9,18,10,18,11,17,11,17,12,19,12,18,15,18,14,0,0]"
CSI_DATA: 606,5,134,134,138,133,143,0,-23,-21,55615.869,55617.341,101.750,55909.761,278.713,135.570,"[15,4,15,3,15,2,16,3,15,3,15,3,15,3,15,3,15,3,14,2,16,2,15,2,15,2,15,2,15,3,16,1,14,1,15,1,15,1,15,1,15,2,15,0,15,1,15,-1,16,0,16,-1,0,0,15,-1,16,-1,16,-1,15,-2,15,-1,16,-1,16,-1,15,-1,16,-2,16,-2,17,-2,16,-1,16,-1,17,-1,16,-2,17,-1,17,-1,17,-1,17,0,17,0,17,1,16,1,16,1,17,1,16,3,16,3,0,0,14,6,14,5,15,4,16,5,15,5,15,5,15,4,15,4,15,4,15,3,16,4,16,3,16,3,16,2,16,3,17,1,16,0,15,0,17,0,17,0,17,0,17,-1,17,0,18,-3,18,-2,19,-3,0,0,18,-4,19,-4,20,-4,19,-5,20,-5,20,-5,21,-4,20,-5,21,-5,21,-5,22,-5,21,-4,22,-4,22,-5,22,-5,23,-5,23,-5,23,-4,23,-3,22,-3,23,-2,22,-2,23,-1,23,-1,23,1,23,1,0,0]"
CSI_DATA: 607,6,128,128,135,127,143,0,-28,-33,55619.06,55620.479,157.234,55969.742,338.694,195.551,"[-2,13,-2,13,-1,14,-3,15,-3,15,-4,15,-4,15,-4,15,-4,16,-4,16,-5,16,-5,17,-5,17,-5,17,-6,17,-4,18,-4,16,-4,17,-4,17,-5,18,-6,18,-4,18,-6,17,-4,18,-5,19,-4,19,0,0,-4,19,-4,19,-3,19,-3,19,-4,19,-4,20,-4,19,-3,19,-3,19,-3,19,-3,20,-4,19,-4,19,-4,19,-3,19,-2,19,-3,20,-3,20,-3,19,-3,19,-4,19,-4,19,-5,19,-4,19,-5,19,-5,19,0,0,14,-8,14,-8,13,-9,14,-8,13,-8,13,-8,12,-9,12,-8,11,-8,10,-8,12,-10,10,-10,10,-10,9,-10,9,-9,9,-11,8,-11,8,-10,7,-11,8,-11,8,-10,7,-11,7,-10,6,-12,6,-12,6,-13,0,0,5,-12,5,-13,5,-13,5,-14,5,-14,6,-14,6,-14,6,-13,5,-15,6,-14,6,-16,6,-15,6,-15,7,-15,7,-15,7,-16,8,-15,8,-15,9,-15,10,-14,11,-14,11,-13,12,-13,12,-13,13,-11,13,-11,0,0]"
CSI_DATA: 608,7,122,122,123,122,143,0,-24,-20,55533.988,55535.461,201.435,56035.280,404.232,261.89,"[13,-11,13,-11,12,-12,14,-12,13,-11,13,-11,13,-11,12,-10,13,-10,12,-11,14,-11,13,-11,13,-12,13,-11,13,-11,13,-12,12,-12,12,-11,12,-12,12,-11,12,-11,11,-11,12,-11,11,-12,12,-12,12,-13,0,0,11,-13,11,-13,11,-14,10,-13,11,-13,11,-14,11,-14,11,-13,11,-14,11,-14,11,-15,11,-14,11,-14,11,-15,11,-15,11,-16,11,-16,12,-15,12,-16,12,-15,13,-15,13,-15,14,-15,14,-16,16,-15,16,-15,0,0,12,9,12,9,13,8,13,9,12,8,13,9,12,8,12,8,12,8,12,8,13,8,13,8,13,8,12,7,12,8,13,7,12,6,12,6,13,5,12,6,12,6,13,5,12,5,13,3,14,4,14,4,0,0,14,3,14,3,15,3,15,2,15,3,15,3,15,3,15,3,16,3,15,3,17,3,16,3,16,3,17,3,17,3,17,3,17,3,17,4,17,5,17,5,17,6,16,6,16,7,17,6,16,8,16,9,0,0]"
CSI_DATA: 609,3,122,122,141,121,144,0,-22,-23,56005.843,56007.316,11.591,56176.938,141.658,12.939,"[7,10,8,10,8,10,9,11,8,10,8,10,8,10,8,9,9,10,9,9,10,9,10,9,10,9,10,9,10,9,11,8,11,8,11,8,12,8,12,8,12,9,12,8,12,9,13,7,14,8,14,8,0,0,14,8,15,8,15,7,15,7,16,8,15,8,16,8,16,8,16,8,16,7,17,8,16,8,16,8,17,9,17,9,18,9,18,9,18,9,18,10,17,10,17,11,17,11,18,12,18,12,16,14,16,14,0,0,-16,-7,-16,-7,-15,-6,-17,-8,-16,-7,-16,-7,-16,-7,-15,-7,-16,-7,-15,-6,-17,-6,-17,-6,-16,-6,-16,-5,-16,-6,-17,-5,-16,-4,-16,-5,-16,-4,-17,-4,-16,-4,-16,-4,-16,-5,-17,-2,-18,-4,-18,-2,0,0,-18,-2,-18,-2,-19,-2,-18,-2,-18,-2,-19,-2,-19,-2,-18,-2,-19,-2,-19,-2,-20,-2,-19,-2,-19,-3,-20,-3,-20,-3,-20,-3,-20,-2,-20,-3,-20,-4,-19,-4,-20,-5,-19,-5,-19,-6,-19,-5,-19,-7,-18,-8,0,0]"
CSI_DATA: 610,4,127,127,141,126,144,0,-24,-27,56002.806,56004.279,57.396,56231.37,195.757,67.38,"[-1,-14,-1,-14,-2,-13,-2,-15,-2,-14,-2,-14,-3,-13,-3,-13,-2,-14,-3,-13,-3,-14,-4,-14,-4,-14,-4,-14,-4,-14,-5,-14,-5,-13,-5,-12,-6,-13,-5,-13,-5,-13,-6,-13,-6,-12,-7,-12,-7,-13,-8,-13,0,0,-9,-13,-9,-13,-9,-13,-9,-12,-10,-13,-10,-13,-10,-14,-10,-13,-10,-14,-10,-13,-11,-15,-11,-14,-11,-15,-11,-15,-10,-15,-11,-16,-11,-16,-10,-16,-10,-17,-9,-17,-9,-18,-8,-18,-8,-18,-8,-18,-6,-19,-5,-18,0,0,13,3,13,3,13,2,14,3,13,2,14,2,14,2,13,2,14,2,13,1,14,1,15,1,14,0,14,0,14,1,15,-1,14,-1,13,-1,14,-2,14,-1,14,-1,14,-2,14,-2,14,-4,14,-4,15,-5,0,0,14,-5,14,-6,15,-6,14,-7,15,-6,15,-7,16,-7,15,-7,16,-8,16,-8,18,-10,17,-9,17,-9,18,-9,19,-9,20,-10,19,-10,20,-10,21,-9,21,-8,21,-7,21,-7,21,-6,22,-7,22,-5,23,-4,0,0]"
CSI_DATA: 611,5,135,135,139,134,144,0,-24,-20,56005.855,56007.327,101.964,56300.394,265.114,136.395,"[13,-9,13,-10,12,-10,14,-10,12,-9,13,-10,12,-9,12,-9,12,-9,11,-10,12,-11,12,-11,12,-11,11,-11,12,-10,11,-11,11,-11,10,-11,10,-12,11,-11,11,-11,11,-12,11,-11,10,-13,11,-13,10,-13,0,0,10,-13,10,-13,10,-14,9,-14,10,-14,10,-14,10,-14,10,-13,11,-14,10,-14,11,-15,10,-14,10,-14,11,-14,11,-14,12,-15,12,-14,12,-14,12,-14,13,-13,14,-12,13,-12,14,-11,14,-12,14,-10,15,-10,0,0,-8,-11,-9,-11,-9,-10,-9,-11,-9,-11,-9,-11,-9,-10,-9,-10,-10,-10,-10,-9,-10,-10,-11,-10,-11,-10,-11,-9,-11,-10,-12,-9,-12,-8,-11,-9,-12,-8,-12,-8,-12,-8,-13,-8,-12,-8,-13,-7,-14,-8,-15,-8,0,0,-15,-7,-15,-7,-16,-7,-15,-6,-16,-7,-16,-7,-17,-7,-16,-7,-17,-7,-17,-6,-18,-7,-17,-7,-18,-8,-19,-7,-19,-8,-19,-8,-19,-8,-19,-9,-19,-9,-19,-10,-19,-11,-18,-11,-18,-11,-19,-12,-18,-14,-18,-14,0,0]"
CSI_DATA: 612,7,123,123,124,123,144,0,-21,-22,55923.975,55925.448,201.932,56374.797,339.517,210.798,"[-13,-7,-14,-6,-14,-6,-14,-7,-14,-6,-14,-6,-14,-6,-13,-6,-14,-6,-13,-5,-15,-5,-15,-5,-15,-5,-14,-5,-15,-5,-15,-4,-14,-3,-15,-4,-15,-3,-15,-4,-15,-4,-15,-3,-14,-3,-15,-2,-16,-3,-16,-2,0,0,-16,-1,-16,-1,-17,-1,-16,0,-17,-1,-17,0,-17,0,-17,0,-18,0,-17,0,-19,1,-18,0,-18,0,-19,1,-19,1,-20,1,-20,1,-21,1,-21,0,-21,0,-21,-1,-21,-2,-22,-2,-23,-2,-23,-4,-23,-4,0,0,-13,-9,-13,-9,-14,-8,-14,-9,-13,-9,-13,-9,-13,-9,-12,-9,-12,-9,-12,-8,-12,-9,-12,-8,-12,-8,-11,-7,-11,-7,-11,-6,-11,-5,-11,-5,-12,-4,-12,-5,-12,-5,-12,-4,-12,-4,-13,-3,-13,-4,-14,-3,0,0,-14,-3,-14,-3,-15,-3,-14,-3,-15,-3,-15,-3,-15,-4,-15,-3,-15,-4,-15,-4,-16,-3,-15,-4,-15,-4,-16,-5,-15,-5,-16,-5,-16,-5,-16,-5,-15,-6,-14,-6,-15,-7,-14,-7,-14,-7,-15,-7,-14,-7,-13,-8,0,0]"
CSI_DATA: 613,3,123,123,142,122,145,0,-21,-23,56395.830,56397.292,11.582,56567.13,192.216,13.14,"[-2,-15,-3,-15,-4,-14,-3,-16,-3,-15,-3,-15,-4,-15,-4,-15,-4,-16,-4,-15,-5,-16,-5,-16,-5,-16,-5,-16,-4,-16,-6,-16,-6,-16,-6,-15,-7,-16,-6,-16,-6,-17,-7,-16,-6,-16,-8,-16,-8,-18,-9,-17,0,0,-9,-17,-9,-17,-10,-17,-9,-17,-9,-18,-10,-18,-9,-18,-9,-18,-10,-18,-9,-18,-11,-19,-10,-19,-10,-19,-10,-19,-10,-19,-10,-20,-11,-20,-10,-20,-10,-21,-9,-21,-8,-22,-8,-22,-8,-22,-8,-23,-6,-23,-6,-23,0,0,13,-5,13,-5,13,-6,14,-5,13,-5,14,-5,13,-5,13,-5,13,-5,13,-6,14,-7,13,-7,13,-7,13,-7,13,-6,13,-8,12,-8,13,-7,13,-8,13,-8,13,-8,13,-8,13,-8,12,-10,13,-10,13,-10,0,0,13,-10,13,-11,13,-11,13,-11,13,-11,14,-11,14,-11,14,-10,14,-11,13,-11,14,-12,13,-11,14,-11,14,-11,15,-11,15,-11,15,-11,15,-10,15,-10,15,-9,16,-9,15,-8,15,-8,15,-9,15,-7,15,-6,0,0]"
CSI_DATA: 614,4,128,128,142,127,145,0,-24,-27,56392.793,56394.256,57.409,56627.938,253.141,73.939,"[2,12,3,12,4,12,4,13,4,12,4,12,4,12,4,12,4,12,5,11,5,12,6,12,6,12,6,11,6,12,7,11,7,10,7,10,8,10,8,10,8,11,8,11,8,11,10,10,10,11,10,10,0,0,11,10,11,10,12,10,12,10,12,10,12,11,12,11,12,11,12,10,12,10,13,11,13,11,13,11,13,11,13,12,13,12,13,13,13,13,13,13,12,14,11,14,11,14,10,15,10,15,9,16,8,15,0,0,-6,14,-6,14,-5,14,-6,15,-6,15,-6,15,-6,15,-5,14,-6,14,-5,15,-6,16,-5,16,-5,16,-5,15,-7,15,-5,16,-5,15,-5,14,-5,15,-6,14,-6,14,-5,14,-5,13,-4,14,-5,14,-4,15,0,0,-3,14,-4,14,-4,15,-3,14,-3,14,-3,15,-3,14,-3,14,-2,15,-1,14,-1,15,-2,15,-2,15,-2,15,-1,16,-1,16,-1,17,-1,17,-2,17,-2,17,-3,17,-4,17,-4,18,-4,18,-5,18,-5,18,0,0]"
CSI_DATA: 615,5,136,136,140,135,145,0,-24,-21,56395.841,56397.304,101.985,56690.383,315.586,136.384,"[12,10,12,10,12,9,12,10,12,9,12,9,12,9,12,9,11,9,12,8,13,8,13,7,13,7,12,7,12,8,13,6,13,6,12,6,13,6,13,7,13,7,13,7,12,7,13,5,14,6,14,6,0,0,14,5,14,5,14,5,14,4,14,6,14,6,14,5,14,6,14,5,14,5,15,5,14,6,14,6,14,6,14,6,14,6,14,7,14,7,13,8,13,8,12,8,12,8,12,9,12,9,11,9,10,9,0,0,-17,0,-17,0,-16,1,-18,0,-17,0,-17,0,-17,0,-17,0,-17,1,-16,1,-17,2,-17,3,-17,3,-17,2,-17,2,-18,3,-16,4,-17,3,-17,4,-18,3,-18,3,-18,3,-17,3,-17,5,-18,5,-18,6,0,0,-18,6,-19,6,-18,6,-18,7,-18,6,-20,6,-19,6,-19,6,-19,7,-19,7,-20,8,-19,7,-19,7,-20,7,-21,7,-21,7,-22,8,-21,7,-22,7,-22,6,-23,5,-23,4,-23,4,-24,5,-24,3,-24,2,0,0]"
CSI_DATA: 616,7,124,124,125,124,145,0,-22,-20,56313.963,56315.426,201.673,56757.69,382.272,203.70,"[-5,15,-5,15,-4,15,-5,16,-5,15,-5,15,-5,15,-4,14,-5,14,-3,14,-3,15,-3,15,-3,15,-3,15,-3,15,-2,16,-2,15,-2,14,-2,15,-3,15,-3,15,-2,15,-2,14,-1,15,-1,16,0,15,0,0,0,15,0,15,1,16,1,15,1,16,1,16,1,16,1,16,2,16,2,16,3,17,2,17,3,17,3,18,3,18,3,19,3,19,3,20,2,20,1,20,1,21,0,21,0,22,0,22,-1,22,-3,22,0,0,2,-17,2,-17,0,-16,2,-17,1,-16,1,-17,1,-16,2,-16,1,-15,1,-14,1,-16,0,-15,-1,-15,-1,-14,0,-14,-2,-15,-3,-15,-2,-14,-3,-15,-3,-15,-2,-15,-3,-15,-2,-15,-4,-15,-3,-16,-4,-17,0,0,-4,-16,-4,-16,-4,-17,-4,-16,-4,-16,-3,-17,-3,-17,-3,-16,-3,-17,-3,-16,-4,-17,-3,-16,-3,-16,-3,-16,-2,-16,-3,-17,-3,-16,-2,-16,-1,-16,-1,-16,0,-16,0,-15,0,-15,0,-15,1,-15,1,-14,0,0]"
CSI_DATA: 617,3,124,124,143,123,146,0,-22,-23,56785.837,56787.349,11.662,56956.957,199.888,12.955,"[-1,-15,-2,-15,-2,-14,-1,-16,-2,-15,-2,-15,-2,-15,-2,-15,-2,-15,-3,-14,-3,-16,-4,-15,-4,-16,-4,-16,-4,-16,-5,-16,-5,-15,-5,-15,-5,-15,-5,-16,-5,-16,-6,-16,-5,-16,-7,-16,-7,-17,-8,-17,0,0,-8,-16,-8,-17,-9,-17,-8,-16,-8,-17,-9,-18,-9,-18,-9,-17,-9,-18,-9,-17,-10,-18,-9,-18,-9,-18,-10,-19,-9,-18,-10,-20,-10,-19,-10,-20,-10,-20,-9,-20,-9,-21,-8,-21,-8,-21,-9,-21,-7,-22,-7,-22,0,0,-16,4,-16,4,-16,5,-17,4,-16,4,-17,4,-17,4,-16,4,-16,4,-15,4,-16,5,-16,6,-16,6,-15,6,-15,5,-16,6,-15,6,-15,6,-14,7,-15,6,-16,6,-15,7,-15,6,-14,8,-15,8,-15,9,0,0,-15,8,-15,9,-15,9,-15,9,-15,9,-15,9,-16,9,-16,8,-16,9,-15,9,-16,10,-15,9,-16,9,-16,9,-16,9,-17,9,-16,9,-16,8,-17,7,-16,7,-17,6,-16,6,-17,6,-17,7,-17,5,-16,5,0,0]"
CSI_DATA: 618,4,129,129,143,128,146,0,-23,-28,56782.801,56784.313,57.412,57015.719,258.650,71.717,"[4,-13,4,-13,3,-13,4,-14,3,-13,3,-14,3,-14,2,-13,3,-13,2,-13,2,-14,1,-14,1,-15,1,-15,1,-14,0,-15,0,-14,-1,-14,-1,-14,-1,-15,-1,-15,-2,-14,-1,-14,-3,-14,-2,-16,-3,-15,0,0,-4,-15,-4,-16,-5,-16,-5,-15,-4,-16,-6,-17,-5,-17,-5,-16,-6,-17,-6,-16,-6,-18,-5,-18,-5,-18,-6,-18,-5,-18,-6,-19,-6,-19,-5,-19,-5,-20,-4,-19,-3,-20,-2,-20,-2,-20,-2,-20,0,-20,0,-20,0,0,-7,-14,-7,-14,-7,-13,-7,-15,-7,-14,-7,-15,-7,-14,-7,-14,-7,-14,-7,-13,-9,-15,-9,-14,-8,-15,-8,-14,-7,-15,-8,-14,-8,-14,-7,-13,-8,-14,-7,-14,-6,-14,-7,-14,-7,-14,-8,-13,-7,-13,-9,-14,0,0,-8,-13,-8,-13,-9,-14,-8,-13,-8,-13,-8,-13,-7,-13,-7,-13,-8,-13,-9,-12,-10,-13,-9,-12,-9,-12,-9,-13,-9,-13,-11,-14,-10,-13,-10,-14,-9,-14,-8,-14,-9,-15,-8,-14,-8,-15,-10,-15,-8,-16,-8,-17,0,0]"
CSI_DATA: 619,5,137,137,141,136,146,0,-25,-24,56785.849,56787.361,102.00,57088.219,331.150,144.217,"[-15,-7,-15,-6,-14,-5,-15,-7,-15,-6,-14,-6,-14,-6,-13,-6,-13,-6,-13,-6,-14,-6,-14,-6,-14,-6,-14,-5,-14,-6,-14,-5,-13,-5,-13,-4,-13,-4,-14,-5,-13,-5,-13,-4,-12,-5,-13,-4,-14,-4,-14,-4,0,0,-14,-3,-14,-3,-14,-3,-14,-2,-14,-3,-14,-3,-14,-3,-14,-3,-14,-2,-13,-3,-15,-3,-14,-3,-14,-3,-15,-3,-14,-3,-15,-3,-15,-3,-15,-3,-15,-3,-14,-3,-14,-4,-14,-5,-14,-5,-15,-5,-14,-6,-14,-6,0,0,-15,-4,-15,-4,-15,-3,-16,-3,-16,-3,-15,-3,-15,-3,-15,-3,-15,-3,-15,-2,-17,-1,-16,-1,-17,0,-17,0,-17,-1,-18,0,-17,0,-17,0,-18,1,-19,0,-19,-1,-19,1,-18,1,-18,3,-20,3,-20,3,0,0,-20,3,-21,3,-21,4,-20,4,-20,3,-22,3,-22,3,-21,3,-22,3,-21,4,-23,6,-22,4,-22,4,-24,4,-24,4,-24,4,-24,4,-24,3,-24,2,-24,1,-25,1,-24,0,-24,0,-25,1,-25,-1,-25,-2,0,0]"
CSI_DATA: 620,7,125,125,126,125,146,0,-23,-19,56703.971,56705.484,201.671,57158.822,401.753,214.820,"[9,-12,8,-12,7,-12,8,-12,8,-12,8,-11,7,-11,6,-11,6,-11,5,-11,6,-12,5,-13,5,-13,5,-13,6,-13,5,-14,4,-13,5,-12,4,-13,4,-13,4,-13,3,-13,4,-12,2,-13,3,-14,2,-14,0,0,1,-13,0,-14,0,-15,-1,-14,-1,-15,-1,-16,-1,-16,-1,-16,-2,-16,-2,-16,-2,-18,-2,-18,-2,-19,-2,-19,-2,-19,-2,-20,-2,-22,-2,-21,-2,-22,-1,-22,0,-23,1,-24,2,-24,2,-25,4,-24,5,-25,0,0,-17,8,-18,8,-17,8,-18,8,-18,7,-17,7,-18,7,-17,7,-17,6,-16,6,-17,7,-16,7,-15,7,-14,7,-15,5,-14,8,-13,7,-13,7,-13,8,-13,8,-14,7,-13,8,-13,8,-12,10,-13,10,-13,11,0,0,-13,10,-13,10,-13,10,-12,10,-13,10,-14,10,-13,10,-13,9,-13,10,-13,10,-13,11,-12,10,-13,9,-13,9,-13,9,-13,10,-13,9,-13,9,-14,8,-13,8,-14,8,-13,7,-13,7,-13,8,-14,7,-13,6,0,0]"
CSI_DATA: 621,3,125,125,144,124,147,0,-21,-22,57175.861,57177.306,11.608,57346.943,188.121,12.943,"[-9,-13,-9,-13,-10,-12,-10,-14,-10,-13,-10,-13,-10,-13,-10,-12,-10,-13,-10,-12,-11,-13,-11,-13,-11,-13,-11,-12,-11,-13,-12,-12,-12,-12,-11,-11,-12,-11,-12,-12,-12,-13,-12,-12,-11,-12,-13,-11,-14,-13,-14,-12,0,0,-14,-12,-14,-12,-15,-12,-14,-11,-15,-12,-15,-12,-15,-12,-15,-12,-15,-12,-15,-12,-16,-13,-15,-13,-15,-13,-16,-13,-15,-13,-17,-13,-17,-13,-17,-14,-16,-15,-15,-15,-15,-16,-15,-16,-15,-17,-16,-17,-14,-18,-14,-18,0,0,-11,11,-11,11,-11,11,-12,12,-11,11,-11,11,-11,11,-11,10,-11,11,-10,10,-11,11,-11,12,-10,12,-10,11,-10,11,-10,12,-9,12,-9,11,-9,12,-9,12,-10,12,-9,12,-10,12,-8,13,-9,13,-9,14,0,0,-8,14,-9,14,-9,14,-8,14,-8,14,-9,15,-9,14,-9,14,-9,15,-9,14,-9,16,-10,14,-10,14,-10,15,-10,15,-10,15,-10,16,-10,15,-11,14,-11,14,-12,14,-12,13,-13,13,-12,14,-13,13,-13,12,0,0]"
CSI_DATA: 622,4,130,130,144,129,147,0,-22,-27,57172.826,57174.272,57.434,57412.333,253.511,78.333,"[6,-13,5,-13,4,-13,5,-15,5,-14,4,-14,4,-14,4,-14,4,-14,3,-14,4,-15,3,-15,3,-15,3,-15,3,-15,1,-16,1,-15,2,-15,1,-16,1,-15,2,-15,1,-15,1,-15,0,-16,1,-17,0,-17,0,0,-1,-17,-1,-17,-2,-18,-2,-17,-1,-18,-1,-18,-1,-18,-1,-18,-2,-18,-1,-18,-1,-20,0,-19,0,-19,-1,-20,-1,-19,-1,-20,0,-20,0,-20,1,-20,1,-19,2,-20,3,-19,3,-19,4,-19,5,-18,5,-18,0,0,-7,14,-6,14,-5,14,-7,15,-6,14,-7,14,-6,14,-6,13,-7,14,-6,13,-7,15,-6,14,-6,14,-6,14,-7,14,-6,15,-5,14,-5,13,-5,14,-6,13,-6,13,-5,14,-6,13,-4,14,-5,14,-4,14,0,0,-4,14,-4,14,-4,15,-3,14,-4,14,-4,15,-4,14,-3,14,-3,15,-3,14,-3,16,-4,15,-4,15,-3,16,-3,16,-3,17,-3,16,-3,17,-4,16,-4,16,-5,17,-5,16,-6,16,-6,17,-7,17,-7,16,0,0]"
CSI_DATA: 623,5,138,138,142,137,147,0,-26,-24,57175.874,57177.320,101.988,57478.229,319.407,144.229,"[-9,-11,-9,-11,-9,-10,-10,-12,-9,-11,-9,-11,-9,-10,-9,-10,-9,-9,-9,-9,-10,-10,-10,-9,-10,-9,-10,-9,-10,-9,-11,-8,-11,-8,-10,-7,-11,-8,-11,-8,-11,-8,-11,-7,-11,-7,-12,-6,-12,-8,-12,-7,0,0,-13,-6,-13,-7,-14,-7,-13,-5,-13,-7,-14,-7,-14,-6,-14,-7,-14,-6,-14,-6,-16,-6,-14,-7,-14,-7,-15,-7,-15,-6,-16,-7,-16,-8,-16,-8,-15,-8,-15,-8,-15,-9,-14,-10,-14,-10,-15,-11,-13,-11,-13,-11,0,0,1,13,1,13,3,13,2,14,2,14,2,14,2,14,2,13,2,14,3,13,4,14,4,14,4,14,5,14,4,15,6,15,5,14,5,14,6,14,5,15,5,15,6,15,6,15,8,14,8,15,9,15,0,0,9,15,9,15,10,15,10,15,10,15,10,16,10,16,10,16,11,16,11,16,13,16,11,16,12,16,12,17,12,18,13,18,13,18,12,18,12,19,11,19,11,21,11,20,10,21,11,21,9,22,9,22,0,0]"
CSI_DATA: 624,7,126,126,126,126,147,0,-23,-18,56703.971,57095.443,201.681,57545.460,386.638,211.460,"[9,-12,8,-12,7,-12,8,-12,8,-12,8,-11,7,-11,6,-11,6,-11,5,-11,6,-12,5,-13,5,-13,5,-13,6,-13,5,-14,4,-13,5,-12,4,-13,4,-13,4,-13,3,-13,4,-12,2,-13,3,-14,2,-14,0,0,1,-13,0,-14,0,-15,-1,-14,-1,-15,-1,-16,-1,-16,-1,-16,-2,-16,-2,-16,-2,-18,-2,-18,-2,-19,-2,-19,-2,-19,-2,-20,-2,-22,-2,-21,-2,-22,-1,-22,0,-23,1,-24,2,-24,2,-25,4,-24,5,-25,0,0,10,4,10,4,10,4,10,5,10,4,9,4,9,4,9,4,9,4,9,4,10,4,9,3,10,3,10,3,10,3,10,2,10,2,10,2,10,2,10,2,10,3,10,2,10,3,11,2,11,2,11,2,0,0,11,2,11,2,11,2,11,2,11,2,11,2,11,2,11,3,11,3,11,3,12,2,11,3,11,3,11,3,10,3,11,3,11,3,10,3,10,4,10,4,10,4,9,4,9,4,9,4,9,5,8,5,0,0]"
CSI_DATA: 625,3,126,126,145,125,148,0,-22,-22,57565.832,57567.331,11.264,57737.37,191.577,13.38,"[12,7,11,7,12,6,13,7,12,6,13,6,13,6,13,6,13,7,13,6,14,6,14,6,14,5,14,5,14,6,16,4,15,4,15,4,15,4,16,5,16,5,16,4,16,5,17,4,17,4,17,4,0,0,17,3,18,3,18,3,18,3,19,3,19,4,19,4,19,4,19,3,19,3,20,3,19,3,20,3,20,3,20,3,21,3,22,3,21,4,21,4,21,5,21,6,21,6,22,7,22,7,21,9,21,9,0,0,-17,-7,-16,-7,-17,-6,-17,-7,-17,-7,-16,-7,-17,-7,-16,-7,-17,-6,-16,-6,-18,-6,-17,-6,-17,-6,-17,-5,-16,-6,-19,-4,-17,-3,-17,-4,-17,-3,-17,-4,-17,-4,-17,-3,-17,-4,-17,-2,-19,-3,-18,-2,0,0,-18,-2,-19,-2,-18,-1,-19,-1,-19,-2,-19,-2,-19,-2,-18,-2,-19,-2,-20,-2,-20,-1,-19,-2,-19,-2,-19,-2,-20,-2,-20,-2,-21,-2,-20,-3,-20,-4,-19,-4,-20,-5,-18,-5,-20,-5,-19,-5,-19,-7,-18,-7,0,0]"
CSI_DATA: 626,4,131,131,145,130,148,0,-24,-25,57562.798,57564.297,57.50,57790.442,244.982,66.443,"[10,-5,10,-6,10,-6,11,-7,10,-7,10,-7,10,-7,10,-7,10,-7,10,-8,11,-8,11,-8,11,-9,11,-9,11,-8,11,-10,10,-9,10,-9,10,-10,11,-10,11,-9,11,-10,11,-9,10,-11,11,-11,10,-12,0,0,10,-12,11,-12,11,-12,10,-12,11,-12,11,-12,12,-12,12,-12,11,-12,11,-12,11,-13,12,-12,12,-12,12,-12,12,-12,12,-13,13,-12,13,-12,13,-11,13,-10,13,-10,14,-10,14,-9,14,-10,14,-8,14,-8,0,0,-16,10,-16,10,-15,12,-17,11,-16,11,-16,10,-16,10,-15,10,-16,10,-15,11,-16,12,-15,12,-15,12,-14,11,-15,10,-14,13,-13,12,-14,12,-13,12,-14,12,-14,12,-13,13,-14,12,-11,14,-13,14,-12,14,0,0,-12,14,-12,15,-11,15,-11,16,-12,15,-12,16,-12,16,-12,16,-12,16,-12,17,-12,18,-12,17,-12,17,-12,17,-13,18,-13,18,-13,19,-13,18,-14,18,-15,17,-16,17,-15,16,-16,17,-16,17,-17,16,-17,16,0,0]"
CSI_DATA: 627,5,139,139,143,138,148,0,-25,-25,57565.846,57567.345,101.620,57862.173,316.713,138.174,"[15,-8,15,-8,14,-9,16,-9,15,-8,15,-8,14,-8,14,-8,14,-8,13,-9,14,-9,14,-9,14,-9,14,-9,14,-8,14,-10,13,-10,13,-9,13,-10,13,-9,14,-8,13,-9,13,-9,12,-10,14,-10,13,-11,0,0,12,-10,13,-10,13,-11,12,-11,13,-10,13,-10,13,-10,12,-10,13,-10,12,-10,13,-11,12,-10,12,-11,13,-11,12,-11,13,-12,13,-11,13,-11,13,-11,13,-10,14,-10,14,-9,14,-9,15,-10,15,-8,15,-8,0,0,-14,-7,-14,-7,-14,-6,-15,-7,-15,-7,-15,-7,-15,-7,-15,-7,-15,-6,-15,-6,-16,-7,-16,-6,-16,-5,-16,-5,-16,-6,-18,-4,-16,-4,-16,-4,-17,-4,-17,-5,-17,-5,-18,-4,-17,-5,-18,-2,-19,-4,-19,-3,0,0,-18,-3,-20,-3,-20,-2,-19,-1,-20,-2,-21,-3,-20,-2,-20,-2,-20,-1,-21,-1,-22,0,-21,-1,-21,-1,-22,-1,-23,-1,-23,-1,-24,-1,-23,-1,-24,-2,-24,-3,-24,-4,-24,-4,-25,-4,-26,-4,-26,-6,-25,-7,0,0]"
CSI_DATA: 628,6,130,130,137,129,148,0,-33,-33,57568.985,57570.484,157.102,57933.898,388.438,209.899,"[-3,1,-4,2,-4,2,-4,2,-4,3,-5,3,-5,4,-5,4,-6,4,-6,5,-7,5,-7,5,-7,5,-7,6,-7,5,-7,6,-7,6,-7,6,-7,7,-7,7,-8,8,-8,8,-8,8,-8,9,-9,10,-8,10,0,0,-9,10,-10,11,-9,11,-9,11,-10,11,-10,12,-10,12,-10,12,-11,12,-11,12,-11,13,-11,12,-11,12,-11,12,-11,12,-11,13,-11,13,-11,13,-11,12,-11,12,-12,12,-12,12,-13,13,-12,13,-13,13,-13,13,0,0,17,-5,16,-5,16,-6,16,-5,16,-5,15,-4,14,-5,14,-4,13,-5,13,-4,13,-5,13,-5,12,-5,12,-6,12,-5,12,-7,11,-7,12,-7,11,-7,11,-7,12,-6,11,-7,12,-6,11,-8,12,-7,11,-8,0,0,11,-8,11,-8,11,-8,11,-8,11,-8,12,-7,11,-7,11,-7,11,-8,12,-8,12,-8,11,-7,12,-7,12,-7,13,-8,12,-8,13,-8,12,-7,13,-7,13,-7,14,-7,13,-6,14,-6,14,-6,15,-5,15,-5,0,0]"
CSI_DATA: 629,7,127,127,127,127,148,0,-31,-20,57483.970,57485.469,201.292,57998.531,453.71,274.532,"[0,-3,0,-3,-1,-3,-1,-3,-2,-3,-2,-3,-3,-3,-3,-3,-4,-3,-5,-3,-6,-4,-7,-4,-7,-4,-7,-5,-7,-5,-7,-5,-7,-5,-7,-4,-7,-4,-7,-4,-7,-4,-8,-3,-7,-4,-8,-3,-9,-3,-9,-2,0,0,-10,-1,-11,-1,-11,0,-11,0,-12,0,-13,0,-13,0,-14,1,-14,1,-14,1,-16,1,-16,1,-16,1,-17,2,-17,2,-18,2,-19,2,-19,2,-20,2,-20,1,-21,1,-21,1,-22,0,-23,1,-22,-1,-22,-2,0,0,17,1,16,0,17,0,17,1,17,1,16,1,16,1,15,1,15,1,15,1,15,0,15,0,14,0,14,-1,14,0,15,-2,13,-3,14,-2,13,-3,14,-2,14,-2,14,-3,14,-2,14,-4,15,-3,15,-4,0,0,15,-4,16,-4,15,-5,15,-5,15,-4,16,-4,16,-4,16,-3,15,-4,16,-4,16,-5,15,-3,15,-3,15,-3,16,-4,16,-4,16,-4,15,-3,16,-2,15,-2,16,-2,15,-2,16,-1,16,-2,15,0,15,0,0,0]"
CSI_DATA: 630,3,127,127,146,126,149,0,-22,-24,57955.813,57957.330,11.670,58126.949,128.418,12.951,"[11,-8,11,-8,11,-9,12,-9,11,-9,11,-9,11,-9,11,-9,11,-9,11,-10,12,-10,12,-11,12,-11,12,-11,12,-11,12,-12,11,-11,11,-11,11,-12,12,-12,12,-12,12,-12,12,-12,11,-13,13,-14,12,-15,0,0,12,-14,13,-15,12,-15,12,-15,12,-15,13,-15,13,-15,13,-15,13,-15,12,-15,13,-16,13,-15,14,-15,14,-16,13,-15,14,-16,15,-16,14,-16,14,-15,15,-14,15,-14,16,-14,17,-14,17,-14,17,-13,17,-12,0,0,11,-9,11,-10,11,-10,12,-11,11,-9,11,-10,11,-10,11,-9,11,-9,11,-9,12,-10,11,-10,11,-10,11,-10,11,-10,11,-11,10,-10,10,-10,10,-10,10,-10,11,-10,10,-10,10,-9,9,-11,10,-11,10,-12,0,0,9,-12,9,-12,9,-13,9,-12,9,-13,10,-12,10,-13,9,-12,9,-12,9,-12,10,-14,10,-12,10,-13,10,-13,10,-13,11,-13,10,-13,11,-13,11,-12,11,-12,12,-11,12,-11,12,-11,12,-12,13,-10,13,-10,0,0]"
CSI_DATA: 631,4,132,132,146,131,149,0,-22,-26,57952.780,57954.297,57.438,58187.526,188.995,73.528,"[-4,13,-4,13,-3,13,-4,14,-4,13,-3,13,-3,13,-3,13,-3,13,-2,13,-2,14,-1,14,-1,14,-1,14,-2,14,0,14,0,13,0,14,1,14,0,14,0,15,1,14,0,14,2,14,2,15,2,15,0,0,2,15,3,16,3,15,3,16,3,16,3,16,3,16,3,16,3,17,3,16,4,17,3,17,3,17,2,17,2,17,3,18,2,18,1,18,1,18,0,18,-1,18,-1,18,-2,18,-1,18,-3,17,-4,17,0,0,-16,8,-16,8,-15,9,-18,9,-17,8,-17,8,-17,8,-17,7,-17,7,-16,8,-17,8,-17,8,-17,9,-16,8,-17,7,-16,8,-16,8,-15,7,-15,8,-15,7,-16,7,-15,7,-14,6,-13,9,-15,8,-14,9,0,0,-14,9,-14,9,-14,10,-13,9,-14,9,-14,10,-14,9,-13,9,-13,9,-13,9,-13,10,-13,9,-13,10,-14,10,-13,10,-14,11,-13,11,-13,10,-14,10,-14,9,-15,9,-14,9,-14,9,-15,10,-16,9,-16,8,0,0]"
CSI_DATA: 632,5,140,140,144,139,149,0,-24,-29,57955.828,57957.345,102.24,58250.530,251.999,136.532,"[-16,-1,-16,-1,-16,0,-17,-1,-16,-1,-16,-1,-16,-1,-15,-1,-16,-1,-15,0,-17,-1,-16,0,-16,0,-16,0,-16,0,-16,1,-16,1,-15,1,-16,2,-16,1,-16,1,-16,2,-16,1,-16,3,-17,2,-17,3,0,0,-16,3,-17,3,-17,4,-16,4,-17,4,-17,4,-17,4,-17,4,-17,5,-17,4,-18,5,-17,3,-18,4,-18,4,-18,4,-18,5,-19,4,-19,4,-18,3,-19,3,-19,2,-19,2,-19,1,-20,2,-19,0,-19,0,0,0,1,-14,1,-14,0,-13,1,-15,1,-14,1,-15,1,-14,0,-15,0,-15,0,-14,0,-16,-1,-16,-1,-16,-1,-15,0,-16,-2,-17,-2,-16,-1,-16,-2,-16,-2,-16,-1,-17,-2,-17,-1,-16,-4,-16,-3,-18,-4,-18,0,0,-4,-18,-4,-18,-4,-19,-5,-18,-4,-18,-4,-19,-4,-19,-5,-18,-5,-19,-5,-18,-6,-20,-5,-19,-5,-20,-6,-21,-5,-20,-6,-22,-6,-21,-6,-22,-4,-22,-4,-22,-4,-23,-3,-22,-3,-23,-4,-24,-2,-24,-1,-24,0,0]"
CSI_DATA: 633,6,131,131,138,130,149,0,-31,-26,57958.967,57960.485,157.395,58319.512,320.981,205.514,"[-2,1,-2,2,-2,2,-2,2,-2,3,-2,4,-2,4,-1,4,-2,5,-2,5,-2,6,-2,6,-2,7,-2,7,-2,7,-1,8,-1,7,-1,8,0,8,-1,9,0,9,0,10,0,9,1,10,0,11,1,11,0,0,1,12,1,12,2,13,2,12,2,14,2,14,2,14,3,14,2,14,3,14,3,15,2,15,2,16,3,16,3,16,3,17,4,17,4,17,3,17,3,16,2,17,2,18,2,18,2,18,1,18,1,18,0,0,-17,0,-18,-1,-16,0,-18,-1,-17,-1,-18,-1,-17,-1,-16,-2,-17,-1,-16,-1,-17,-1,-17,0,-17,0,-16,0,-17,-1,-17,1,-17,1,-16,1,-17,2,-17,1,-17,0,-17,1,-16,1,-17,3,-18,2,-19,4,0,0,-18,4,-18,3,-19,4,-18,4,-19,4,-20,3,-19,3,-19,3,-19,4,-19,4,-20,5,-19,4,-20,4,-20,4,-19,4,-21,5,-20,4,-21,4,-21,3,-20,2,-22,2,-20,1,-21,1,-21,2,-22,0,-21,0,0,0]"
CSI_DATA: 634,3,128,128,147,127,150,0,-20,-24,58345.832,58347.305,11.638,58517.15,197.503,13.16,"[7,10,7,10,8,9,8,10,8,9,8,10,8,9,8,9,8,9,9,8,10,9,10,9,10,9,10,9,10,9,11,8,11,8,11,8,12,8,12,8,12,9,12,8,12,8,13,7,14,8,14,8,0,0,14,8,15,8,15,8,15,7,15,8,16,8,16,8,16,8,16,8,16,8,17,8,16,8,17,8,17,8,17,9,18,9,18,9,18,10,18,10,17,10,17,12,17,12,17,12,17,12,16,14,16,14,0,0,-4,-4,-4,-4,-4,-4,-4,-5,-4,-4,-4,-4,-4,-4,-4,-4,-4,-4,-4,-4,-5,-4,-5,-4,-5,-4,-4,-4,-4,-4,-5,-4,-5,-4,-5,-4,-5,-4,-5,-4,-5,-4,-5,-4,-5,-4,-5,-3,-6,-4,-6,-4,0,0,-6,-4,-6,-4,-6,-4,-6,-4,-6,-4,-6,-4,-5,-4,-5,-5,-6,-4,-5,-4,-6,-4,-5,-4,-5,-4,-6,-4,-5,-5,-5,-5,-5,-5,-5,-4,-5,-5,-4,-5,-4,-5,-4,-5,-4,-5,-4,-4,-4,-4,-4,-5,0,0]"
CSI_DATA: 635,4,133,133,147,132,150,0,-24,-25,58342.800,58344.273,57.439,58566.610,247.98,62.611,"[-9,-9,-9,-9,-10,-8,-10,-10,-10,-9,-10,-9,-10,-9,-10,-9,-11,-9,-11,-8,-12,-8,-12,-8,-12,-8,-12,-8,-12,-8,-13,-7,-12,-7,-12,-7,-13,-6,-13,-7,-12,-7,-13,-6,-12,-7,-14,-5,-14,-6,-14,-5,0,0,-14,-5,-15,-5,-16,-5,-15,-5,-15,-5,-15,-5,-16,-5,-15,-5,-15,-5,-15,-5,-17,-4,-16,-5,-16,-5,-17,-5,-16,-5,-17,-5,-17,-5,-16,-6,-16,-7,-15,-7,-16,-8,-15,-8,-15,-9,-15,-8,-14,-9,-14,-9,0,0,16,-1,16,-1,15,-2,17,-1,15,-1,16,-1,15,-1,15,0,15,0,14,-1,15,-1,15,-1,14,-2,14,-2,14,0,14,-2,13,-2,12,-1,13,-2,13,-2,13,-1,12,-2,12,-2,12,-4,13,-4,13,-4,0,0,12,-4,12,-4,12,-5,12,-5,12,-5,12,-5,12,-5,12,-6,12,-6,12,-6,13,-7,13,-7,13,-7,14,-7,14,-7,15,-8,14,-8,15,-8,15,-7,16,-6,17,-6,17,-6,18,-5,18,-6,19,-4,19,-4,0,0]"
CSI_DATA: 636,5,141,141,145,140,150,0,-24,-36,58345.848,58347.320,102.01,58634.917,315.405,130.918,"[5,-16,5,-17,3,-17,5,-18,4,-17,4,-17,4,-16,4,-16,4,-16,4,-16,4,-17,4,-17,4,-17,3,-17,4,-17,2,-18,2,-16,3,-16,2,-17,2,-17,2,-17,2,-17,2,-16,1,-17,1,-18,1,-18,0,0,0,-18,0,-18,0,-19,0,-18,1,-18,0,-19,0,-19,1,-18,1,-18,0,-18,0,-19,1,-18,1,-18,1,-19,1,-18,0,-19,0,-19,1,-18,1,-18,2,-18,2,-18,3,-18,3,-18,3,-18,4,-18,4,-18,0,0,3,13,3,13,4,12,3,14,3,13,3,13,2,12,3,13,2,12,2,11,3,12,3,12,3,12,2,11,1,11,2,11,2,11,1,10,2,10,1,10,1,10,2,9,1,9,2,9,2,9,2,9,0,0,2,8,2,8,2,8,2,8,2,8,2,8,2,7,2,7,2,7,3,7,3,7,3,6,3,6,3,6,3,7,4,7,4,7,4,7,4,7,3,7,4,8,4,8,4,8,4,8,3,9,3,9,0,0]"
CSI_DATA: 637,6,132,132,138,131,150,0,-31,-22,57958.967,58350.460,157.395,58692.467,372.955,188.468,"[-2,1,-2,2,-2,2,-2,2,-2,3,-2,4,-2,4,-1,4,-2,5,-2,5,-2,6,-2,6,-2,7,-2,7,-2,7,-1,8,-1,7,-1,8,0,8,-1,9,0,9,0,10,0,9,1,10,0,11,1,11,0,0,1,12,1,12,2,13,2,12,2,14,2,14,2,14,3,14,2,14,3,14,3,15,2,15,2,16,3,16,3,16,3,17,4,17,4,17,3,17,3,16,2,17,2,18,2,18,2,18,1,18,1,18,0,0,-2,-5,-3,-5,-3,-5,-3,-5,-3,-5,-3,-5,-3,-5,-3,-5,-3,-5,-3,-5,-3,-5,-4,-5,-4,-5,-4,-5,-4,-5,-4,-5,-4,-4,-4,-4,-4,-4,-5,-4,-5,-5,-5,-4,-5,-4,-5,-4,-6,-4,-6,-4,0,0,-6,-4,-6,-4,-7,-4,-7,-4,-7,-4,-7,-4,-7,-4,-7,-4,-7,-4,-7,-4,-8,-4,-7,-4,-7,-4,-8,-5,-8,-5,-8,-5,-8,-5,-8,-5,-8,-5,-8,-5,-8,-6,-7,-6,-7,-6,-8,-6,-7,-7,-7,-7,0,0]"
CSI_DATA: 638,3,129,129,147,128,151,0,-20,-20,58345.832,58738.269,7.730,58911.459,218.992,17.460,"[7,10,7,10,8,9,8,10,8,9,8,10,8,9,8,9,8,9,9,8,10,9,10,9,10,9,10,9,10,9,11,8,11,8,11,8,12,8,12,8,12,9,12,8,12,8,13,7,14,8,14,8,0,0,14,8,15,8,15,8,15,7,15,8,16,8,16,8,16,8,16,8,16,8,17,8,16,8,17,8,17,8,17,9,18,9,18,9,18,10,18,10,17,10,17,12,17,12,17,12,17,12,16,14,16,14,0,0,-17,1,-17,1,-17,2,-19,1,-18,1,-18,2,-18,1,-18,1,-18,1,-17,2,-19,3,-19,3,-19,3,-18,3,-19,2,-19,4,-18,5,-18,4,-18,5,-19,4,-19,4,-19,5,-18,4,-18,7,-20,7,-20,7,0,0,-20,7,-20,8,-20,8,-20,8,-20,8,-21,8,-21,7,-20,7,-21,8,-21,8,-22,9,-20,8,-21,8,-21,7,-21,7,-22,8,-22,7,-22,7,-22,6,-21,5,-22,4,-21,4,-21,4,-21,5,-21,3,-21,2,0,0]"
CSI_DATA: 639,4,134,134,148,133,151,0,-23,-34,58732.786,58735.238,52.539,58960.958,268.491,66.959,"[12,3,13,3,13,2,14,3,13,2,13,2,13,2,13,2,13,2,13,1,14,1,13,1,13,0,14,1,13,2,14,0,13,0,12,0,13,0,14,0,13,0,13,0,13,0,13,-2,14,-1,14,-2,0,0,14,-2,14,-2,15,-3,13,-3,15,-2,15,-2,15,-2,15,-2,15,-2,14,-3,15,-4,15,-3,15,-3,16,-3,15,-2,16,-3,16,-2,16,-2,16,-1,16,-1,16,0,16,1,16,1,16,0,16,1,16,2,0,0,2,-12,2,-12,1,-12,2,-13,2,-11,2,-12,2,-11,2,-11,2,-11,1,-11,1,-11,0,-11,1,-11,1,-11,1,-10,0,-11,0,-9,0,-9,0,-9,0,-9,0,-9,-1,-9,-1,-8,-2,-8,-2,-9,-3,-9,0,0,-4,-8,-4,-9,-5,-8,-5,-8,-5,-9,-5,-9,-5,-9,-6,-9,-7,-9,-7,-10,-8,-10,-8,-10,-8,-10,-8,-11,-8,-12,-9,-12,-9,-12,-9,-13,-8,-14,-8,-14,-8,-14,-7,-15,-7,-15,-8,-15,-7,-17,-6,-17,0,0]"
CSI_DATA: 640,5,142,142,146,141,151,0,-27,-33,58735.833,58738.286,107.109,59024.327,331.860,130.328,"[-17,-12,-18,-12,-18,-11,-18,-13,-18,-12,-17,-13,-16,-13,-15,-12,-16,-13,-15,-11,-17,-12,-17,-11,-17,-12,-17,-11,-16,-12,-17,-11,-16,-11,-15,-11,-16,-11,-15,-12,-15,-13,-15,-11,-14,-11,-16,-9,-16,-11,-16,-11,0,0,-15,-11,-15,-11,-16,-11,-15,-10,-15,-11,-15,-11,-15,-12,-14,-11,-14,-11,-14,-10,-15,-9,-13,-10,-14,-10,-14,-11,-13,-10,-13,-11,-13,-10,-12,-10,-11,-11,-11,-11,-10,-10,-10,-10,-11,-10,-11,-9,-10,-9,-10,-10,0,0,-13,-12,-13,-12,-14,-11,-14,-13,-13,-12,-13,-12,-13,-12,-12,-11,-12,-11,-12,-11,-13,-12,-13,-11,-13,-12,-13,-11,-13,-12,-13,-12,-13,-11,-12,-11,-12,-11,-12,-12,-12,-12,-12,-11,-11,-11,-12,-10,-12,-11,-12,-10,0,0,-12,-10,-12,-10,-12,-10,-12,-9,-12,-9,-13,-9,-12,-9,-12,-9,-12,-8,-12,-8,-13,-8,-12,-8,-12,-8,-13,-8,-13,-7,-14,-7,-13,-7,-14,-7,-14,-8,-13,-8,-14,-8,-13,-8,-14,-9,-14,-9,-14,-10,-14,-10,0,0]"
CSI_DATA: 641,6,133,133,139,132,151,0,-35,-19,58738.973,58741.425,152.487,59104.652,412.185,210.653,"[1,-2,1,-2,1,-1,2,-1,1,0,1,0,2,0,2,1,2,1,3,2,3,3,4,2,4,3,4,3,4,3,4,3,5,3,5,3,6,3,6,3,7,4,8,3,8,3,9,3,10,4,11,3,0,0,12,3,13,4,14,3,14,4,15,4,15,5,15,5,17,5,17,5,17,4,18,5,19,6,18,5,19,6,19,6,20,6,20,6,19,5,18,7,18,7,18,8,19,8,18,7,19,7,18,7,18,6,0,0,10,-13,10,-13,9,-14,11,-14,10,-14,10,-14,10,-14,10,-14,10,-14,9,-13,10,-15,9,-15,9,-15,8,-15,9,-14,7,-16,7,-16,7,-15,6,-16,6,-16,7,-17,6,-17,6,-16,4,-18,5,-19,4,-20,0,0,4,-19,4,-20,4,-21,3,-20,4,-21,4,-21,4,-22,4,-21,4,-22,4,-22,3,-24,4,-23,4,-23,5,-23,5,-23,5,-24,5,-23,6,-25,7,-24,7,-23,8,-23,8,-22,8,-22,8,-23,10,-22,10,-22,0,0]"
CSI_DATA: 642,7,128,128,129,128,151,0,-25,-19,58653.959,58656.411,206.797,59164.224,471.757,270.225,"[5,10,5,10,6,10,6,10,6,10,6,10,6,9,6,9,6,9,7,8,8,9,8,9,8,9,8,9,7,10,8,9,8,8,7,8,8,8,7,8,8,8,8,8,8,7,9,6,9,7,10,6,0,0,10,6,10,6,11,6,11,5,11,6,12,6,12,6,12,6,12,6,12,5,14,5,13,6,14,6,15,7,14,6,15,6,16,7,16,7,16,8,15,8,16,9,15,10,16,11,16,11,15,12,15,13,0,0,-4,16,-4,16,-2,16,-4,17,-4,16,-4,17,-4,17,-4,16,-5,16,-4,15,-5,17,-4,16,-4,15,-3,14,-4,14,-2,14,-1,13,-1,13,0,14,0,14,0,14,1,15,0,14,2,15,2,16,3,16,0,0,3,16,3,17,3,17,3,17,2,18,2,18,2,18,2,18,2,18,2,18,2,19,1,17,1,18,1,18,0,18,0,19,0,18,0,18,-1,18,-1,17,-2,17,-3,16,-3,16,-2,16,-3,15,-4,15,0,0]"
CSI_DATA: 643,3,130,130,148,129,152,0,-22,-19,59125.814,59127.297,11.647,59296.948,132.724,12.949,"[-7,-11,-7,-11,-8,-10,-8,-11,-8,-10,-8,-10,-9,-10,-8,-9,-9,-9,-9,-9,-10,-9,-10,-9,-10,-9,-10,-8,-10,-9,-12,-8,-11,-8,-11,-8,-12,-7,-12,-7,-13,-8,-13,-7,-12,-8,-14,-6,-14,-7,-15,-7,0,0,-15,-6,-16,-6,-16,-7,-16,-6,-16,-6,-17,-6,-17,-6,-17,-6,-17,-6,-17,-6,-18,-7,-18,-8,-18,-7,-19,-8,-18,-8,-20,-8,-20,-8,-19,-8,-19,-9,-18,-9,-18,-10,-18,-10,-18,-11,-18,-11,-17,-12,-16,-13,0,0,-14,-8,-15,-8,-15,-7,-16,-8,-16,-8,-16,-8,-16,-8,-15,-7,-16,-8,-16,-7,-17,-7,-17,-7,-17,-7,-17,-6,-17,-7,-19,-6,-17,-5,-18,-5,-18,-5,-18,-5,-18,-6,-19,-5,-19,-6,-19,-3,-20,-5,-21,-4,0,0,-20,-3,-21,-4,-21,-3,-22,-3,-21,-4,-22,-4,-22,-4,-21,-4,-22,-4,-22,-4,-24,-3,-22,-4,-22,-4,-22,-4,-23,-4,-23,-4,-24,-4,-23,-5,-23,-5,-22,-6,-23,-6,-22,-7,-23,-7,-23,-7,-22,-9,-22,-9,0,0]"
CSI_DATA: 644,4,135,135,149,134,152,0,-23,-36,59122.784,59124.268,57.462,59359.900,195.676,75.901,"[1,-14,0,-15,-1,-14,0,-16,0,-14,-1,-15,-1,-15,-1,-14,-1,-14,-1,-14,-1,-15,-2,-15,-2,-15,-2,-15,-2,-15,-3,-15,-3,-15,-3,-14,-4,-15,-4,-15,-3,-15,-5,-14,-4,-14,-5,-14,-5,-16,-6,-15,0,0,-7,-15,-6,-15,-7,-15,-7,-15,-7,-15,-7,-16,-7,-16,-7,-15,-8,-15,-7,-15,-8,-16,-7,-16,-7,-16,-8,-17,-8,-16,-9,-17,-8,-17,-8,-18,-7,-17,-6,-17,-6,-18,-6,-18,-5,-18,-5,-18,-4,-19,-3,-18,0,0,10,-9,9,-9,9,-9,9,-9,9,-9,8,-8,8,-8,7,-8,7,-8,7,-8,8,-8,7,-8,7,-8,7,-7,7,-7,7,-8,6,-7,6,-7,6,-7,6,-7,6,-6,5,-7,5,-6,4,-7,5,-7,4,-7,0,0,3,-7,4,-7,3,-7,3,-8,3,-7,2,-8,2,-8,2,-8,2,-8,2,-8,2,-9,2,-9,2,-9,2,-9,2,-10,2,-10,3,-10,3,-10,3,-11,3,-10,4,-11,4,-10,4,-11,5,-11,5,-11,6,-10,0,0]"
CSI_DATA: 645,5,143,143,147,142,152,0,-24,-30,59125.831,59127.315,102.36,59425.291,261.67,141.292,"[-18,5,-19,6,-17,7,-19,6,-18,6,-19,7,-18,7,-17,6,-18,6,-17,6,-18,7,-18,7,-18,7,-18,7,-18,7,-17,8,-17,8,-16,7,-16,9,-17,8,-17,8,-16,8,-16,7,-16,9,-17,9,-17,9,0,0,-16,10,-17,9,-17,10,-16,10,-17,10,-17,10,-17,9,-16,10,-16,10,-16,9,-17,10,-17,8,-17,8,-18,9,-17,8,-18,9,-17,8,-18,8,-17,7,-17,7,-17,6,-17,6,-17,5,-17,5,-17,4,-17,4,0,0,-4,-18,-5,-19,-6,-18,-5,-20,-5,-19,-4,-19,-4,-19,-4,-18,-4,-18,-4,-17,-5,-19,-5,-19,-6,-19,-6,-19,-5,-19,-7,-19,-6,-19,-6,-19,-7,-19,-6,-19,-5,-20,-6,-19,-4,-19,-7,-19,-6,-21,-7,-21,0,0,-6,-20,-6,-20,-7,-20,-6,-19,-6,-20,-6,-20,-6,-20,-5,-20,-5,-20,-5,-19,-6,-20,-5,-19,-5,-19,-5,-20,-5,-19,-6,-19,-5,-19,-5,-19,-5,-19,-4,-18,-3,-19,-4,-18,-3,-18,-4,-19,-3,-19,-3,-19,0,0]"
CSI_DATA: 646,6,134,134,140,133,152,0,-35,-18,59128.971,59130.455,157.513,59495.143,330.919,211.144,"[5,0,5,-1,4,-2,5,-2,4,-3,4,-3,4,-4,4,-4,4,-5,3,-5,4,-6,4,-7,5,-7,5,-7,5,-8,5,-8,5,-8,5,-8,5,-9,5,-9,5,-9,5,-10,5,-9,4,-10,5,-11,5,-12,0,0,5,-12,5,-12,5,-13,5,-12,6,-13,6,-14,6,-14,6,-14,6,-14,6,-14,7,-15,7,-15,8,-15,8,-15,8,-14,8,-15,8,-14,8,-14,9,-13,8,-13,9,-13,9,-13,9,-12,8,-13,9,-12,8,-12,0,0,14,-8,14,-8,13,-9,14,-9,14,-9,14,-8,14,-9,14,-9,15,-9,14,-9,15,-10,14,-10,14,-10,13,-11,14,-10,14,-12,12,-12,13,-12,12,-13,13,-13,13,-13,13,-13,13,-14,11,-16,13,-16,12,-18,0,0,13,-17,13,-18,13,-18,13,-19,13,-18,14,-19,14,-19,14,-19,14,-20,15,-20,15,-21,15,-20,15,-19,16,-20,16,-20,16,-20,17,-20,17,-20,18,-19,18,-19,19,-19,19,-18,20,-18,19,-18,21,-17,21,-16,0,0]"
CSI_DATA: 647,3,131,131,150,130,154,0,-23,-27,59905.816,59907.324,11.500,60077.79,581.936,13.73,"[-11,9,-11,10,-10,10,-11,11,-11,10,-10,10,-10,10,-10,10,-10,10,-10,11,-10,11,-10,12,-10,12,-9,12,-10,12,-9,13,-8,12,-8,12,-8,13,-8,12,-9,13,-8,14,-8,13,-7,14,-8,15,-7,15,0,0,-6,16,-7,16,-6,17,-6,16,-7,17,-7,18,-7,17,-7,18,-7,18,-6,18,-6,20,-7,19,-8,19,-7,20,-7,20,-8,21,-9,21,-8,20,-9,20,-10,20,-11,20,-12,19,-12,20,-12,20,-14,19,-14,19,0,0,-2,-19,-2,-20,-3,-19,-2,-21,-1,-19,-1,-20,-1,-19,0,-18,-1,-19,-1,-17,-1,-19,-2,-18,-1,-18,-2,-17,-1,-18,-2,-18,-3,-17,-2,-17,-3,-17,-2,-17,-2,-17,-3,-16,-2,-16,-4,-16,-3,-17,-4,-17,0,0,-5,-16,-4,-16,-5,-17,-6,-16,-5,-16,-5,-16,-5,-16,-6,-16,-6,-16,-6,-16,-8,-17,-7,-16,-7,-17,-7,-17,-8,-17,-8,-19,-8,-18,-8,-19,-7,-20,-7,-19,-6,-21,-6,-20,-5,-21,-6,-21,-4,-22,-4,-23,0,0]"
CSI_DATA: 648,4,136,136,151,135,154,0,-24,-44,59902.788,59904.296,57.310,60136.647,641.504,72.641,"[1,-13,1,-13,0,-13,1,-14,0,-13,0,-13,0,-13,0,-13,-1,-13,-1,-12,-1,-13,-2,-13,-2,-13,-2,-13,-2,-13,-3,-13,-3,-12,-3,-12,-4,-12,-4,-12,-4,-13,-4,-12,-4,-12,-6,-12,-6,-13,-6,-13,0,0,-7,-13,-7,-13,-8,-13,-8,-12,-8,-13,-8,-13,-8,-14,-8,-13,-9,-14,-8,-14,-9,-14,-8,-14,-9,-14,-9,-15,-9,-15,-9,-16,-9,-15,-8,-16,-8,-16,-7,-16,-7,-17,-6,-17,-6,-17,-6,-17,-4,-17,-4,-17,0,0,4,-17,3,-18,2,-17,3,-19,2,-18,2,-19,2,-18,1,-18,1,-19,0,-18,0,-21,-1,-21,-1,-22,-1,-22,1,-23,-1,-24,-1,-23,0,-22,0,-24,1,-23,2,-23,1,-23,3,-21,0,-22,1,-23,0,-23,0,0,0,-22,1,-22,0,-23,-1,-21,0,-22,0,-22,0,-21,0,-20,-1,-21,-1,-19,-2,-21,-1,-20,-1,-20,-1,-21,-2,-20,-2,-21,-2,-20,-1,-21,0,-20,0,-20,2,-20,2,-19,2,-19,2,-19,4,-17,5,-17,0,0]"
CSI_DATA: 649,5,144,144,149,143,154,0,-28,-23,59905.835,59907.343,101.880,60206.525,711.382,142.519,"[5,-21,5,-22,4,-22,6,-23,6,-21,6,-21,6,-21,6,-20,7,-20,6,-20,6,-20,6,-20,6,-20,6,-19,7,-19,6,-19,5,-18,6,-18,5,-18,6,-18,6,-18,5,-17,6,-16,4,-17,5,-18,5,-17,0,0,4,-16,4,-17,4,-17,4,-16,4,-16,4,-16,4,-16,4,-15,4,-15,3,-14,3,-15,3,-14,3,-14,3,-14,3,-14,2,-14,2,-14,2,-13,2,-13,2,-13,3,-13,2,-13,2,-13,1,-14,2,-13,2,-13,0,0,-13,10,-13,11,-12,11,-14,12,-13,11,-14,12,-13,12,-13,11,-13,12,-12,11,-13,13,-13,13,-13,13,-12,13,-13,13,-11,15,-11,15,-11,14,-11,15,-12,15,-13,14,-12,15,-12,14,-11,15,-12,16,-12,17,0,0,-11,16,-12,16,-12,17,-10,17,-12,17,-12,17,-12,17,-11,17,-11,17,-11,17,-11,19,-11,17,-12,17,-12,18,-11,18,-11,20,-11,18,-12,20,-13,19,-13,18,-14,18,-14,17,-15,17,-15,18,-16,17,-17,17,0,0]"
CSI_DATA: 650,6,135,135,142,134,154,0,-33,-17,59908.975,59910.484,157.364,60276.06,780.863,212.00,"[-5,-3,-5,-2,-5,-1,-6,-2,-6,-1,-7,-1,-7,-1,-7,0,-8,0,-8,0,-9,0,-9,0,-10,1,-10,1,-10,1,-10,2,-10,1,-11,2,-11,3,-11,2,-12,2,-12,2,-12,2,-12,3,-13,3,-13,4,0,0,-14,3,-14,4,-15,3,-14,4,-15,3,-15,3,-15,4,-15,3,-16,3,-15,3,-16,4,-16,2,-16,3,-16,3,-16,3,-16,3,-16,3,-16,3,-16,2,-15,2,-16,2,-15,2,-15,1,-15,2,-15,1,-15,1,0,0,-2,14,-2,16,-1,14,-2,17,-2,15,-2,17,-2,16,-2,16,-2,17,-2,16,-2,18,-1,18,-1,17,-1,17,-1,18,1,17,1,17,1,16,2,18,1,18,1,18,2,18,1,17,4,18,3,19,5,20,0,0,5,20,5,19,6,21,6,19,6,21,6,21,6,21,6,21,6,21,6,21,8,23,6,22,6,22,6,23,6,22,7,25,6,22,7,25,6,24,6,24,5,26,4,24,4,24,4,25,2,26,1,27,0,0]"
CSI_DATA: 651,7,129,129,130,129,154,0,-26,-18,59823.963,59825.471,201.801,60336.886,841.743,272.880,"[2,-15,1,-15,1,-15,1,-16,1,-15,1,-14,1,-14,1,-14,1,-14,0,-14,0,-15,0,-15,0,-14,0,-14,1,-13,0,-14,-1,-12,0,-12,-1,-12,-1,-12,-1,-12,-2,-11,-2,-11,-3,-11,-3,-11,-4,-11,0,0,-5,-10,-5,-11,-7,-11,-7,-10,-7,-11,-8,-11,-8,-11,-8,-10,-9,-11,-9,-11,-11,-11,-11,-12,-12,-12,-12,-13,-12,-13,-13,-13,-13,-14,-13,-14,-13,-15,-13,-16,-13,-17,-12,-18,-13,-19,-13,-20,-12,-20,-11,-21,0,0,18,-7,19,-8,18,-8,20,-8,18,-7,19,-6,19,-6,18,-6,18,-5,17,-5,18,-6,17,-6,16,-6,15,-6,16,-6,15,-8,14,-9,14,-8,15,-9,15,-9,16,-9,15,-10,15,-9,15,-11,17,-11,17,-12,0,0,16,-12,17,-11,17,-12,16,-12,18,-11,18,-11,18,-10,17,-10,17,-11,17,-10,18,-12,17,-10,17,-10,18,-10,17,-10,18,-11,17,-10,18,-10,18,-9,17,-9,18,-8,18,-7,18,-7,18,-8,18,-7,18,-6,0,0]"
CSI_DATA: 652,3,132,132,151,131,155,0,-21,-36,60295.785,60297.305,11.646,60467.44,130.158,13.45,"[6,-13,5,-14,4,-13,6,-15,5,-14,5,-14,5,-14,5,-14,5,-14,4,-14,5,-15,4,-15,4,-15,4,-15,5,-15,3,-15,3,-15,3,-15,3,-16,4,-15,4,-15,3,-15,3,-15,2,-16,3,-17,2,-17,0,0,2,-17,2,-17,2,-18,1,-17,2,-18,2,-18,2,-18,2,-17,2,-18,2,-17,1,-19,2,-18,2,-18,2,-19,2,-18,2,-19,2,-19,3,-19,3,-19,4,-18,5,-19,5,-18,5,-18,5,-19,6,-18,6,-18,0,0,-11,6,-10,7,-10,7,-12,6,-11,5,-11,5,-11,5,-11,4,-11,4,-10,4,-11,4,-11,5,-11,4,-11,4,-11,4,-11,5,-10,5,-11,4,-11,5,-11,4,-12,4,-11,5,-11,4,-10,5,-12,5,-11,5,0,0,-11,5,-11,5,-11,5,-10,5,-11,5,-11,5,-11,4,-10,4,-10,5,-10,5,-9,6,-9,5,-8,5,-8,6,-9,6,-9,7,-8,7,-9,8,-9,8,-9,8,-10,8,-9,8,-10,9,-10,9,-11,9,-12,9,0,0]"
CSI_DATA: 653,5,145,145,150,144,155,0,-26,-22,60295.804,60297.324,102.21,60557.429,220.543,103.430,"[-3,15,-3,16,-1,15,-3,17,-3,16,-3,15,-3,15,-3,14,-3,14,-2,14,-2,15,-2,14,-2,15,-2,14,-3,14,-2,13,-1,13,-2,12,-1,13,-1,13,-1,13,-1,12,-1,12,1,12,0,13,0,13,0,0,1,12,1,12,1,13,1,11,2,13,2,13,1,12,2,13,2,12,2,12,3,13,2,13,2,13,2,13,2,12,2,14,3,13,2,14,2,13,1,13,1,14,0,14,0,14,1,14,0,14,-1,14,0,0,8,11,8,10,9,10,9,11,9,11,8,10,8,11,8,10,8,11,8,10,10,10,10,10,10,10,10,9,9,10,12,10,11,9,11,9,11,9,11,10,11,11,12,10,11,10,13,8,13,10,13,9,0,0,13,9,14,10,14,9,14,9,14,9,14,10,13,10,13,10,14,10,14,9,16,9,14,9,14,9,14,9,15,10,15,10,16,10,15,10,15,11,14,11,14,12,14,12,14,13,15,12,14,14,13,14,0,0]"
CSI_DATA: 654,7,130,130,131,130,155,0,-30,-18,60213.933,60215.453,201.685,60657.170,320.284,203.171,"[-8,-4,-9,-4,-9,-3,-10,-4,-9,-3,-10,-3,-10,-3,-10,-3,-10,-3,-10,-2,-12,-2,-12,-2,-12,-2,-12,-2,-12,-3,-12,-2,-11,-2,-10,-2,-11,-2,-11,-2,-11,-2,-11,-1,-11,-1,-11,0,-12,0,-12,1,0,0,-12,2,-12,2,-13,3,-12,3,-13,4,-13,4,-13,4,-13,4,-14,5,-14,6,-15,7,-15,6,-16,6,-17,7,-16,7,-18,8,-18,8,-19,8,-20,8,-20,8,-21,7,-22,6,-22,7,-23,8,-24,6,-25,5,0,0,17,4,18,4,18,3,19,5,18,5,18,5,17,5,17,5,17,6,16,5,17,5,16,4,16,4,15,3,15,4,16,2,15,1,15,2,16,1,16,1,17,2,17,1,16,1,17,-1,18,0,18,0,0,0,18,-1,18,0,19,-1,18,-1,19,0,19,0,19,1,18,1,18,1,18,1,19,0,18,1,18,1,18,1,18,1,18,1,18,1,18,2,17,2,17,2,17,3,17,3,17,3,17,3,16,4,16,4,0,0]"
CSI_DATA: 655,4,137,137,153,136,156,0,-23,-36,60682.770,60684.314,57.322,60902.881,245.711,58.878,"[6,-11,6,-12,5,-12,6,-13,5,-12,5,-12,5,-12,5,-12,5,-12,4,-12,4,-13,3,-13,3,-13,3,-13,3,-12,2,-13,2,-13,2,-13,2,-13,2,-13,2,-13,1,-13,1,-13,0,-14,0,-14,0,-14,0,0,-1,-14,-1,-15,-1,-15,-2,-15,-1,-15,-1,-16,-1,-16,-1,-16,-1,-16,-1,-16,-2,-17,-2,-17,-1,-17,-1,-17,-1,-17,-1,-18,-1,-18,0,-18,0,-18,1,-17,2,-18,2,-18,2,-18,2,-18,3,-17,4,-17,0,0,-6,0,-6,0,-5,1,-6,1,-5,1,-5,2,-5,2,-4,3,-4,3,-3,4,-3,5,-2,5,-2,6,-1,6,-2,7,-1,8,0,8,0,8,0,9,0,9,0,10,1,10,0,11,2,11,2,13,3,13,0,0,3,14,4,14,4,14,4,15,4,15,4,16,4,16,4,16,5,17,4,17,6,18,5,17,5,18,5,18,6,18,6,20,5,20,5,20,5,20,4,20,3,21,4,21,3,21,4,21,1,22,1,22,0,0]"
CSI_DATA: 656,5,146,146,151,145,156,0,-26,-25,60685.816,60687.361,102.10,60953.106,295.936,109.103,"[-13,-13,-13,-13,-14,-12,-14,-14,-13,-13,-13,-14,-13,-13,-12,-13,-12,-13,-12,-13,-13,-14,-13,-13,-13,-13,-12,-12,-12,-13,-12,-12,-12,-11,-11,-11,-12,-11,-12,-11,-11,-12,-12,-11,-11,-11,-12,-11,-12,-11,-13,-11,0,0,-12,-10,-12,-11,-13,-11,-12,-10,-12,-11,-12,-11,-12,-11,-11,-10,-12,-10,-11,-10,-12,-10,-11,-10,-11,-10,-11,-10,-10,-10,-11,-10,-11,-10,-10,-10,-10,-10,-9,-10,-9,-10,-9,-10,-8,-10,-9,-10,-8,-10,-8,-9,0,0,-13,-11,-13,-11,-13,-10,-14,-12,-13,-11,-14,-12,-13,-11,-14,-11,-13,-11,-13,-10,-15,-11,-15,-10,-15,-10,-15,-10,-15,-11,-17,-10,-16,-10,-16,-10,-17,-9,-17,-11,-17,-11,-17,-10,-16,-11,-18,-9,-19,-11,-19,-10,0,0,-19,-10,-19,-10,-20,-10,-18,-10,-19,-11,-19,-11,-19,-11,-18,-11,-19,-11,-18,-10,-21,-10,-19,-10,-19,-11,-20,-11,-19,-11,-21,-11,-20,-10,-21,-11,-20,-12,-19,-12,-20,-13,-19,-13,-19,-13,-20,-13,-19,-15,-19,-16,0,0]"
CSI_DATA: 657,6,136,136,143,135,156,0,-26,-16,60688.958,60690.502,157.490,61035.159,377.989,191.156,"[-8,-10,-8,-10,-8,-9,-9,-11,-9,-10,-9,-11,-9,-11,-9,-11,-9,-11,-10,-11,-11,-12,-11,-11,-11,-11,-11,-11,-10,-12,-12,-11,-12,-11,-11,-10,-12,-11,-12,-12,-12,-12,-12,-11,-12,-11,-14,-10,-14,-11,-14,-11,0,0,-14,-11,-15,-12,-15,-12,-15,-11,-15,-12,-15,-12,-14,-12,-14,-12,-15,-13,-15,-12,-16,-12,-15,-12,-15,-12,-16,-12,-15,-12,-16,-13,-16,-12,-16,-13,-15,-13,-14,-13,-14,-14,-13,-14,-14,-15,-15,-13,-14,-15,-13,-15,0,0,11,4,12,4,12,3,13,4,13,4,13,3,13,3,13,3,13,3,13,3,14,3,14,2,14,2,14,1,14,2,15,0,14,-1,14,0,15,-1,15,-1,16,0,16,-1,16,-1,16,-4,17,-3,18,-4,0,0,18,-5,18,-5,18,-5,19,-6,19,-5,20,-5,20,-5,20,-6,20,-6,21,-7,22,-8,21,-7,21,-6,22,-6,22,-7,23,-7,23,-6,23,-7,23,-5,23,-5,24,-4,23,-4,24,-3,24,-4,25,-2,24,-1,0,0]"
CSI_DATA: 658,7,131,131,132,131,156,0,-28,-21,60603.946,60605.490,201.673,61106.725,449.555,262.722,"[-12,5,-12,5,-11,5,-13,5,-12,5,-12,6,-12,5,-11,5,-12,6,-11,6,-12,6,-12,7,-12,7,-12,6,-12,6,-12,6,-11,6,-10,5,-11,6,-10,6,-10,6,-10,6,-10,6,-8,7,-10,7,-9,8,0,0,-8,8,-8,8,-8,9,-8,9,-8,10,-8,10,-8,10,-8,11,-8,11,-7,11,-8,13,-8,12,-8,13,-9,14,-8,13,-9,15,-9,15,-10,15,-11,15,-11,15,-12,15,-13,16,-14,15,-14,17,-15,15,-16,15,0,0,8,16,8,16,9,15,9,17,8,16,8,17,7,16,6,15,6,16,6,14,6,16,7,14,6,14,6,12,6,13,8,12,8,11,8,11,9,11,9,12,9,12,9,12,8,12,10,11,10,13,11,13,0,0,10,12,11,13,11,13,11,13,10,13,10,13,10,13,9,13,9,13,9,13,10,13,9,12,9,12,9,12,9,12,9,13,9,12,8,12,8,12,8,12,7,13,7,12,7,12,8,12,7,13,6,13,0,0]"
CSI_DATA: 659,4,138,138,154,137,157,0,-24,-41,61072.783,61074.273,57.485,61293.782,187.57,59.783,"[-12,7,-11,7,-11,8,-12,8,-12,8,-12,8,-11,8,-11,8,-11,8,-11,9,-12,9,-11,9,-11,9,-11,9,-11,9,-10,10,-10,10,-10,10,-10,10,-10,11,-10,10,-9,11,-10,10,-9,12,-10,12,-9,12,0,0,-9,13,-9,13,-9,14,-8,13,-9,13,-9,14,-9,14,-9,14,-9,14,-9,14,-9,15,-10,14,-10,14,-11,14,-10,14,-10,15,-11,15,-11,14,-11,14,-12,13,-13,12,-13,12,-13,11,-13,11,-14,10,-14,9,0,0,-4,-7,-4,-7,-4,-6,-4,-6,-4,-5,-3,-5,-3,-4,-3,-4,-3,-3,-2,-3,-3,-2,-3,-1,-2,-1,-2,0,-2,0,-2,1,-2,2,-2,2,-2,3,-2,3,-3,3,-3,4,-3,4,-2,5,-3,5,-2,6,0,0,-2,6,-2,6,-2,6,-2,7,-2,7,-2,7,-2,7,-2,7,-2,8,-2,8,-2,9,-2,8,-1,9,-1,9,-1,9,-1,10,0,10,-1,10,-2,11,-2,11,-2,12,-2,11,-2,12,-3,13,-4,13,-5,13,0,0]"
CSI_DATA: 660,5,147,147,152,146,157,0,-27,-26,61075.829,61077.320,102.56,61347.85,240.360,113.86,"[17,-16,18,-16,16,-16,19,-17,18,-16,18,-15,17,-14,17,-14,18,-14,16,-14,18,-15,17,-15,17,-14,17,-14,17,-13,16,-14,15,-13,15,-13,15,-13,15,-12,16,-12,15,-13,15,-12,14,-14,15,-13,14,-14,0,0,13,-13,13,-13,13,-14,12,-13,13,-13,13,-13,13,-13,12,-12,12,-12,11,-12,12,-13,11,-12,11,-13,11,-13,11,-13,11,-13,10,-13,10,-13,11,-13,11,-12,11,-13,11,-13,11,-13,11,-14,12,-13,12,-13,0,0,8,-12,8,-12,7,-12,9,-13,8,-12,8,-13,8,-12,8,-13,8,-12,7,-12,8,-14,7,-14,7,-14,7,-14,7,-14,6,-16,6,-15,6,-15,6,-16,7,-15,7,-15,6,-16,7,-15,5,-16,6,-17,6,-18,0,0,6,-17,6,-17,6,-18,5,-17,6,-18,6,-18,6,-17,6,-17,6,-18,5,-18,5,-19,5,-17,5,-18,5,-19,5,-19,5,-20,5,-19,6,-20,6,-20,7,-20,7,-20,8,-19,8,-19,8,-21,10,-20,10,-20,0,0]"
CSI_DATA: 661,3,133,133,154,132,158,0,-24,-25,61465.838,61467.289,11.519,61637.527,290.442,13.527,"[11,-8,11,-8,10,-9,11,-9,11,-9,11,-9,10,-9,10,-9,11,-9,10,-10,11,-10,10,-10,10,-10,10,-11,10,-10,10,-11,9,-11,9,-11,9,-12,9,-12,9,-12,9,-13,9,-12,8,-14,9,-14,8,-14,0,0,8,-15,8,-15,8,-17,7,-16,8,-16,8,-17,8,-17,8,-17,8,-17,8,-17,8,-19,9,-18,9,-18,9,-19,9,-19,10,-19,10,-20,10,-19,11,-19,12,-18,13,-18,13,-17,14,-17,13,-18,14,-17,15,-16,0,0,-5,17,-4,17,-4,17,-5,18,-5,18,-5,17,-5,17,-6,17,-6,17,-5,16,-5,18,-4,18,-4,18,-5,17,-6,17,-4,19,-4,17,-5,17,-4,17,-5,18,-6,17,-5,18,-5,17,-4,18,-5,19,-4,19,0,0,-4,18,-5,19,-4,20,-4,19,-5,19,-6,20,-6,19,-6,18,-6,19,-6,18,-5,20,-5,18,-6,18,-6,18,-6,18,-6,19,-5,19,-6,19,-7,18,-7,18,-7,18,-7,17,-7,18,-7,19,-8,18,-8,18,0,0]"
CSI_DATA: 662,5,148,148,153,147,158,0,-27,-28,61465.860,61467.311,101.910,61727.668,380.583,103.668,"[-13,-8,-14,-9,-13,-8,-14,-9,-13,-8,-13,-8,-12,-8,-12,-8,-13,-8,-12,-8,-13,-8,-13,-8,-13,-8,-13,-8,-13,-8,-13,-7,-13,-7,-12,-7,-13,-7,-13,-8,-13,-8,-13,-7,-11,-7,-13,-6,-13,-7,-13,-7,0,0,-13,-7,-13,-7,-14,-7,-13,-6,-13,-7,-13,-7,-13,-7,-12,-7,-13,-7,-12,-7,-13,-7,-12,-7,-12,-7,-13,-8,-12,-7,-13,-7,-12,-7,-12,-7,-12,-7,-11,-8,-12,-8,-11,-8,-11,-8,-11,-8,-11,-9,-11,-9,0,0,17,-1,17,-1,17,-2,18,-1,18,-1,18,-1,18,0,17,0,17,0,17,-1,18,-1,19,-2,18,-2,18,-2,18,-1,20,-3,19,-4,19,-3,20,-3,20,-2,21,-2,21,-2,20,-2,21,-5,22,-3,22,-4,0,0,22,-3,22,-3,23,-3,22,-3,22,-3,23,-2,23,-2,22,-2,22,-2,22,-2,23,-4,22,-2,22,-2,22,-2,22,-3,23,-3,22,-3,23,-3,23,-2,22,-2,23,-2,23,-1,24,-2,24,-3,25,-1,25,0,0,0]"
CSI_DATA: 663,6,137,137,144,136,158,0,-33,-17,61469.02,61470.453,157.504,61785.634,438.549,161.634,"[6,0,6,0,7,0,8,1,8,1,8,1,9,1,9,2,9,2,10,2,11,3,11,3,11,3,12,4,12,4,13,3,12,3,12,4,13,3,14,4,14,5,14,4,13,5,15,4,16,6,15,5,0,0,15,5,16,6,16,5,16,5,16,6,16,6,16,7,16,6,16,6,16,6,16,6,15,6,15,6,15,6,15,5,15,5,15,5,15,5,15,4,15,5,15,5,15,5,15,5,15,4,15,5,15,4,0,0,-13,-8,-13,-7,-14,-7,-15,-8,-15,-8,-15,-8,-15,-8,-15,-8,-15,-8,-15,-8,-16,-8,-16,-7,-16,-7,-16,-7,-16,-8,-17,-6,-17,-5,-17,-6,-17,-5,-18,-6,-18,-6,-18,-5,-18,-5,-19,-3,-20,-4,-21,-3,0,0,-21,-3,-22,-4,-22,-3,-22,-3,-22,-3,-23,-4,-23,-4,-23,-4,-23,-4,-24,-3,-25,-3,-24,-3,-24,-3,-24,-4,-25,-5,-25,-4,-25,-4,-25,-4,-26,-6,-25,-6,-26,-7,-24,-8,-26,-8,-25,-7,-25,-9,-24,-9,0,0]"
CSI_DATA: 664,7,132,132,133,132,158,0,-30,-20,61383.991,61385.442,201.789,61849.679,502.594,225.679,"[4,9,4,10,5,9,5,10,5,10,5,9,4,10,4,9,4,9,5,9,5,10,5,9,5,10,5,10,5,10,5,9,5,8,5,8,5,9,4,9,5,9,5,9,4,7,6,8,6,8,6,7,0,0,6,7,7,7,7,7,8,6,8,6,8,7,8,7,8,7,9,6,10,6,11,7,9,7,10,7,10,8,11,7,12,7,12,8,12,8,13,9,13,9,13,10,13,10,13,12,13,12,12,13,13,14,0,0,4,-21,4,-20,3,-21,5,-22,5,-21,5,-21,5,-21,6,-20,6,-20,6,-19,6,-20,6,-19,5,-18,5,-17,5,-16,3,-18,2,-16,2,-17,1,-16,2,-17,2,-17,1,-17,2,-18,0,-18,1,-19,0,-19,0,0,0,-19,0,-20,0,-19,0,-20,1,-19,1,-20,2,-19,2,-19,2,-19,2,-19,1,-20,2,-18,2,-18,2,-18,3,-18,2,-18,2,-18,3,-17,3,-17,3,-16,4,-16,4,-15,4,-16,3,-15,4,-15,4,-15,0,0]"
CSI_DATA: 665,3,134,134,155,133,159,0,-23,-25,61855.772,61857.325,11.695,62027.30,177.351,13.30,"[-6,14,-5,14,-4,14,-5,15,-5,15,-5,14,-5,14,-5,14,-5,14,-4,14,-5,15,-4,15,-5,15,-4,15,-5,15,-3,16,-3,15,-3,15,-3,15,-4,16,-4,16,-3,16,-3,15,-2,16,-3,17,-2,17,0,0,-1,17,-2,18,-1,18,-1,17,-2,18,-2,19,-2,18,-2,18,-2,19,-2,18,-1,19,-2,19,-2,19,-2,19,-2,19,-2,20,-2,20,-2,20,-3,19,-4,19,-5,19,-4,19,-5,19,-5,19,-6,19,-6,18,0,0,-7,-15,-7,-16,-7,-15,-7,-17,-7,-15,-7,-16,-7,-16,-6,-15,-7,-15,-7,-14,-8,-16,-8,-15,-8,-15,-8,-14,-8,-15,-10,-14,-10,-14,-9,-13,-10,-14,-10,-14,-9,-14,-11,-14,-10,-14,-11,-13,-12,-14,-13,-14,0,0,-13,-13,-13,-13,-14,-13,-14,-13,-14,-13,-14,-14,-14,-14,-14,-14,-15,-14,-14,-13,-16,-14,-15,-14,-15,-13,-16,-14,-17,-14,-17,-15,-17,-15,-17,-15,-16,-16,-16,-17,-16,-18,-15,-17,-15,-18,-16,-18,-15,-20,-14,-21,0,0]"
CSI_DATA: 666,4,139,139,155,138,159,0,-22,-34,61852.748,61854.301,57.477,62088.41,238.362,74.41,"[11,-8,11,-8,10,-8,12,-9,11,-8,11,-8,10,-8,10,-8,10,-8,9,-8,10,-9,9,-9,9,-9,9,-9,10,-9,8,-10,8,-10,8,-9,8,-10,8,-9,8,-10,7,-10,8,-9,6,-11,8,-11,7,-12,0,0,7,-12,7,-12,7,-13,6,-12,7,-13,7,-13,7,-13,7,-13,7,-13,7,-13,7,-15,8,-13,8,-14,8,-14,8,-14,8,-15,9,-14,9,-14,10,-13,10,-12,11,-12,11,-11,11,-11,11,-12,12,-11,12,-10,0,0,8,-15,7,-15,7,-16,8,-17,7,-15,8,-16,7,-15,7,-15,8,-15,7,-15,6,-17,6,-17,6,-17,6,-17,7,-16,6,-17,5,-16,6,-15,5,-16,6,-16,7,-15,6,-16,6,-15,4,-16,6,-16,5,-16,0,0,5,-15,5,-15,5,-16,5,-15,6,-14,6,-14,6,-13,6,-13,5,-13,5,-13,5,-13,5,-12,5,-12,5,-11,5,-11,5,-11,5,-10,6,-10,6,-9,6,-8,6,-8,6,-7,7,-7,6,-6,7,-5,7,-5,0,0]"
CSI_DATA: 667,5,149,149,154,148,159,0,-28,-30,61855.794,61857.347,102.48,62151.907,302.228,137.907,"[5,-24,5,-24,4,-24,6,-25,6,-23,6,-23,6,-23,7,-22,7,-21,6,-21,8,-22,7,-22,7,-22,7,-21,8,-20,7,-21,6,-19,6,-19,6,-20,7,-19,8,-19,6,-19,7,-17,6,-18,7,-19,6,-18,0,0,6,-17,6,-18,5,-18,5,-17,5,-17,5,-17,5,-16,5,-15,5,-15,4,-15,4,-16,4,-15,4,-15,4,-15,3,-14,3,-15,2,-15,2,-14,2,-14,2,-14,2,-14,2,-14,2,-15,1,-15,2,-15,2,-15,0,0,-17,-9,-18,-8,-18,-8,-19,-10,-18,-9,-18,-10,-18,-10,-18,-10,-18,-10,-17,-9,-19,-10,-19,-9,-19,-10,-19,-10,-18,-11,-20,-10,-19,-10,-18,-10,-20,-10,-19,-11,-19,-12,-19,-11,-18,-11,-20,-9,-20,-11,-21,-11,0,0,-20,-10,-20,-10,-21,-11,-20,-10,-20,-11,-20,-12,-19,-11,-19,-11,-19,-11,-19,-10,-20,-10,-18,-10,-19,-10,-19,-10,-19,-10,-20,-10,-20,-10,-20,-10,-19,-10,-19,-10,-19,-11,-19,-11,-19,-11,-21,-11,-20,-12,-20,-13,0,0]"
CSI_DATA: 668,7,133,133,134,133,159,0,-26,-19,61773.926,61775.479,201.700,62225.76,375.397,211.76,"[6,-13,5,-13,4,-14,6,-15,5,-14,5,-13,5,-13,5,-13,4,-13,4,-13,5,-13,4,-13,4,-13,4,-13,5,-12,4,-13,3,-12,3,-12,3,-12,3,-12,3,-12,2,-12,2,-11,0,-12,1,-12,0,-12,0,0,-1,-12,-1,-12,-2,-13,-2,-12,-2,-13,-2,-13,-3,-13,-3,-13,-3,-13,-3,-13,-4,-14,-4,-14,-4,-15,-4,-16,-4,-15,-5,-16,-5,-17,-4,-17,-4,-17,-4,-17,-3,-19,-2,-19,-2,-20,-2,-21,0,-21,0,-21,0,0,-9,15,-9,15,-8,15,-10,16,-10,15,-10,15,-10,15,-10,15,-10,15,-10,14,-11,15,-10,14,-9,14,-9,13,-9,12,-8,14,-6,13,-7,13,-6,14,-7,14,-7,14,-6,15,-7,14,-4,15,-6,16,-5,17,0,0,-5,17,-6,17,-6,17,-5,17,-6,17,-6,17,-7,17,-6,16,-6,17,-6,16,-6,18,-6,16,-7,16,-7,16,-6,16,-7,17,-6,16,-7,16,-8,15,-7,14,-8,15,-8,13,-8,13,-7,14,-8,13,-8,13,0,0]"
CSI_DATA: 669,3,135,135,156,134,160,0,-23,-21,62246.658,62257.309,21.697,62427.155,202.79,23.155,"[4,11,4,11,5,11,5,12,4,11,4,11,5,11,5,11,5,11,5,11,6,12,6,11,6,11,6,11,6,11,7,11,7,10,7,10,8,10,8,11,8,11,8,10,8,10,9,10,9,11,10,10,0,0,10,10,11,10,11,10,11,10,11,11,12,11,12,11,12,11,13,11,13,11,14,11,13,11,13,11,14,12,13,12,14,12,14,13,14,13,14,13,13,13,13,14,14,15,13,16,14,15,12,17,12,17,0,0,-17,4,-16,4,-16,5,-17,5,-17,5,-17,5,-17,5,-17,5,-17,5,-17,5,-18,6,-17,7,-17,7,-17,7,-17,6,-18,9,-17,8,-17,8,-16,9,-17,9,-18,9,-17,9,-18,8,-16,11,-18,11,-18,11,0,0,-18,11,-19,12,-18,12,-18,13,-18,12,-19,12,-19,12,-19,12,-19,13,-20,13,-20,14,-20,12,-20,12,-20,13,-21,13,-21,13,-21,13,-21,13,-22,12,-22,11,-23,10,-22,10,-23,10,-23,10,-24,8,-23,8,0,0]"
CSI_DATA: 670,4,140,140,156,139,160,0,-27,-38,62243.635,62254.287,67.454,62480.937,255.861,76.937,"[2,14,2,14,3,13,3,14,3,14,2,14,3,13,3,13,3,13,3,13,3,14,3,13,4,13,4,13,3,13,4,13,5,12,4,12,5,12,5,12,5,12,5,12,4,12,6,11,6,13,6,12,0,0,6,12,7,12,7,12,7,12,7,12,7,12,7,12,7,12,7,12,7,12,8,13,7,13,7,13,7,13,7,13,7,14,7,14,7,14,7,14,6,14,5,15,5,15,4,15,5,15,3,15,2,15,0,0,19,-2,19,-1,19,-2,20,-1,18,0,18,0,17,1,16,1,17,2,16,1,17,1,16,1,16,1,15,1,14,2,14,1,13,1,13,2,12,1,12,2,11,2,11,2,10,2,10,0,10,1,10,0,0,0,9,0,9,0,8,-1,8,-1,8,-1,8,-2,8,-2,7,-2,7,-3,7,-3,7,-4,7,-3,6,-4,7,-4,6,-4,7,-5,7,-5,6,-5,7,-5,6,-5,7,-5,6,-5,6,-5,6,-6,6,-6,6,-6,0,0]"
CSI_DATA: 671,5,150,150,155,149,160,0,-32,-28,62246.681,62257.332,112.21,62536.686,311.610,132.686,"[21,2,20,1,20,0,21,1,21,1,20,1,20,1,20,0,19,1,19,-1,21,-1,20,-2,20,-2,20,-3,19,-2,20,-4,18,-4,19,-4,19,-5,19,-4,20,-4,20,-5,19,-4,19,-7,20,-6,20,-7,0,0,19,-7,20,-7,20,-7,19,-7,19,-6,20,-6,20,-6,19,-6,19,-5,19,-6,20,-6,18,-5,19,-4,19,-4,18,-3,18,-3,18,-2,17,-1,16,0,15,1,15,1,14,2,14,3,13,3,11,4,10,3,0,0,-16,10,-16,10,-15,11,-17,10,-16,10,-16,10,-16,10,-16,9,-16,9,-15,9,-16,10,-16,11,-15,10,-15,10,-15,10,-15,11,-15,11,-15,10,-15,11,-16,10,-16,10,-15,10,-16,9,-15,11,-16,11,-16,12,0,0,-15,11,-16,10,-16,11,-15,11,-16,10,-16,10,-16,10,-16,9,-16,10,-15,10,-16,11,-15,9,-15,9,-15,9,-15,9,-15,10,-14,10,-15,10,-15,9,-15,9,-15,9,-15,8,-15,9,-15,10,-16,8,-16,8,0,0]"
CSI_DATA: 672,6,139,139,146,138,160,0,-35,-16,62249.823,62260.475,167.520,62603.73,377.997,199.73,"[11,-3,12,-3,13,-3,14,-3,13,-3,14,-3,14,-2,14,-2,14,-2,15,-2,15,-2,16,-2,16,-2,16,-2,16,-2,17,-3,16,-4,16,-3,17,-4,18,-3,18,-2,18,-3,18,-3,19,-5,20,-4,20,-5,0,0,20,-6,20,-5,21,-6,21,-8,22,-7,22,-6,22,-6,22,-7,23,-7,22,-8,24,-9,24,-8,24,-8,25,-8,25,-9,26,-10,26,-10,26,-9,27,-10,26,-8,27,-9,27,-8,27,-8,28,-10,29,-9,30,-9,0,0,14,6,15,5,15,5,16,6,16,6,16,6,16,6,16,6,16,6,16,5,17,6,17,5,17,5,17,4,16,6,18,3,17,3,17,3,17,3,17,3,18,3,18,3,18,3,19,0,20,2,20,0,0,0,20,0,21,1,21,0,21,0,21,0,22,0,22,1,22,0,23,0,23,-1,24,-1,24,0,24,0,25,0,24,1,26,0,25,1,26,1,25,2,25,3,26,4,25,4,26,5,26,4,27,6,26,7,0,0]"
CSI_DATA: 673,7,134,134,135,134,160,0,-23,-18,62164.814,62175.465,211.692,62663.754,438.678,259.754,"[14,4,14,4,14,3,14,5,14,4,13,4,13,4,13,4,13,5,12,4,14,4,13,3,13,4,12,4,12,4,13,3,12,2,11,3,11,2,11,3,11,3,11,2,11,2,11,0,12,1,12,1,0,0,12,0,12,0,12,-1,12,-1,12,-1,12,-1,12,-1,12,-1,13,-1,13,-2,14,-3,13,-2,14,-2,14,-3,15,-2,15,-3,16,-3,16,-2,16,-2,16,-1,17,0,18,0,18,0,18,0,18,2,18,2,0,0,20,2,21,2,21,1,23,2,22,3,22,3,21,3,20,3,20,4,20,4,21,4,20,4,19,3,18,3,17,4,18,1,17,0,17,1,17,0,17,0,18,1,18,0,17,0,18,-2,19,-1,19,-2,0,0,18,-2,19,-2,19,-3,19,-3,19,-2,19,-1,19,-1,19,-1,19,-1,18,-1,19,-2,18,-1,17,-1,18,-1,17,-1,18,-1,17,-1,17,0,17,0,16,1,16,1,15,1,15,1,15,1,14,2,14,2,0,0]"
CSI_DATA: 674,3,136,136,157,135,161,0,-21,-21,62635.764,62637.326,11.662,62807.60,143.306,13.61,"[11,4,12,4,11,3,13,4,12,4,12,4,12,4,12,4,12,4,12,3,13,3,13,2,13,2,13,2,13,3,13,1,13,1,12,1,14,1,13,1,14,1,14,1,13,1,14,-1,15,0,15,-1,0,0,15,-1,15,-1,17,-2,15,-2,16,-2,17,-2,17,-2,17,-2,17,-2,17,-3,18,-3,18,-3,18,-3,20,-3,18,-2,20,-2,20,-2,21,-2,20,-1,20,0,21,0,22,1,22,1,22,1,22,3,22,4,0,0,-7,14,-7,14,-5,14,-7,15,-6,15,-7,15,-7,15,-6,14,-6,15,-6,14,-6,16,-5,16,-5,16,-5,15,-6,15,-4,16,-4,15,-4,15,-3,16,-4,16,-4,16,-3,16,-4,16,-1,16,-2,17,-1,18,0,0,-1,17,-1,18,-1,18,0,18,0,18,-1,19,0,19,-1,18,0,19,0,19,1,20,0,19,0,19,0,20,1,20,1,21,1,21,0,22,0,22,0,21,-2,22,-2,21,-3,22,-2,23,-4,22,-4,22,0,0]"
CSI_DATA: 675,4,141,141,157,140,161,0,-26,-34,62632.742,62634.304,57.452,62856.472,192.718,62.473,"[0,-13,0,-14,-1,-13,-1,-15,-1,-14,-1,-14,-1,-14,-1,-13,-1,-14,-2,-13,-2,-14,-3,-14,-2,-14,-2,-14,-2,-14,-3,-14,-3,-14,-3,-13,-4,-14,-3,-14,-3,-14,-4,-14,-3,-13,-5,-13,-5,-14,-5,-14,0,0,-5,-14,-5,-14,-6,-15,-6,-14,-5,-15,-6,-15,-5,-15,-6,-15,-5,-15,-6,-14,-7,-15,-5,-15,-6,-15,-6,-16,-5,-15,-6,-16,-6,-15,-5,-16,-4,-16,-4,-15,-4,-16,-3,-16,-3,-16,-4,-16,-2,-16,-2,-16,0,0,-20,-7,-20,-6,-20,-5,-22,-6,-20,-6,-21,-6,-21,-6,-20,-6,-20,-6,-19,-5,-22,-6,-21,-5,-21,-5,-20,-4,-19,-6,-21,-4,-20,-3,-19,-4,-20,-3,-20,-4,-19,-5,-19,-4,-18,-5,-19,-3,-19,-4,-19,-4,0,0,-17,-3,-17,-3,-17,-3,-16,-3,-16,-4,-16,-4,-15,-5,-14,-5,-14,-4,-13,-4,-14,-4,-11,-5,-11,-5,-10,-5,-10,-5,-10,-4,-9,-5,-8,-5,-7,-5,-6,-5,-6,-5,-5,-5,-5,-5,-4,-5,-3,-5,-2,-5,0,0]"
CSI_DATA: 676,5,151,151,156,150,161,0,-33,-27,62635.788,62637.350,102.08,62929.195,265.441,135.196,"[0,-13,-1,-13,-2,-13,-1,-15,-1,-13,-1,-13,-2,-13,-2,-13,-2,-13,-3,-13,-4,-14,-4,-13,-4,-14,-5,-13,-5,-13,-6,-13,-6,-13,-6,-12,-8,-13,-7,-14,-7,-14,-8,-14,-8,-13,-10,-13,-10,-14,-11,-14,0,0,-11,-13,-12,-13,-13,-14,-13,-12,-13,-14,-14,-14,-13,-14,-14,-14,-15,-14,-14,-14,-16,-14,-15,-15,-15,-15,-16,-16,-15,-15,-17,-17,-16,-16,-16,-17,-15,-17,-14,-17,-14,-19,-13,-19,-12,-19,-12,-19,-11,-20,-10,-21,0,0,7,12,8,12,8,11,8,13,8,12,8,12,8,13,7,12,7,12,8,11,9,13,9,13,9,12,8,12,8,13,10,13,9,12,8,12,9,12,9,13,8,13,9,13,8,13,10,12,9,13,10,13,0,0,9,13,9,13,9,13,10,12,9,13,9,13,9,13,8,13,9,13,8,12,10,13,8,12,9,12,8,12,9,13,10,12,9,12,9,13,9,13,8,13,8,14,8,13,7,13,9,14,7,14,7,15,0,0]"
CSI_DATA: 677,6,140,140,147,139,161,0,-26,-18,62638.931,62640.492,157.487,62996.836,333.82,202.837,"[-8,9,-8,10,-7,10,-8,11,-7,10,-8,10,-8,11,-7,11,-7,11,-6,11,-7,12,-6,12,-6,13,-6,13,-7,14,-6,13,-6,14,-5,13,-5,14,-6,14,-6,15,-6,15,-5,14,-4,16,-5,16,-4,17,0,0,-4,17,-5,17,-5,18,-4,16,-5,19,-6,18,-6,18,-5,19,-6,18,-5,18,-5,20,-6,18,-6,19,-6,20,-6,18,-7,20,-7,19,-7,19,-7,18,-8,18,-9,17,-9,17,-10,17,-9,18,-10,16,-10,16,0,0,-6,11,-6,12,-5,12,-6,13,-5,12,-5,13,-5,13,-5,12,-5,13,-5,12,-5,14,-4,14,-4,14,-3,14,-4,14,-2,14,-2,14,-1,14,-1,15,-1,15,-1,15,0,16,0,15,2,16,2,17,3,18,0,0,3,18,3,18,4,19,4,19,4,20,4,21,4,21,4,21,4,21,5,21,6,23,5,23,4,23,4,24,4,24,5,25,4,24,4,26,3,26,2,26,1,27,0,25,0,26,0,27,-2,27,-2,27,0,0]"
CSI_DATA: 678,7,135,135,136,135,161,0,-19,-19,62553.921,62555.483,201.683,63059.248,395.494,265.249,"[-16,-8,-16,-8,-16,-7,-17,-9,-15,-8,-15,-8,-15,-8,-14,-7,-14,-8,-14,-6,-15,-7,-15,-6,-15,-6,-14,-6,-14,-7,-14,-6,-14,-5,-13,-5,-14,-5,-13,-6,-13,-6,-14,-5,-13,-5,-14,-4,-14,-4,-14,-3,0,0,-14,-3,-14,-3,-15,-3,-14,-2,-15,-3,-15,-3,-15,-3,-15,-2,-15,-3,-15,-2,-16,-2,-15,-2,-15,-2,-16,-2,-16,-2,-17,-2,-17,-2,-17,-2,-17,-3,-16,-3,-17,-4,-17,-5,-17,-4,-18,-4,-17,-6,-17,-6,0,0,17,-4,17,-4,17,-5,18,-4,17,-4,18,-4,17,-4,16,-3,17,-3,16,-3,17,-3,16,-4,15,-4,15,-4,14,-4,15,-6,14,-7,14,-7,14,-7,15,-7,15,-7,15,-7,15,-7,15,-9,17,-8,16,-9,0,0,16,-9,17,-9,17,-10,17,-9,17,-8,18,-8,18,-8,18,-7,18,-8,17,-7,18,-8,17,-6,17,-6,17,-6,17,-6,18,-7,17,-6,17,-6,17,-5,16,-5,17,-4,16,-4,16,-3,16,-4,16,-3,15,-3,0,0]"
CSI_DATA: 679,3,137,137,158,136,162,0,-23,-21,63025.770,63027.406,11.766,63197.116,137.868,13.117,"[11,3,11,2,11,2,12,2,11,2,11,2,11,2,11,1,11,2,11,1,12,1,12,1,12,1,11,1,12,1,12,0,11,-1,11,-1,12,-1,12,-1,13,-1,12,-1,12,-1,12,-2,13,-2,13,-2,0,0,13,-3,13,-3,14,-4,13,-4,14,-4,15,-4,15,-4,14,-4,14,-5,14,-4,15,-5,15,-4,15,-4,16,-5,16,-5,17,-5,18,-5,18,-5,18,-5,18,-4,19,-3,19,-3,20,-2,21,-2,20,-1,20,0,0,0,14,1,15,1,14,0,16,1,16,1,16,1,15,0,15,0,16,0,15,0,17,0,17,-1,17,-1,16,-1,16,0,17,-2,16,-3,16,-2,16,-3,17,-3,17,-2,17,-3,17,-2,17,-4,18,-4,19,-4,0,0,18,-5,19,-5,19,-6,19,-6,18,-5,19,-5,19,-5,19,-5,19,-6,19,-6,20,-6,19,-5,19,-5,19,-5,19,-5,20,-6,19,-6,20,-6,20,-6,19,-5,20,-5,19,-4,20,-4,20,-4,21,-2,20,-2,0,0]"
CSI_DATA: 680,4,142,142,158,141,162,0,-26,-34,63022.749,63024.385,57.459,63248.178,188.930,64.179,"[-13,4,-13,4,-12,5,-13,5,-13,4,-12,5,-12,5,-12,5,-12,5,-11,5,-12,5,-12,6,-12,6,-12,6,-12,5,-11,6,-10,6,-10,6,-11,6,-11,6,-11,6,-11,6,-11,6,-10,7,-11,7,-10,8,0,0,-10,8,-11,7,-11,8,-10,8,-10,8,-11,8,-11,8,-11,8,-11,8,-10,8,-11,9,-11,7,-11,7,-12,7,-11,7,-12,8,-12,7,-12,7,-12,6,-12,6,-12,5,-12,5,-12,5,-12,4,-12,3,-12,3,0,0,-7,18,-7,18,-6,18,-8,19,-8,18,-8,18,-8,17,-8,17,-8,17,-7,16,-8,17,-8,17,-8,17,-9,16,-9,15,-8,16,-8,15,-8,13,-8,14,-8,14,-9,12,-8,12,-8,11,-7,12,-7,11,-6,12,0,0,-6,10,-6,10,-6,9,-5,9,-5,8,-5,8,-4,7,-4,6,-3,7,-3,6,-2,6,-2,5,-1,5,-1,5,0,5,1,5,1,4,2,4,2,4,3,4,3,4,3,4,4,4,5,4,5,5,5,5,0,0]"
CSI_DATA: 681,5,152,152,157,151,162,0,-31,-28,63025.795,63027.431,102.30,63309.722,250.474,125.723,"[2,-10,1,-11,1,-11,2,-12,1,-12,1,-12,1,-12,0,-12,0,-12,-1,-12,-1,-14,-2,-13,-2,-14,-2,-13,-2,-14,-3,-14,-4,-14,-4,-13,-5,-14,-5,-15,-5,-15,-6,-15,-6,-15,-8,-15,-8,-17,-9,-16,0,0,-10,-16,-10,-17,-11,-17,-11,-16,-12,-17,-13,-18,-13,-18,-13,-18,-14,-18,-14,-17,-15,-19,-14,-19,-14,-20,-15,-20,-14,-19,-15,-21,-15,-21,-15,-21,-14,-21,-13,-21,-13,-23,-12,-22,-11,-23,-11,-23,-10,-23,-9,-23,0,0,-2,15,-2,15,-1,15,-2,17,-2,17,-2,17,-1,17,-2,16,-1,18,-1,17,-1,19,0,19,0,19,0,19,-1,19,1,21,1,19,0,19,1,20,1,20,0,20,1,20,0,20,3,20,2,22,3,21,0,0,4,21,4,22,4,21,5,21,5,21,5,22,5,22,6,22,7,22,7,22,8,23,7,22,7,23,7,24,8,24,9,25,9,25,9,25,8,26,8,26,8,27,7,27,6,28,7,28,5,29,4,29,0,0]"
CSI_DATA: 682,6,141,141,147,140,162,0,-26,-19,62638.931,63030.574,157.405,63376.909,317.661,192.910,"[-8,9,-8,10,-7,10,-8,11,-7,10,-8,10,-8,11,-7,11,-7,11,-6,11,-7,12,-6,12,-6,13,-6,13,-7,14,-6,13,-6,14,-5,13,-5,14,-6,14,-6,15,-6,15,-5,14,-4,16,-5,16,-4,17,0,0,-4,17,-5,17,-5,18,-4,16,-5,19,-6,18,-6,18,-5,19,-6,18,-5,18,-5,20,-6,18,-6,19,-6,20,-6,18,-7,20,-7,19,-7,19,-7,18,-8,18,-9,17,-9,17,-10,17,-9,18,-10,16,-10,16,0,0,-13,-4,-14,-4,-14,-3,-15,-4,-14,-3,-14,-3,-15,-3,-14,-3,-15,-3,-14,-2,-15,-2,-15,-2,-15,-2,-15,-1,-15,-1,-16,1,-15,1,-15,1,-15,2,-15,2,-16,2,-16,3,-15,3,-15,5,-17,4,-17,6,0,0,-17,7,-18,6,-18,7,-17,8,-18,7,-19,8,-19,8,-19,8,-20,9,-20,9,-21,10,-21,9,-21,9,-22,9,-22,9,-23,9,-23,9,-23,9,-24,8,-23,8,-25,7,-24,6,-25,6,-25,6,-26,4,-25,4,0,0]"
CSI_DATA: 683,7,136,136,137,136,162,0,-18,-19,62943.929,62945.565,201.704,63443.315,384.67,259.316,"[16,3,16,2,16,2,17,3,16,3,16,2,16,2,15,2,15,2,15,1,16,2,16,1,16,1,15,1,15,1,15,0,15,-1,14,0,15,-1,15,-1,15,-1,15,-1,15,-1,15,-2,16,-2,16,-3,0,0,15,-4,15,-3,16,-4,15,-4,16,-4,16,-4,16,-4,16,-4,16,-5,16,-5,17,-6,17,-5,16,-5,17,-6,17,-5,18,-6,18,-5,18,-6,18,-5,18,-5,19,-4,19,-4,19,-3,19,-3,19,-2,20,-2,0,0,8,-17,8,-17,7,-17,8,-17,8,-16,8,-16,8,-17,8,-16,8,-16,7,-15,8,-16,7,-16,6,-15,6,-15,6,-14,4,-16,3,-16,4,-15,3,-16,3,-16,4,-17,3,-17,4,-17,2,-18,3,-19,2,-19,0,0,2,-19,3,-20,3,-20,3,-19,3,-19,3,-19,4,-19,4,-19,4,-19,4,-19,4,-20,5,-18,5,-18,5,-18,5,-18,5,-19,5,-18,5,-17,5,-17,6,-16,6,-17,6,-15,6,-15,6,-15,7,-15,7,-14,0,0]"
CSI_DATA: 684,3,138,138,159,137,163,0,-22,-24,63418.477,63427.289,21.557,63597.70,153.755,23.70,"[14,0,15,-1,14,-2,16,-1,15,-1,15,-1,14,-1,14,-1,14,-1,14,-2,15,-2,15,-2,15,-2,15,-3,15,-2,15,-3,15,-3,14,-3,16,-4,16,-3,16,-2,16,-3,15,-3,15,-4,16,-4,16,-5,0,0,16,-4,16,-5,17,-5,16,-5,17,-5,17,-5,17,-4,17,-4,16,-5,16,-5,17,-6,17,-5,17,-5,18,-5,17,-5,18,-6,18,-6,19,-6,18,-5,18,-5,19,-4,20,-4,20,-4,21,-4,20,-3,21,-2,0,0,15,-2,15,-3,15,-3,16,-3,16,-3,16,-3,15,-3,15,-3,16,-3,15,-3,16,-3,16,-3,16,-4,15,-4,15,-3,16,-5,15,-5,15,-5,15,-5,15,-5,16,-5,16,-5,16,-4,15,-6,17,-6,17,-7,0,0,17,-6,17,-7,17,-7,16,-7,17,-6,17,-7,17,-6,17,-6,17,-6,17,-6,17,-7,16,-6,16,-6,17,-6,17,-6,17,-6,17,-6,16,-5,16,-5,17,-5,17,-4,16,-4,17,-4,16,-5,17,-3,16,-3,0,0]"
CSI_DATA: 685,4,143,143,159,142,163,0,-23,-27,63415.457,63424.269,67.374,63650.389,207.74,76.389,"[-5,-11,-6,-11,-6,-10,-7,-11,-7,-11,-7,-11,-7,-10,-7,-10,-7,-10,-8,-9,-9,-10,-9,-10,-9,-9,-9,-9,-9,-9,-10,-9,-10,-8,-10,-8,-11,-8,-11,-8,-11,-8,-12,-7,-11,-8,-12,-7,-13,-8,-13,-7,0,0,-14,-7,-14,-7,-15,-7,-14,-7,-15,-7,-16,-7,-16,-7,-15,-7,-16,-7,-16,-7,-17,-7,-16,-8,-16,-8,-17,-8,-16,-8,-17,-9,-18,-9,-17,-9,-17,-10,-16,-10,-16,-11,-15,-11,-15,-12,-15,-12,-14,-13,-13,-13,0,0,-14,1,-14,1,-14,2,-14,2,-14,2,-14,2,-14,2,-14,2,-15,2,-14,3,-15,3,-15,3,-15,4,-15,3,-15,3,-16,5,-14,4,-14,4,-14,5,-15,4,-15,4,-14,5,-14,4,-14,6,-15,6,-15,6,0,0,-14,6,-14,7,-14,8,-14,8,-14,7,-15,8,-14,7,-14,8,-15,8,-15,8,-15,9,-15,8,-15,9,-16,9,-15,9,-16,10,-16,10,-16,9,-17,8,-16,8,-18,7,-17,7,-17,7,-18,7,-18,6,-18,5,0,0]"
CSI_DATA: 686,5,153,153,158,152,163,0,-33,-36,63418.503,63427.314,111.950,63720.06,276.691,146.06,"[3,3,4,4,4,3,5,4,5,4,5,4,5,4,5,4,6,5,6,4,7,4,7,4,8,4,8,3,8,4,9,3,9,3,9,3,10,3,10,3,10,3,11,3,11,2,12,1,13,1,14,1,0,0,14,1,14,1,15,0,14,0,16,0,16,0,16,0,16,0,17,0,16,0,18,-1,17,0,18,0,19,0,17,0,19,0,18,0,18,1,18,2,17,2,18,3,17,3,16,3,17,2,16,3,16,4,0,0,7,8,7,7,8,7,8,9,8,9,7,9,8,8,7,9,8,9,8,8,9,9,9,10,9,10,9,10,8,11,10,11,9,10,8,11,8,11,9,11,8,12,8,12,8,12,9,11,9,12,9,12,0,0,8,12,9,12,9,12,9,12,8,12,8,13,8,12,8,12,8,12,8,12,8,12,8,11,7,11,7,11,8,11,8,11,8,10,8,10,7,10,7,10,7,10,7,9,7,10,7,9,7,9,7,9,0,0]"
CSI_DATA: 687,7,137,137,138,137,163,0,-18,-19,63336.638,63345.449,211.620,63787.155,343.840,213.155,"[3,-18,3,-18,2,-18,3,-19,3,-18,3,-18,3,-17,2,-17,2,-17,1,-16,2,-18,1,-18,1,-18,1,-18,2,-18,1,-18,0,-17,0,-17,-1,-18,0,-18,0,-18,-1,-18,0,-17,-2,-17,-1,-19,-2,-18,0,0,-2,-18,-3,-19,-3,-19,-3,-17,-3,-19,-3,-19,-3,-20,-4,-19,-4,-20,-4,-19,-5,-20,-4,-20,-4,-21,-5,-22,-4,-21,-5,-22,-5,-22,-4,-23,-3,-23,-3,-23,-2,-24,-1,-25,-1,-24,-1,-26,1,-25,1,-26,0,0,-11,-17,-11,-17,-12,-16,-11,-18,-11,-17,-10,-17,-10,-18,-9,-17,-9,-17,-9,-17,-10,-17,-10,-16,-10,-15,-10,-15,-9,-14,-11,-15,-11,-13,-11,-13,-12,-12,-12,-14,-12,-14,-12,-13,-11,-14,-14,-13,-14,-14,-14,-14,0,0,-14,-14,-14,-14,-15,-14,-14,-14,-14,-14,-14,-15,-13,-15,-13,-15,-13,-15,-13,-14,-14,-15,-13,-14,-12,-14,-12,-14,-12,-15,-13,-14,-13,-14,-12,-14,-11,-15,-11,-15,-10,-15,-10,-14,-10,-14,-11,-14,-9,-15,-9,-15,0,0]"
CSI_DATA: 688,3,139,139,160,138,164,0,-21,-23,63805.739,63807.328,11.701,63979.809,192.654,15.805,"[-7,-15,-7,-14,-7,-14,-7,-15,-8,-14,-7,-14,-7,-14,-6,-14,-7,-14,-7,-14,-8,-15,-8,-14,-8,-14,-8,-14,-7,-14,-9,-14,-9,-13,-8,-13,-9,-13,-9,-14,-8,-14,-9,-13,-8,-13,-10,-13,-10,-14,-11,-13,0,0,-10,-13,-11,-13,-12,-13,-11,-13,-11,-13,-11,-13,-11,-14,-11,-13,-12,-13,-11,-13,-12,-13,-12,-13,-12,-13,-12,-13,-12,-13,-13,-13,-13,-14,-13,-14,-13,-14,-12,-15,-12,-16,-13,-16,-13,-17,-14,-17,-12,-18,-12,-18,0,0,13,11,14,10,14,9,15,11,14,10,14,11,13,11,13,10,13,10,13,9,14,10,14,10,14,10,14,9,14,10,15,9,14,8,13,8,14,8,14,9,14,9,15,8,14,8,15,7,16,8,16,8,0,0,16,8,16,8,17,8,16,7,16,8,16,9,16,9,15,9,16,9,15,8,16,9,15,9,14,9,15,9,14,9,15,9,14,9,14,9,13,9,13,9,13,10,12,9,12,9,12,9,12,9,12,10,0,0]"
CSI_DATA: 689,4,144,144,159,143,164,0,-23,-27,63415.457,63804.309,57.359,64037.157,250.02,73.153,"[-5,-11,-6,-11,-6,-10,-7,-11,-7,-11,-7,-11,-7,-10,-7,-10,-7,-10,-8,-9,-9,-10,-9,-10,-9,-9,-9,-9,-9,-9,-10,-9,-10,-8,-10,-8,-11,-8,-11,-8,-11,-8,-12,-7,-11,-8,-12,-7,-13,-8,-13,-7,0,0,-14,-7,-14,-7,-15,-7,-14,-7,-15,-7,-16,-7,-16,-7,-15,-7,-16,-7,-16,-7,-17,-7,-16,-8,-16,-8,-17,-8,-16,-8,-17,-9,-18,-9,-17,-9,-17,-10,-16,-10,-16,-11,-15,-11,-15,-12,-15,-12,-14,-13,-13,-13,0,0,14,-3,14,-3,13,-4,15,-4,14,-4,14,-4,14,-4,13,-4,13,-4,13,-5,14,-5,14,-5,14,-5,14,-5,14,-5,14,-6,13,-6,13,-5,13,-6,13,-6,13,-6,13,-6,12,-5,13,-8,14,-7,14,-8,0,0,13,-8,13,-8,14,-9,13,-9,14,-9,14,-9,14,-8,14,-8,14,-9,14,-8,15,-9,15,-8,15,-9,16,-9,15,-8,16,-8,15,-9,16,-8,16,-7,16,-6,16,-6,16,-6,16,-5,16,-6,17,-4,17,-4,0,0]"
CSI_DATA: 690,3,140,140,161,139,165,0,-21,-23,64195.752,64197.270,11.664,64367.167,330.10,13.168,"[6,-13,6,-14,4,-14,6,-15,5,-14,5,-14,5,-14,5,-14,5,-14,4,-14,4,-15,3,-15,3,-15,3,-15,3,-15,2,-16,2,-15,2,-15,1,-16,2,-16,2,-16,1,-16,1,-16,0,-16,0,-17,0,-18,0,0,-1,-17,-1,-18,-1,-19,-2,-18,-1,-18,-1,-19,-1,-19,-1,-19,-1,-19,-2,-19,-3,-20,-1,-20,-2,-20,-2,-20,-1,-20,-2,-21,-2,-21,-1,-21,-1,-21,0,-21,0,-21,1,-21,1,-22,0,-22,2,-22,2,-22,0,0,16,0,16,0,16,-1,17,0,16,0,17,0,16,0,16,0,16,1,15,0,17,0,16,-1,16,-1,16,-1,16,0,16,-2,16,-1,15,-1,15,-2,16,-1,16,0,16,-1,15,-1,16,-3,17,-2,17,-3,0,0,17,-3,17,-3,17,-3,16,-3,16,-3,17,-2,17,-2,17,-2,18,-2,17,-2,18,-3,17,-2,17,-2,18,-2,17,-1,18,-2,17,-2,17,-1,17,-1,17,0,17,0,17,0,17,0,17,-1,17,1,17,2,0,0]"
CSI_DATA: 691,6,142,142,148,141,165,0,-21,-17,64198.923,64200.441,157.565,64513.309,476.152,159.310,"[13,0,13,-1,13,-2,14,-1,13,-1,13,-1,13,-2,12,-2,13,-2,12,-3,13,-3,13,-3,13,-4,13,-4,14,-3,13,-4,12,-4,12,-4,13,-5,13,-4,13,-4,13,-4,12,-4,12,-6,13,-5,13,-6,0,0,13,-6,13,-6,14,-6,12,-6,13,-6,14,-7,14,-7,13,-7,13,-7,13,-7,14,-8,14,-7,14,-8,15,-8,14,-7,15,-8,15,-8,16,-7,16,-7,16,-6,17,-6,17,-5,17,-5,17,-5,17,-4,17,-3,0,0,-16,4,-17,5,-15,5,-17,5,-16,5,-17,5,-17,5,-17,5,-18,5,-16,5,-17,6,-17,7,-17,7,-16,7,-17,6,-16,8,-16,8,-15,8,-15,9,-16,9,-16,9,-16,10,-15,9,-14,12,-16,12,-16,14,0,0,-16,13,-16,13,-16,14,-15,14,-16,14,-17,14,-17,14,-17,15,-17,15,-16,15,-17,17,-17,16,-17,16,-19,16,-18,16,-19,17,-18,16,-19,17,-20,16,-20,15,-21,15,-21,13,-21,13,-21,14,-23,13,-23,13,0,0]"
CSI_DATA: 692,7,138,138,139,138,165,0,-20,-19,64113.916,64115.433,201.858,64569.571,532.414,215.572,"[10,10,11,10,11,9,11,11,10,10,10,10,9,10,9,9,9,10,9,8,10,9,10,8,10,8,10,8,10,8,11,7,10,7,10,7,11,7,10,8,11,8,11,7,10,7,11,6,12,7,12,6,0,0,12,6,12,6,13,6,12,5,12,6,13,6,13,6,13,6,13,6,13,5,15,5,14,6,14,6,15,6,15,6,16,6,16,6,16,7,16,7,15,8,16,8,16,9,16,10,17,9,16,11,16,12,0,0,8,-8,9,-8,8,-9,9,-9,9,-8,9,-8,9,-8,8,-8,9,-7,8,-7,9,-8,8,-8,8,-7,8,-7,8,-7,7,-8,6,-8,6,-8,6,-8,6,-8,7,-8,6,-8,6,-8,5,-9,6,-9,6,-10,0,0,6,-10,6,-10,6,-10,6,-10,6,-9,6,-9,7,-9,6,-9,6,-10,6,-9,6,-10,6,-9,6,-9,6,-9,6,-8,6,-9,6,-8,6,-8,6,-8,6,-7,6,-7,6,-7,6,-6,6,-7,6,-6,6,-6,0,0]"
CSI_DATA: 693,3,141,141,162,140,166,0,-22,-25,64585.753,64587.315,11.720,64757.154,187.583,13.156,"[-1,15,-1,16,0,15,-1,17,-1,16,-1,16,-1,16,-2,15,-2,16,0,15,0,17,0,16,0,16,0,16,-1,17,0,16,1,16,0,15,1,16,0,17,-1,17,0,16,0,16,2,17,1,18,2,18,0,0,1,18,1,17,2,18,2,17,1,18,1,18,0,18,1,17,1,18,1,17,2,18,1,18,2,18,1,19,1,17,1,19,1,19,1,19,0,19,0,18,-1,19,-1,19,-1,19,0,19,-2,20,-2,20,0,0,13,-7,13,-7,13,-8,14,-8,13,-7,14,-7,13,-8,13,-7,13,-7,12,-7,13,-8,13,-8,12,-8,12,-8,12,-8,12,-10,11,-9,11,-9,11,-10,11,-10,12,-9,11,-9,12,-9,11,-11,12,-11,12,-11,0,0,11,-11,11,-12,11,-12,11,-12,12,-11,12,-11,12,-11,12,-11,12,-11,12,-11,12,-12,12,-11,12,-11,12,-11,12,-11,12,-12,12,-11,12,-10,12,-10,12,-9,13,-9,12,-9,12,-8,12,-9,13,-8,12,-7,0,0]"
CSI_DATA: 694,4,145,145,161,144,166,0,-25,-24,64582.735,64584.298,57.402,64809.691,240.120,65.693,"[-9,9,-8,9,-7,9,-8,10,-8,9,-8,10,-8,10,-8,9,-8,10,-7,10,-7,11,-6,11,-6,11,-6,11,-7,11,-6,11,-6,11,-5,11,-5,12,-6,11,-7,11,-6,11,-6,11,-4,12,-5,13,-4,13,0,0,-5,13,-5,13,-5,14,-4,14,-5,14,-5,14,-6,14,-5,14,-5,14,-5,14,-5,15,-5,14,-5,14,-6,15,-6,14,-6,15,-7,15,-7,15,-8,14,-8,14,-9,14,-9,13,-9,13,-10,14,-10,12,-10,12,0,0,-14,2,-14,2,-13,3,-15,3,-14,3,-15,3,-14,3,-14,3,-14,3,-13,4,-15,4,-14,4,-15,5,-14,5,-15,4,-14,5,-14,5,-13,5,-14,6,-14,5,-14,5,-14,6,-13,5,-13,7,-14,7,-14,8,0,0,-13,8,-13,8,-14,9,-13,8,-14,9,-14,9,-14,9,-14,9,-14,9,-13,9,-14,10,-14,9,-14,9,-15,10,-15,10,-16,11,-16,11,-16,10,-16,10,-17,9,-17,9,-17,8,-18,8,-18,8,-19,7,-19,7,0,0]"
CSI_DATA: 695,5,155,155,158,154,166,0,-33,-27,63418.503,64587.343,102.81,64874.794,305.223,130.796,"[3,3,4,4,4,3,5,4,5,4,5,4,5,4,5,4,6,5,6,4,7,4,7,4,8,4,8,3,8,4,9,3,9,3,9,3,10,3,10,3,10,3,11,3,11,2,12,1,13,1,14,1,0,0,14,1,14,1,15,0,14,0,16,0,16,0,16,0,16,0,17,0,16,0,18,-1,17,0,18,0,19,0,17,0,19,0,18,0,18,1,18,2,17,2,18,3,17,3,16,3,17,2,16,3,16,4,0,0,-18,4,-18,5,-17,5,-19,5,-18,5,-19,5,-18,6,-18,5,-18,5,-18,5,-20,6,-19,7,-20,6,-19,7,-19,6,-19,8,-18,8,-18,7,-18,8,-19,8,-19,7,-19,8,-19,7,-18,10,-20,9,-20,10,0,0,-19,11,-19,10,-20,11,-19,12,-19,11,-20,11,-20,11,-20,11,-20,12,-20,12,-20,13,-20,11,-20,11,-21,12,-21,12,-22,13,-21,13,-22,13,-22,12,-22,12,-23,11,-22,10,-23,10,-23,11,-24,9,-24,8,0,0]"
CSI_DATA: 696,6,143,143,149,142,166,0,-22,-19,64588.925,64590.487,157.446,64935.818,366.247,191.820,"[-12,4,-12,4,-11,5,-13,5,-12,5,-12,5,-12,5,-12,5,-12,5,-11,6,-12,7,-11,7,-12,7,-11,7,-12,7,-11,8,-10,7,-10,8,-10,9,-11,8,-11,8,-10,9,-10,8,-9,10,-10,10,-10,11,0,0,-10,11,-10,11,-10,12,-9,12,-10,13,-11,13,-11,13,-10,13,-11,13,-10,13,-10,15,-11,14,-11,15,-12,15,-12,14,-13,15,-13,15,-13,15,-14,14,-14,13,-16,13,-16,13,-16,12,-16,13,-17,11,-17,11,0,0,-1,-17,-1,-17,-2,-17,-1,-19,-1,-18,-1,-18,-1,-18,-1,-18,-1,-18,-1,-18,-1,-19,-2,-18,-2,-18,-3,-18,-2,-18,-4,-18,-4,-17,-4,-17,-5,-18,-5,-18,-4,-18,-6,-18,-5,-18,-7,-18,-6,-20,-8,-19,0,0,-8,-19,-8,-20,-9,-20,-9,-20,-9,-20,-9,-21,-9,-21,-9,-20,-9,-21,-9,-21,-10,-22,-9,-21,-9,-21,-9,-22,-9,-22,-10,-22,-10,-22,-10,-23,-9,-23,-8,-22,-8,-24,-7,-23,-7,-24,-7,-24,-5,-25,-5,-24,0,0]"
CSI_DATA: 697,7,139,139,140,139,166,0,-21,-20,64503.918,64505.480,201.743,65007.866,438.295,263.868,"[1,15,2,15,3,15,2,16,2,15,2,15,1,14,1,14,1,14,2,14,3,15,3,14,3,15,3,14,2,15,4,14,3,13,3,13,4,14,3,14,2,14,3,14,3,13,5,13,4,14,5,13,0,0,5,13,5,13,6,13,6,12,6,13,6,14,6,14,6,14,6,14,7,13,8,14,7,14,7,14,8,15,7,14,8,15,8,16,8,16,7,16,6,17,6,17,5,18,6,18,7,19,5,19,4,20,0,0,18,-4,17,-4,17,-5,19,-4,18,-4,18,-3,18,-3,17,-3,17,-2,17,-2,17,-2,16,-3,16,-3,15,-3,14,-3,15,-5,13,-6,14,-5,14,-6,14,-6,15,-6,15,-6,15,-5,14,-7,16,-7,16,-7,0,0,15,-7,16,-7,16,-8,15,-8,15,-6,16,-6,16,-6,15,-5,15,-6,15,-6,15,-7,14,-5,14,-5,14,-5,14,-5,14,-6,14,-5,13,-5,13,-5,13,-4,13,-4,12,-4,12,-4,12,-4,12,-3,11,-3,0,0]"
CSI_DATA: 698,3,142,142,163,141,167,0,-23,-24,64975.748,64977.283,11.686,65147.27,139.161,13.28,"[0,13,1,14,1,13,1,15,1,14,0,14,0,14,1,13,0,14,1,13,1,14,1,14,1,14,1,14,1,14,2,14,2,13,1,13,2,14,2,14,2,14,2,14,1,13,4,13,3,15,4,14,0,0,4,14,3,14,4,15,4,14,4,15,4,15,4,15,4,15,4,15,4,14,5,15,4,15,4,15,5,16,4,15,5,16,5,16,4,17,4,17,4,16,4,17,3,17,3,17,4,17,2,18,2,19,0,0,14,-6,14,-7,13,-8,15,-7,14,-7,14,-7,14,-7,14,-7,14,-7,13,-8,14,-8,14,-8,14,-9,13,-9,14,-8,14,-10,13,-9,13,-9,13,-9,14,-9,14,-9,14,-9,14,-9,13,-11,14,-11,14,-12,0,0,14,-11,14,-11,14,-12,14,-12,14,-11,15,-11,15,-11,15,-10,15,-11,15,-10,15,-11,14,-10,15,-10,15,-10,15,-9,16,-10,15,-10,15,-9,15,-8,15,-8,15,-7,14,-7,14,-7,14,-8,14,-6,14,-6,0,0]"
CSI_DATA: 699,4,146,146,162,145,167,0,-27,-24,64972.732,64974.266,57.502,65197.654,189.788,63.655,"[-10,4,-10,5,-10,5,-10,5,-10,5,-10,5,-10,6,-10,6,-9,6,-9,6,-10,7,-9,7,-9,7,-9,7,-9,7,-9,8,-8,8,-8,8,-8,9,-9,8,-9,9,-8,9,-8,8,-7,9,-8,10,-8,10,0,0,-7,11,-8,10,-8,11,-7,11,-8,11,-8,11,-8,12,-8,11,-8,12,-7,11,-8,12,-8,11,-9,12,-9,12,-8,12,-9,13,-9,12,-9,12,-10,12,-10,12,-11,11,-11,11,-12,11,-11,11,-12,10,-13,10,0,0,-12,7,-11,7,-10,8,-12,8,-11,8,-11,8,-11,9,-10,8,-10,9,-10,9,-11,10,-10,10,-9,11,-9,11,-10,10,-9,11,-8,11,-8,11,-8,11,-9,12,-9,11,-8,12,-8,12,-6,12,-7,13,-7,13,0,0,-6,13,-6,14,-6,15,-6,15,-5,15,-6,16,-6,16,-6,16,-5,16,-5,17,-5,18,-6,17,-6,17,-6,18,-6,19,-6,19,-7,20,-7,19,-8,20,-8,19,-9,19,-9,19,-10,19,-10,20,-12,19,-13,18,0,0]"
CSI_DATA: 700,5,156,156,159,155,167,0,-40,-35,64975.776,64977.311,102.75,65262.434,254.568,128.435,"[16,-9,16,-9,14,-9,17,-9,15,-8,16,-8,15,-7,15,-7,15,-6,14,-8,16,-7,15,-8,15,-8,15,-8,15,-7,15,-9,15,-9,14,-8,15,-9,15,-8,16,-8,16,-9,16,-7,15,-9,17,-9,17,-10,0,0,16,-10,16,-10,16,-11,15,-11,17,-11,16,-10,17,-11,17,-12,17,-12,17,-12,17,-13,17,-13,18,-12,18,-14,17,-13,18,-14,18,-15,19,-15,19,-14,19,-13,20,-13,20,-13,20,-12,20,-14,21,-13,20,-12,0,0,-8,-6,-8,-6,-9,-5,-9,-6,-9,-6,-9,-6,-9,-6,-9,-5,-9,-5,-10,-5,-11,-5,-11,-4,-11,-4,-11,-4,-12,-5,-13,-4,-12,-3,-12,-4,-13,-3,-13,-3,-13,-4,-13,-3,-13,-4,-14,-2,-15,-2,-15,-2,0,0,-15,-1,-16,-1,-16,-1,-16,0,-16,0,-17,0,-17,0,-17,0,-18,1,-18,1,-20,3,-19,2,-19,2,-21,2,-22,2,-23,3,-23,3,-24,3,-24,2,-25,1,-26,0,-26,0,-27,-1,-29,0,-29,-2,-29,-4,0,0]"
CSI_DATA: 701,6,144,144,150,143,167,0,-21,-17,64978.921,64980.456,157.448,65331.421,323.555,197.422,"[-14,-3,-14,-3,-14,-2,-15,-3,-14,-2,-15,-2,-15,-3,-14,-2,-15,-2,-14,-1,-16,-1,-15,-1,-16,0,-16,0,-16,0,-15,1,-15,0,-15,1,-16,1,-16,1,-16,1,-16,2,-15,1,-16,3,-17,3,-17,3,0,0,-16,3,-17,3,-17,4,-16,4,-17,4,-18,4,-18,4,-17,4,-17,5,-17,5,-18,6,-18,5,-18,5,-19,5,-18,5,-20,5,-20,5,-20,5,-20,4,-20,3,-21,2,-20,2,-20,1,-21,2,-21,0,-21,-1,0,0,1,-17,0,-17,0,-17,1,-18,1,-18,1,-18,0,-18,1,-18,1,-17,0,-17,0,-18,-1,-18,-1,-18,-2,-17,-1,-18,-3,-18,-3,-17,-3,-17,-3,-18,-3,-18,-3,-18,-3,-18,-4,-18,-7,-18,-5,-19,-7,-19,0,0,-7,-19,-6,-20,-7,-20,-7,-20,-7,-20,-7,-21,-7,-21,-7,-21,-7,-21,-8,-21,-9,-22,-8,-22,-8,-22,-7,-22,-7,-23,-7,-23,-7,-23,-7,-23,-6,-24,-5,-24,-5,-24,-4,-23,-4,-24,-5,-24,-3,-25,-2,-24,0,0]"
CSI_DATA: 702,7,140,140,141,140,167,0,-21,-20,64893.914,64895.449,201.745,65400.951,393.85,266.952,"[-13,8,-14,9,-12,9,-14,9,-13,9,-13,9,-13,8,-12,8,-13,8,-11,8,-12,8,-11,8,-11,9,-11,9,-11,9,-10,9,-10,9,-10,9,-10,10,-10,10,-10,10,-10,10,-10,9,-9,11,-10,11,-10,11,0,0,-9,11,-9,11,-9,12,-8,12,-9,12,-9,13,-9,13,-8,13,-8,13,-8,13,-8,14,-8,13,-9,14,-9,15,-9,14,-9,16,-9,16,-10,16,-10,16,-11,16,-12,16,-12,16,-13,16,-13,17,-15,16,-15,16,0,0,17,-12,17,-12,16,-13,18,-12,17,-12,18,-11,17,-11,17,-10,17,-10,16,-10,17,-10,16,-10,15,-9,14,-9,14,-9,14,-11,12,-11,12,-11,12,-11,13,-11,13,-11,13,-12,13,-12,12,-13,13,-13,13,-14,0,0,13,-13,13,-13,13,-13,13,-13,13,-12,14,-12,14,-12,14,-11,13,-12,13,-12,13,-13,13,-11,13,-11,13,-11,13,-11,13,-11,12,-11,12,-10,12,-10,12,-9,12,-9,12,-8,12,-9,11,-9,12,-8,11,-8,0,0]"
CSI_DATA: 703,3,143,143,164,142,168,0,-20,-21,65365.818,65367.281,11.674,65539.200,138.249,15.200,"[-5,5,-5,5,-5,6,-5,6,-5,6,-5,6,-5,6,-5,6,-5,6,-4,6,-5,6,-5,6,-5,7,-5,7,-5,7,-4,7,-4,7,-4,7,-4,7,-4,7,-4,7,-4,7,-4,7,-3,8,-4,8,-4,8,0,0,-3,8,-4,8,-4,9,-3,8,-4,9,-4,9,-4,9,-4,9,-4,9,-3,9,-4,10,-4,9,-4,9,-4,9,-4,9,-4,10,-4,10,-4,10,-5,10,-5,9,-5,9,-5,9,-6,9,-6,9,-6,9,-6,9,0,0,15,5,15,4,15,4,16,5,16,5,15,5,15,4,15,5,15,5,15,4,16,4,16,4,16,3,16,3,15,4,17,3,16,2,16,3,15,2,16,3,16,3,16,3,16,3,16,1,17,2,18,1,0,0,17,1,18,1,17,1,18,1,17,2,18,2,18,2,17,2,18,2,18,2,19,1,17,2,18,2,17,2,18,3,18,3,18,3,17,3,18,3,17,4,17,5,16,4,17,5,17,4,16,6,16,6,0,0]"
CSI_DATA: 704,4,147,147,163,146,168,0,-22,-25,65362.803,65364.266,57.490,65584.186,183.235,60.186,"[11,2,11,1,12,0,12,1,12,1,12,0,12,0,11,0,11,0,11,-1,12,-1,12,-2,12,-2,12,-2,12,-2,12,-3,11,-3,11,-3,12,-4,12,-4,12,-4,12,-4,12,-4,11,-5,13,-5,12,-6,0,0,12,-6,13,-7,13,-7,12,-7,13,-7,13,-7,13,-7,13,-7,14,-8,13,-8,14,-9,14,-8,14,-8,15,-8,14,-8,15,-8,15,-8,15,-7,16,-7,15,-6,16,-6,17,-5,17,-4,17,-5,17,-3,16,-2,0,0,-15,3,-14,3,-14,4,-15,3,-14,4,-14,3,-14,4,-14,3,-14,4,-14,4,-15,5,-14,5,-14,5,-14,5,-13,5,-14,6,-12,6,-13,6,-12,6,-13,6,-13,6,-12,7,-13,6,-12,8,-12,8,-12,8,0,0,-12,8,-12,9,-11,9,-12,10,-12,9,-12,10,-12,10,-12,10,-12,11,-13,11,-13,12,-13,11,-14,12,-13,12,-14,12,-14,13,-15,13,-15,12,-15,11,-16,11,-17,10,-17,10,-18,10,-17,11,-18,9,-18,8,0,0]"
CSI_DATA: 705,5,157,157,160,156,168,0,-38,-31,65365.847,65367.310,102.63,65649.810,248.859,125.810,"[6,-18,6,-19,5,-19,5,-19,6,-18,5,-17,4,-17,4,-16,4,-16,3,-16,3,-17,2,-16,2,-16,1,-16,2,-15,0,-16,0,-14,0,-14,-1,-15,0,-14,0,-14,-1,-14,0,-14,-2,-14,-1,-14,-2,-14,0,0,-2,-13,-2,-14,-2,-13,-2,-13,-2,-13,-2,-13,-2,-13,-1,-12,-1,-13,-1,-12,-1,-13,0,-12,1,-12,0,-12,1,-12,1,-12,2,-12,3,-11,3,-11,4,-11,5,-11,5,-11,7,-10,6,-11,8,-9,8,-9,0,0,3,16,3,16,4,16,4,17,4,17,3,16,3,17,3,16,3,16,5,16,5,17,6,16,6,16,6,16,5,16,7,17,7,16,7,16,8,16,7,16,7,17,7,17,7,17,10,16,10,17,10,17,0,0,10,16,11,17,11,17,11,17,11,17,11,18,11,17,11,17,12,18,13,17,14,18,13,17,13,17,13,18,15,19,15,19,15,20,15,21,15,22,14,22,14,24,13,23,14,25,15,25,12,28,11,28,0,0]"
CSI_DATA: 706,6,145,145,150,144,168,0,-21,-18,64978.921,65370.455,157.440,65713.785,312.834,189.785,"[-14,-3,-14,-3,-14,-2,-15,-3,-14,-2,-15,-2,-15,-3,-14,-2,-15,-2,-14,-1,-16,-1,-15,-1,-16,0,-16,0,-16,0,-15,1,-15,0,-15,1,-16,1,-16,1,-16,1,-16,2,-15,1,-16,3,-17,3,-17,3,0,0,-16,3,-17,3,-17,4,-16,4,-17,4,-18,4,-18,4,-17,4,-17,5,-17,5,-18,6,-18,5,-18,5,-19,5,-18,5,-20,5,-20,5,-20,5,-20,4,-20,3,-21,2,-20,2,-20,1,-21,2,-21,0,-21,-1,0,0,10,-13,10,-13,9,-14,11,-14,10,-14,10,-13,11,-14,11,-13,11,-13,11,-14,11,-15,11,-15,10,-14,10,-15,11,-14,10,-16,9,-15,9,-15,8,-15,9,-15,10,-15,9,-16,10,-16,7,-17,9,-18,8,-18,0,0,8,-18,8,-19,8,-19,8,-19,8,-19,9,-19,9,-19,9,-19,9,-20,9,-20,9,-21,9,-19,9,-20,9,-20,10,-20,9,-20,10,-20,10,-20,11,-20,11,-19,12,-19,12,-19,12,-19,12,-19,14,-19,14,-18,0,0]"
CSI_DATA: 707,3,144,144,165,143,169,0,-22,-24,65755.732,65757.320,11.724,65927.57,213.272,13.58,"[11,6,11,6,11,5,12,6,11,6,12,6,11,6,11,5,11,6,12,5,12,5,13,4,13,4,13,4,13,5,13,4,13,3,13,4,14,3,13,4,14,4,14,4,13,4,14,2,15,3,15,2,0,0,15,3,16,3,16,3,15,2,16,3,17,3,17,3,16,3,16,2,16,2,18,2,17,2,17,2,17,3,17,3,18,2,18,3,18,3,18,3,18,4,18,5,18,5,19,5,19,5,18,7,18,7,0,0,16,6,17,7,16,5,18,7,16,6,17,7,16,7,15,7,15,7,14,7,16,7,16,7,16,7,15,6,15,7,16,5,16,5,14,6,15,6,15,6,15,7,15,6,14,7,15,4,16,6,16,6,0,0,16,5,15,5,16,5,15,5,15,6,15,6,15,6,14,6,15,6,14,6,15,5,13,6,13,6,14,5,13,5,14,5,13,5,13,5,12,5,12,6,12,6,11,5,11,5,12,5,11,6,11,6,0,0]"
CSI_DATA: 708,4,148,148,164,147,169,0,-22,-29,65752.718,65754.305,57.501,65972.824,259.39,58.825,"[-12,2,-12,3,-11,4,-13,3,-12,4,-12,4,-12,4,-12,4,-12,4,-11,5,-12,6,-11,6,-12,6,-11,6,-12,6,-11,7,-10,7,-10,7,-11,8,-11,7,-11,8,-11,8,-11,8,-10,9,-11,10,-10,10,0,0,-10,10,-11,11,-11,12,-10,11,-11,11,-11,12,-11,12,-11,12,-11,12,-10,12,-11,13,-11,12,-12,13,-12,13,-12,13,-12,13,-13,13,-12,13,-13,12,-13,12,-14,11,-14,10,-14,10,-15,10,-15,9,-15,9,0,0,13,4,13,5,13,3,14,4,12,3,13,4,12,3,12,3,13,4,12,2,13,3,13,2,13,2,13,2,13,3,14,2,13,2,13,2,13,1,12,2,13,2,13,2,12,2,13,0,14,2,14,1,0,0,14,1,13,0,14,0,13,0,13,1,14,1,14,1,14,1,14,1,13,0,15,0,14,0,14,0,14,0,14,1,15,1,15,0,15,1,15,2,14,2,15,3,14,2,15,2,15,2,15,4,14,4,0,0]"
CSI_DATA: 709,6,146,146,151,145,169,0,-21,-21,65758.907,65760.495,157.443,66072.880,359.95,158.881,"[-4,-13,-4,-13,-5,-13,-4,-14,-5,-13,-5,-13,-5,-13,-5,-12,-5,-13,-5,-12,-6,-13,-7,-12,-7,-13,-7,-13,-7,-13,-8,-13,-8,-12,-8,-12,-8,-11,-9,-12,-9,-12,-9,-12,-9,-12,-10,-11,-10,-13,-11,-12,0,0,-11,-12,-11,-13,-12,-12,-12,-12,-12,-12,-12,-13,-12,-13,-12,-12,-13,-13,-13,-12,-14,-13,-13,-14,-13,-14,-14,-14,-13,-14,-13,-14,-13,-14,-13,-14,-13,-15,-12,-15,-12,-16,-11,-17,-11,-17,-11,-17,-10,-18,-10,-18,0,0,-16,0,-17,1,-16,1,-18,1,-17,1,-18,0,-18,1,-17,0,-18,0,-17,0,-19,1,-18,1,-18,1,-17,2,-18,1,-17,3,-17,4,-16,4,-17,4,-17,4,-17,4,-17,5,-17,4,-16,7,-18,7,-18,8,0,0,-18,8,-18,8,-19,10,-17,9,-19,10,-19,10,-19,9,-19,10,-20,10,-20,11,-21,12,-20,10,-20,10,-22,11,-21,11,-23,12,-21,11,-23,12,-23,10,-22,10,-24,9,-23,8,-24,8,-24,9,-25,8,-25,7,0,0]"
CSI_DATA: 710,4,149,149,165,148,170,0,-24,-29,66142.717,66144.283,57.507,66362.851,289.971,58.848,"[-13,-1,-14,-1,-14,0,-15,0,-14,0,-14,0,-14,0,-13,0,-13,0,-13,1,-14,1,-14,2,-14,2,-14,2,-14,2,-13,3,-13,3,-13,3,-13,4,-14,3,-14,3,-14,4,-13,3,-13,5,-14,5,-14,5,0,0,-14,5,-14,5,-15,6,-13,6,-15,5,-15,6,-15,5,-14,5,-15,5,-14,5,-15,6,-15,5,-15,5,-16,5,-15,5,-15,5,-15,5,-15,4,-15,4,-15,3,-15,2,-15,1,-15,1,-15,1,-15,0,-14,0,0,0,-13,1,-13,2,-13,3,-14,3,-13,3,-13,3,-14,3,-13,4,-14,4,-13,5,-14,6,-14,6,-14,7,-13,6,-14,6,-14,8,-13,8,-13,7,-13,8,-14,8,-14,8,-13,9,-13,9,-11,11,-13,11,-12,12,0,0,-12,13,-13,14,-12,14,-12,14,-12,15,-13,16,-13,16,-13,16,-13,16,-13,17,-13,19,-13,18,-14,18,-15,19,-15,19,-16,21,-16,21,-17,21,-19,20,-19,19,-20,19,-20,18,-21,19,-21,21,-23,19,-23,18,0,0]"
CSI_DATA: 711,3,145,145,167,144,171,0,-22,-24,66535.708,66539.66,13.320,66713.718,350.867,19.720,"[-2,-15,-2,-15,-3,-15,-2,-16,-2,-15,-2,-15,-2,-15,-2,-14,-3,-14,-3,-14,-3,-15,-3,-14,-4,-15,-4,-15,-3,-15,-4,-15,-4,-14,-4,-14,-5,-14,-4,-15,-4,-15,-5,-14,-4,-14,-6,-14,-5,-15,-6,-15,0,0,-6,-15,-7,-16,-7,-15,-7,-15,-7,-15,-7,-16,-7,-16,-7,-15,-7,-16,-7,-16,-8,-16,-7,-16,-7,-16,-7,-17,-7,-17,-8,-17,-8,-18,-7,-18,-7,-18,-7,-18,-6,-19,-6,-19,-6,-20,-6,-20,-4,-20,-4,-21,0,0,1,15,1,16,2,15,1,17,1,16,1,17,1,17,1,16,1,17,1,16,1,18,2,17,2,17,2,17,1,17,3,17,3,17,2,16,3,17,2,17,2,17,3,17,2,16,4,16,3,18,4,18,0,0,4,18,3,18,4,19,4,17,4,18,3,18,3,18,3,18,3,18,3,17,4,18,2,17,2,18,2,18,2,17,3,18,3,17,2,17,2,17,2,16,2,17,1,16,1,16,2,17,0,17,0,16,0,0]"
CSI_DATA: 712,4,150,150,166,149,171,0,-24,-29,66532.696,66536.53,57.400,66767.210,404.359,73.212,"[-1,-13,-2,-14,-3,-13,-3,-14,-3,-13,-3,-14,-3,-13,-3,-13,-4,-13,-4,-12,-4,-14,-5,-13,-5,-13,-5,-13,-5,-13,-6,-13,-6,-12,-6,-12,-7,-12,-7,-12,-7,-12,-7,-12,-7,-12,-9,-11,-8,-13,-9,-12,0,0,-9,-12,-10,-12,-10,-12,-10,-12,-10,-13,-11,-13,-11,-13,-11,-12,-11,-13,-11,-13,-12,-14,-11,-13,-11,-14,-11,-15,-11,-14,-12,-15,-11,-15,-11,-15,-10,-15,-9,-15,-9,-16,-9,-16,-8,-16,-9,-16,-6,-17,-6,-17,0,0,16,-2,16,-2,15,-3,17,-3,16,-3,17,-2,16,-3,16,-3,16,-3,15,-3,17,-3,17,-3,17,-4,16,-3,16,-2,16,-3,16,-4,15,-3,15,-4,15,-3,15,-3,14,-4,14,-3,14,-5,15,-5,14,-5,0,0,14,-6,13,-6,14,-7,13,-7,13,-7,13,-7,13,-8,13,-8,14,-9,13,-9,14,-10,14,-9,15,-10,15,-11,15,-10,16,-11,16,-11,17,-11,18,-11,18,-10,19,-10,19,-9,20,-9,20,-9,22,-7,22,-7,0,0]"
CSI_DATA: 713,5,159,159,162,158,171,0,-32,-33,66535.740,66539.97,112.60,66838.737,475.886,144.739,"[5,-13,5,-14,4,-14,5,-15,4,-14,5,-15,4,-15,4,-15,4,-15,3,-15,4,-17,3,-16,3,-17,2,-17,3,-17,1,-18,1,-17,1,-17,0,-18,1,-18,1,-19,0,-19,1,-18,-1,-19,0,-21,-1,-20,0,0,-1,-20,-2,-21,-2,-22,-2,-21,-1,-21,-1,-22,-1,-22,-1,-21,-2,-22,-1,-21,-2,-23,0,-22,0,-22,0,-22,0,-21,0,-22,0,-22,1,-21,1,-21,2,-20,2,-20,3,-19,3,-18,3,-19,4,-18,4,-17,0,0,-1,13,-1,13,0,13,-1,15,-1,14,-1,15,-1,15,-1,15,-1,16,-1,15,-1,17,-1,17,-1,18,-2,17,-3,17,-3,18,-2,17,-2,17,-2,17,-3,17,-3,17,-3,17,-3,16,-2,17,-2,18,-2,19,0,0,-2,18,-2,18,-2,19,-2,18,-2,18,-3,18,-3,18,-3,18,-3,18,-2,18,-2,19,-3,17,-3,17,-3,18,-3,17,-3,18,-2,17,-3,17,-3,16,-3,16,-3,16,-3,16,-2,15,-2,16,-3,16,-3,16,0,0]"
CSI_DATA: 714,6,147,147,152,146,171,0,-26,-16,66538.886,66542.243,157.536,66904.448,541.597,210.450,"[-1,9,0,9,1,9,0,10,1,10,2,10,2,10,2,10,3,11,3,10,4,12,4,11,4,12,5,11,4,12,6,12,6,11,5,11,6,11,7,12,6,12,7,12,7,12,9,11,9,13,9,13,0,0,10,12,10,13,11,13,11,13,11,13,11,14,11,14,11,14,12,14,12,14,13,15,12,15,12,15,12,16,12,16,12,16,12,17,11,17,11,17,11,17,10,18,9,18,9,18,9,18,7,19,7,19,0,0,8,11,9,12,9,11,10,13,9,12,9,13,10,12,10,12,10,12,10,11,11,13,11,12,11,12,11,11,11,12,13,11,13,10,12,10,14,10,14,10,14,11,15,10,14,10,16,9,17,10,18,9,0,0,18,9,18,9,20,9,18,8,20,9,20,10,21,9,21,10,21,9,21,9,23,10,22,10,21,11,23,11,22,11,24,12,23,11,24,12,23,12,23,13,23,14,22,14,22,14,23,15,22,17,21,17,0,0]"
CSI_DATA: 715,7,142,142,145,142,171,0,-19,-19,66453.881,66457.238,211.709,66965.218,602.367,271.220,"[16,-6,16,-6,15,-7,17,-7,16,-6,16,-6,15,-6,15,-6,15,-6,14,-6,15,-7,14,-7,15,-8,14,-8,15,-7,15,-8,14,-8,14,-7,14,-8,14,-7,14,-7,14,-8,14,-7,13,-9,14,-9,14,-9,0,0,13,-9,13,-9,13,-10,13,-10,13,-10,13,-10,13,-10,13,-10,13,-10,13,-11,13,-12,13,-11,13,-12,14,-12,14,-12,14,-12,15,-13,15,-12,15,-12,16,-11,17,-11,17,-11,18,-11,18,-12,18,-10,19,-10,0,0,-21,4,-22,5,-20,5,-23,4,-21,4,-22,4,-21,4,-21,4,-21,3,-20,3,-21,3,-20,3,-20,3,-18,3,-19,3,-17,5,-17,5,-16,5,-17,7,-17,6,-17,6,-17,7,-16,6,-16,9,-18,8,-18,9,0,0,-18,10,-18,9,-19,10,-17,9,-19,9,-19,9,-19,8,-18,8,-19,8,-17,8,-19,8,-18,7,-18,7,-19,7,-17,6,-18,7,-17,6,-18,6,-17,5,-16,5,-16,4,-16,3,-15,3,-15,4,-15,2,-15,3,0,0]"
CSI_DATA: 716,3,146,146,168,145,172,0,-23,-24,66926.817,66940.575,25.28,67110.318,145.100,26.320,"[-3,-13,-3,-13,-4,-12,-4,-14,-4,-13,-4,-13,-5,-13,-5,-13,-5,-13,-5,-12,-5,-13,-6,-13,-6,-13,-6,-13,-6,-13,-7,-13,-7,-12,-6,-12,-8,-12,-8,-13,-7,-13,-8,-12,-7,-12,-9,-12,-9,-14,-9,-13,0,0,-10,-13,-10,-13,-11,-13,-11,-12,-11,-13,-11,-13,-11,-13,-11,-12,-12,-13,-12,-13,-13,-14,-12,-14,-12,-14,-14,-14,-13,-13,-14,-15,-14,-14,-14,-15,-14,-16,-14,-16,-13,-17,-13,-17,-13,-18,-14,-19,-12,-20,-12,-21,0,0,-18,-8,-18,-8,-18,-7,-19,-10,-18,-9,-19,-9,-19,-9,-18,-9,-18,-10,-18,-9,-19,-9,-19,-9,-19,-9,-19,-8,-18,-10,-20,-8,-18,-8,-18,-8,-18,-7,-19,-9,-18,-9,-19,-8,-18,-9,-19,-6,-20,-8,-20,-7,0,0,-19,-7,-20,-8,-20,-7,-20,-6,-19,-7,-19,-8,-19,-8,-19,-7,-19,-8,-19,-7,-20,-7,-18,-7,-18,-7,-18,-7,-19,-7,-19,-7,-19,-6,-18,-7,-18,-7,-17,-7,-18,-8,-17,-7,-17,-7,-17,-7,-18,-8,-17,-9,0,0]"
CSI_DATA: 717,4,151,151,167,150,172,0,-24,-28,66923.805,66937.563,67.547,67175.355,210.137,91.357,"[-4,-12,-5,-12,-5,-11,-6,-13,-5,-12,-6,-12,-6,-12,-6,-11,-6,-12,-7,-11,-7,-12,-8,-11,-8,-12,-8,-11,-8,-12,-9,-11,-9,-11,-9,-10,-10,-10,-10,-11,-10,-11,-10,-10,-10,-10,-11,-9,-12,-10,-13,-10,0,0,-12,-10,-13,-10,-14,-10,-13,-9,-14,-10,-14,-11,-14,-10,-14,-10,-14,-11,-14,-10,-15,-11,-14,-11,-15,-12,-15,-12,-14,-12,-15,-13,-15,-12,-15,-13,-14,-13,-14,-13,-13,-15,-12,-15,-12,-15,-13,-15,-11,-16,-10,-16,0,0,12,5,12,4,12,3,13,4,12,4,12,4,12,4,12,4,12,4,12,2,13,3,13,2,13,2,12,2,12,3,13,2,12,1,11,2,11,1,12,2,12,2,12,1,11,1,12,-1,13,-1,13,-1,0,0,13,-1,13,-1,13,-2,13,-3,13,-2,14,-2,14,-2,14,-2,15,-3,15,-3,15,-4,15,-4,16,-4,16,-3,17,-2,18,-2,17,-3,18,-2,18,-1,18,0,19,1,18,1,19,1,19,0,20,2,19,3,0,0]"
CSI_DATA: 718,5,160,160,163,159,172,0,-31,-31,66926.848,66940.607,122.120,67244.712,279.494,160.714,"[22,-9,22,-10,20,-11,23,-10,21,-9,22,-9,22,-10,21,-9,21,-9,20,-9,22,-9,21,-10,21,-10,21,-9,21,-9,21,-11,20,-11,19,-9,20,-11,20,-10,20,-9,20,-10,19,-8,19,-10,21,-10,20,-11,0,0,19,-10,19,-10,19,-10,18,-10,19,-9,19,-9,18,-9,18,-8,18,-8,17,-7,18,-8,17,-6,16,-5,16,-6,15,-5,15,-5,15,-5,15,-5,13,-4,13,-4,12,-3,11,-3,11,-3,11,-3,10,-3,10,-3,0,0,-8,-12,-9,-12,-9,-12,-9,-14,-9,-12,-9,-13,-9,-13,-9,-12,-9,-13,-10,-12,-11,-13,-11,-13,-11,-13,-11,-13,-10,-14,-11,-13,-10,-12,-10,-12,-11,-12,-10,-13,-10,-13,-10,-12,-9,-13,-11,-11,-11,-13,-11,-12,0,0,-11,-12,-12,-13,-12,-12,-11,-12,-11,-12,-12,-13,-11,-13,-11,-13,-11,-13,-11,-12,-12,-12,-11,-12,-11,-12,-11,-13,-10,-13,-11,-13,-11,-12,-10,-12,-10,-13,-9,-13,-10,-13,-9,-13,-10,-13,-10,-13,-9,-14,-9,-14,0,0]"
CSI_DATA: 719,6,148,148,153,147,172,0,-30,-17,66929.995,66943.753,167.595,67318.961,353.743,234.963,"[-11,4,-12,4,-11,4,-13,4,-12,4,-13,4,-13,4,-13,4,-13,4,-13,4,-14,5,-14,5,-14,4,-14,5,-14,5,-14,6,-13,6,-13,6,-13,7,-14,7,-14,7,-14,7,-14,6,-14,9,-15,9,-15,10,0,0,-14,10,-15,10,-15,11,-14,11,-15,11,-16,11,-16,12,-15,12,-16,13,-15,13,-16,13,-17,12,-17,12,-18,14,-17,13,-18,14,-19,14,-19,15,-19,14,-19,13,-20,13,-20,12,-21,12,-21,12,-22,11,-22,11,0,0,-13,0,-14,0,-13,1,-15,0,-14,1,-15,1,-15,1,-15,1,-15,1,-14,1,-16,2,-16,3,-16,2,-15,3,-16,3,-15,4,-15,5,-15,5,-15,5,-16,5,-16,5,-16,6,-16,6,-15,9,-17,8,-17,10,0,0,-17,10,-18,10,-18,11,-17,11,-18,11,-19,11,-19,11,-19,12,-20,12,-19,13,-20,14,-20,12,-20,12,-21,13,-21,12,-22,13,-22,12,-22,13,-23,11,-22,11,-24,11,-23,9,-24,10,-23,10,-24,9,-24,8,0,0]"
CSI_DATA: 720,7,143,143,146,143,172,0,-20,-18,66844.991,66858.749,221.766,67388.132,422.914,304.134,"[12,8,13,8,13,7,14,8,12,8,13,8,13,7,12,7,12,7,12,7,13,7,13,7,13,7,12,7,12,7,13,6,12,5,11,5,13,5,12,5,12,6,12,5,11,5,12,4,13,5,13,4,0,0,13,3,13,3,14,3,13,2,14,3,14,3,14,2,14,2,14,2,14,2,15,2,14,3,14,3,15,2,15,2,16,2,16,2,17,2,17,2,17,3,17,4,17,4,17,5,18,6,17,7,17,8,0,0,-17,-9,-18,-10,-18,-9,-19,-11,-18,-10,-18,-10,-18,-11,-17,-11,-18,-11,-17,-11,-18,-11,-18,-11,-17,-10,-16,-10,-15,-10,-17,-9,-15,-8,-15,-8,-16,-7,-16,-8,-16,-8,-16,-7,-16,-7,-17,-4,-18,-6,-18,-5,0,0,-18,-5,-19,-6,-19,-5,-19,-5,-19,-6,-19,-7,-19,-7,-18,-7,-18,-7,-18,-7,-19,-6,-17,-7,-17,-7,-17,-7,-17,-7,-17,-7,-16,-7,-16,-7,-15,-8,-14,-8,-14,-8,-13,-8,-14,-7,-13,-7,-13,-7,-12,-7,0,0]"
CSI_DATA: 721,3,147,147,169,146,173,0,-21,-21,67315.711,67317.264,11.692,67487.102,98.970,13.102,"[1,6,1,6,2,6,2,7,1,7,1,6,1,6,1,6,1,6,2,6,2,6,2,6,2,6,2,6,2,6,2,6,2,6,2,6,3,6,2,6,2,6,3,6,2,6,3,6,3,6,3,6,0,0,3,6,4,6,3,6,4,6,4,6,4,6,4,6,4,6,4,6,4,6,4,6,4,6,4,6,4,6,4,7,4,7,5,7,4,7,4,7,4,7,4,8,4,7,4,8,4,8,3,8,3,8,0,0,2,13,2,13,3,13,3,15,3,14,3,14,3,14,3,14,3,14,3,14,4,15,5,15,5,15,4,14,4,15,6,15,6,14,5,14,6,14,6,15,5,15,6,15,6,14,8,14,7,15,9,15,0,0,9,14,9,15,9,15,9,15,9,15,9,16,9,16,9,16,10,16,10,16,11,16,9,16,9,16,9,16,10,16,10,17,10,17,10,17,9,17,8,17,8,18,7,17,7,18,8,18,6,19,6,18,0,0]"
CSI_DATA: 722,4,152,152,168,151,173,0,-24,-32,67312.700,67314.253,57.526,67532.897,144.765,58.897,"[-11,-7,-11,-6,-11,-5,-12,-6,-11,-6,-12,-6,-12,-5,-12,-5,-12,-5,-12,-5,-13,-5,-13,-4,-13,-4,-13,-4,-13,-5,-13,-3,-13,-3,-12,-3,-14,-3,-14,-3,-14,-3,-14,-2,-13,-3,-14,-2,-15,-2,-15,-1,0,0,-15,-1,-15,-1,-16,-1,-15,-1,-16,-2,-16,-2,-16,-2,-16,-1,-16,-1,-16,-1,-17,-1,-16,-2,-16,-2,-17,-2,-16,-2,-17,-2,-17,-2,-17,-3,-17,-4,-16,-4,-16,-5,-16,-5,-16,-5,-16,-5,-15,-7,-15,-7,0,0,13,8,13,9,13,8,14,9,13,8,12,9,12,9,11,9,11,9,10,8,12,8,11,8,11,8,10,8,9,8,11,8,10,7,9,7,9,7,8,7,8,7,8,6,7,6,8,5,7,5,8,5,0,0,7,4,7,3,7,3,7,2,7,1,7,2,7,1,7,1,8,0,7,0,9,-1,8,-1,8,-1,9,-2,10,-2,10,-2,11,-3,11,-2,11,-2,11,-1,13,-1,13,-1,13,-1,14,-1,14,1,14,1,0,0]"
CSI_DATA: 723,5,161,161,164,160,173,0,-28,-31,67315.743,67317.296,102.96,67591.679,203.547,117.679,"[-18,13,-18,14,-16,14,-19,14,-18,14,-18,13,-17,13,-17,12,-17,13,-16,13,-17,14,-16,14,-16,14,-16,14,-16,13,-15,15,-15,14,-15,13,-15,15,-16,14,-16,14,-15,14,-15,13,-14,15,-16,15,-15,15,0,0,-15,14,-15,14,-15,15,-14,14,-15,14,-15,14,-15,14,-15,13,-14,13,-14,13,-14,14,-14,12,-14,12,-14,12,-13,11,-14,12,-14,12,-14,12,-13,10,-13,10,-13,10,-13,9,-13,9,-13,9,-13,8,-13,8,0,0,-5,15,-5,15,-3,14,-5,15,-4,15,-4,15,-4,15,-4,15,-4,15,-4,14,-4,16,-3,16,-4,15,-4,15,-5,14,-3,16,-3,14,-4,13,-3,14,-4,13,-4,14,-3,13,-4,13,-2,13,-3,14,-2,14,0,0,-2,14,-2,14,-2,14,-1,14,-2,13,-2,14,-2,13,-2,13,-2,14,-2,14,-1,14,-2,13,-2,13,-2,13,-2,13,-2,14,-2,13,-2,14,-3,13,-3,13,-3,13,-3,12,-4,13,-3,13,-4,13,-5,13,0,0]"
CSI_DATA: 724,6,149,149,154,148,173,0,-39,-18,67318.890,67320.443,157.574,67660.469,272.337,186.469,"[6,5,6,5,5,5,5,6,4,7,4,6,3,7,3,6,2,7,2,7,2,7,2,7,2,9,2,8,1,8,2,10,1,8,2,9,2,10,1,12,0,12,1,12,1,13,3,14,2,16,2,16,0,0,2,17,3,20,3,19,4,20,4,21,4,24,3,23,4,24,4,25,4,25,6,28,4,27,4,28,5,29,5,29,5,30,5,32,5,31,4,32,4,30,3,31,4,30,4,31,6,30,4,30,5,28,0,0,13,1,13,1,13,0,14,1,14,1,14,0,14,0,14,0,14,0,14,-1,15,-1,15,-1,15,-1,15,-2,15,-1,15,-3,14,-3,14,-3,14,-4,15,-4,15,-4,15,-5,15,-5,15,-7,16,-6,16,-8,0,0,16,-8,17,-8,17,-9,17,-10,17,-9,18,-9,18,-10,18,-10,19,-10,19,-11,19,-12,19,-11,19,-11,20,-11,20,-11,21,-11,21,-11,22,-11,22,-10,22,-9,23,-8,22,-8,23,-7,23,-9,23,-7,23,-6,0,0]"
CSI_DATA: 725,7,144,144,147,144,173,0,-23,-18,67233.886,67235.439,201.749,67719.617,331.485,245.617,"[-3,-7,-3,-7,-3,-7,-3,-8,-3,-7,-3,-7,-3,-7,-3,-7,-3,-7,-3,-7,-3,-7,-3,-7,-3,-7,-3,-6,-2,-6,-3,-6,-3,-6,-3,-6,-3,-6,-3,-6,-3,-6,-3,-6,-3,-6,-4,-5,-3,-6,-4,-5,0,0,-4,-5,-4,-6,-4,-5,-4,-5,-4,-5,-4,-6,-4,-5,-4,-5,-5,-5,-5,-5,-5,-5,-5,-6,-5,-6,-5,-6,-5,-6,-5,-6,-5,-6,-5,-6,-5,-6,-5,-6,-5,-7,-5,-7,-5,-7,-5,-7,-4,-8,-4,-8,0,0,-8,-17,-9,-17,-10,-16,-9,-18,-9,-17,-9,-18,-9,-18,-8,-18,-8,-18,-8,-17,-8,-18,-9,-17,-9,-17,-8,-16,-7,-16,-9,-16,-9,-14,-9,-14,-10,-13,-10,-14,-9,-14,-11,-14,-10,-14,-12,-13,-12,-14,-13,-14,0,0,-13,-14,-13,-14,-14,-14,-14,-14,-13,-14,-13,-15,-13,-15,-12,-15,-13,-15,-12,-15,-13,-15,-12,-15,-12,-15,-11,-15,-12,-15,-12,-15,-11,-15,-11,-15,-10,-15,-9,-15,-9,-15,-8,-14,-8,-14,-8,-13,-7,-14,-6,-14,0,0]"
CSI_DATA: 726,3,148,148,170,147,174,0,-21,-21,67705.707,67707.603,12.62,67877.355,157.738,13.355,"[6,13,6,13,7,12,7,13,7,13,6,13,7,12,6,12,7,12,7,11,7,12,8,12,8,12,8,11,7,12,9,11,8,10,8,10,9,10,9,11,9,11,10,10,9,10,11,9,11,11,12,10,0,0,12,10,12,9,13,9,13,9,13,9,13,10,14,10,13,10,14,10,14,9,15,10,14,10,14,10,15,11,15,10,16,11,16,11,16,12,16,12,15,12,15,13,16,13,15,14,15,14,14,16,14,16,0,0,-7,10,-7,11,-6,11,-7,12,-6,11,-6,12,-6,12,-5,11,-6,12,-5,12,-5,13,-5,13,-4,13,-4,13,-4,13,-3,14,-2,13,-2,13,-2,14,-2,14,-2,14,-1,15,-2,15,0,15,-1,16,0,17,0,0,1,17,1,18,1,18,1,17,1,19,1,19,1,19,1,19,1,19,1,19,2,21,0,20,0,21,0,21,0,21,0,22,0,22,0,22,-1,22,-2,22,-3,22,-4,21,-4,22,-4,23,-5,22,-6,22,0,0]"
CSI_DATA: 727,4,153,153,169,152,174,0,-24,-32,67702.697,67704.593,57.539,67926.963,207.346,62.963,"[-11,-4,-11,-4,-11,-3,-12,-3,-11,-3,-11,-3,-11,-3,-11,-3,-11,-3,-11,-2,-12,-2,-11,-1,-12,-1,-12,-1,-12,-2,-12,0,-11,0,-11,0,-12,0,-12,0,-12,0,-12,1,-12,0,-12,1,-13,1,-13,2,0,0,-13,2,-13,2,-14,2,-13,3,-14,2,-14,2,-14,2,-14,2,-14,2,-14,2,-15,3,-15,1,-15,2,-15,2,-15,2,-15,2,-16,1,-16,1,-15,0,-15,0,-16,-1,-15,-1,-16,-2,-16,-2,-15,-3,-15,-3,0,0,20,9,20,9,19,8,21,10,19,9,20,10,18,10,18,10,17,10,17,9,18,11,18,10,17,10,17,10,16,12,17,10,16,10,14,10,15,10,13,10,13,11,12,10,11,10,12,8,12,9,12,9,0,0,10,8,9,7,10,7,9,6,9,6,8,5,8,5,8,4,8,4,7,3,7,2,7,2,7,1,7,1,7,0,8,-1,8,-1,8,-1,8,-2,9,-2,9,-2,9,-2,9,-3,10,-3,11,-3,11,-3,0,0]"
CSI_DATA: 728,5,162,162,165,161,174,0,-28,-31,67705.740,67707.636,102.129,67989.753,270.136,125.753,"[-15,17,-15,18,-14,19,-16,19,-15,18,-15,18,-14,17,-14,17,-15,17,-13,17,-14,19,-13,19,-14,19,-13,19,-14,18,-13,20,-12,18,-12,18,-12,19,-13,18,-13,18,-13,19,-13,17,-11,19,-13,20,-12,20,0,0,-12,19,-12,19,-12,19,-11,18,-13,19,-13,18,-13,18,-12,17,-13,17,-12,16,-12,17,-13,16,-12,15,-13,16,-12,15,-12,15,-13,14,-12,14,-12,12,-12,11,-12,11,-12,10,-12,9,-11,10,-11,9,-11,8,0,0,14,-6,15,-6,14,-6,16,-6,15,-6,15,-6,15,-6,14,-6,15,-6,14,-6,15,-7,15,-8,15,-8,15,-7,16,-6,16,-9,15,-9,15,-7,16,-8,16,-7,17,-7,16,-7,16,-6,15,-9,17,-8,17,-9,0,0,16,-9,16,-8,17,-9,16,-9,17,-8,17,-8,16,-8,16,-8,17,-8,16,-8,17,-10,16,-8,15,-8,16,-8,16,-8,16,-9,15,-9,16,-9,16,-8,16,-7,16,-7,16,-7,16,-7,16,-8,17,-7,17,-6,0,0]"
CSI_DATA: 729,6,150,150,155,149,174,0,-38,-18,67708.887,67710.783,157.587,68058.543,338.926,194.543,"[-1,3,0,3,1,3,1,3,1,2,2,2,2,1,1,1,3,1,3,-1,4,0,3,-2,4,-3,5,-4,6,-5,6,-6,6,-6,7,-6,7,-7,8,-8,9,-9,8,-10,10,-10,9,-12,11,-14,10,-14,0,0,11,-16,12,-17,12,-18,12,-18,12,-19,14,-21,14,-20,14,-20,14,-21,14,-21,15,-23,16,-22,16,-22,16,-24,15,-24,16,-24,16,-24,16,-24,17,-23,17,-22,17,-22,17,-23,17,-22,16,-23,18,-21,18,-20,0,0,2,-14,2,-15,0,-15,1,-17,1,-16,1,-17,1,-17,1,-16,1,-17,0,-17,1,-18,0,-18,0,-18,-1,-17,0,-18,-2,-18,-2,-17,-2,-16,-3,-17,-3,-18,-3,-18,-3,-18,-3,-18,-6,-18,-5,-19,-7,-20,0,0,-7,-19,-7,-20,-8,-21,-8,-20,-8,-22,-8,-22,-8,-22,-8,-21,-8,-22,-9,-22,-10,-24,-9,-23,-9,-23,-9,-25,-8,-24,-9,-26,-9,-24,-8,-26,-7,-26,-6,-26,-6,-27,-5,-26,-5,-26,-5,-26,-4,-27,-3,-27,0,0]"
CSI_DATA: 730,7,145,145,148,145,174,0,-24,-17,67623.884,67625.780,211.777,68126.678,407.61,262.678,"[6,-14,6,-14,5,-14,7,-15,6,-14,6,-13,6,-13,6,-13,6,-13,5,-13,5,-13,5,-13,5,-13,4,-13,5,-13,4,-14,3,-13,4,-13,3,-14,3,-13,4,-14,3,-14,3,-13,2,-14,3,-15,2,-15,0,0,2,-15,1,-15,1,-15,1,-15,2,-15,2,-16,2,-16,1,-15,1,-16,1,-15,1,-16,1,-16,1,-16,1,-17,1,-16,1,-17,1,-17,2,-18,2,-18,3,-17,3,-18,4,-18,4,-18,4,-19,5,-18,6,-19,0,0,12,15,12,16,13,14,13,17,12,16,13,17,12,16,12,16,11,16,11,15,11,17,11,16,11,15,10,14,10,14,11,13,11,12,11,12,12,11,12,11,12,11,13,10,12,11,14,9,14,11,15,11,0,0,15,10,15,10,16,10,15,10,16,11,16,11,16,10,15,10,15,11,15,11,16,11,15,11,14,11,15,11,14,11,15,12,14,11,14,12,13,11,13,11,12,12,12,11,11,11,11,11,10,12,10,12,0,0]"
CSI_DATA: 731,3,149,149,171,148,175,0,-22,-23,68095.681,68097.848,12.276,68267.630,140.952,13.631,"[0,-14,-1,-15,-1,-14,0,-16,-1,-14,-1,-15,-1,-14,-1,-14,-1,-14,-2,-13,-2,-15,-3,-14,-3,-14,-3,-14,-3,-14,-3,-14,-4,-14,-4,-13,-5,-14,-4,-14,-4,-14,-5,-14,-4,-13,-6,-13,-6,-15,-7,-14,0,0,-7,-14,-7,-15,-8,-15,-8,-14,-8,-15,-8,-15,-8,-16,-8,-15,-9,-16,-9,-15,-10,-16,-9,-16,-10,-16,-10,-17,-9,-17,-10,-18,-10,-18,-10,-18,-9,-19,-8,-19,-8,-20,-7,-20,-8,-20,-8,-20,-6,-21,-6,-22,0,0,14,-8,14,-8,14,-9,15,-9,14,-9,15,-9,15,-9,15,-9,15,-8,14,-9,15,-10,14,-10,14,-10,14,-10,15,-9,15,-11,14,-11,14,-10,13,-11,14,-11,15,-11,14,-11,14,-11,13,-14,15,-13,15,-14,0,0,14,-13,15,-14,15,-15,14,-14,15,-14,15,-14,16,-14,15,-14,16,-14,15,-14,15,-16,15,-14,15,-14,16,-15,16,-14,17,-15,16,-15,16,-14,17,-14,17,-13,18,-13,17,-12,18,-13,17,-13,18,-11,18,-11,0,0]"
CSI_DATA: 732,4,154,154,170,153,175,0,-25,-38,68092.672,68094.839,57.536,68329.628,202.950,75.629,"[9,8,10,8,10,7,11,8,10,7,11,8,10,7,10,7,10,7,10,6,11,7,11,6,12,6,11,6,12,7,12,6,12,5,11,5,12,5,12,5,12,6,12,5,11,5,13,4,13,4,14,4,0,0,14,4,14,4,15,4,13,4,15,4,15,4,15,5,15,5,15,5,14,4,16,4,15,4,15,4,16,5,15,5,16,5,15,5,16,6,15,6,14,7,15,8,14,8,14,8,15,8,13,9,13,9,0,0,-6,14,-5,14,-4,14,-5,14,-5,14,-5,14,-5,14,-5,14,-4,14,-4,14,-4,15,-3,15,-3,15,-3,15,-4,15,-2,16,-2,15,-3,15,-2,15,-3,15,-3,16,-3,16,-3,15,-1,15,-2,16,-2,16,0,0,-1,16,-2,16,-2,16,-2,15,-2,15,-3,15,-3,14,-2,14,-2,13,-2,13,-2,14,-3,12,-3,12,-3,12,-3,12,-3,12,-3,12,-3,11,-4,11,-4,10,-5,10,-5,9,-5,9,-5,9,-6,8,-6,8,0,0]"
CSI_DATA: 733,5,163,163,166,162,175,0,-31,-29,68095.715,68097.881,112.386,68389.325,262.647,135.326,"[17,8,18,8,17,7,18,9,17,8,17,8,17,8,16,7,16,8,16,6,18,7,17,6,17,6,17,6,17,7,18,5,17,5,17,5,18,5,17,6,17,7,18,6,17,6,18,4,19,6,19,5,0,0,19,5,19,6,19,6,18,5,18,6,19,7,18,7,18,7,18,7,17,6,18,7,17,7,16,7,17,7,15,7,16,7,15,7,15,7,14,7,13,7,13,7,13,7,13,7,13,6,12,7,12,7,0,0,17,-7,18,-8,17,-8,19,-8,18,-7,18,-7,18,-8,18,-7,18,-7,17,-7,19,-8,18,-8,18,-8,18,-8,19,-6,19,-9,18,-8,18,-7,18,-8,18,-7,19,-7,18,-7,18,-6,17,-8,19,-7,19,-9,0,0,17,-8,18,-8,18,-8,17,-8,17,-8,17,-8,17,-8,16,-8,17,-8,16,-8,17,-10,16,-8,16,-8,16,-9,16,-9,17,-10,16,-10,17,-10,17,-10,18,-10,18,-10,18,-9,19,-9,19,-10,20,-9,21,-8,0,0]"
CSI_DATA: 734,6,151,151,156,150,175,0,-40,-16,68098.862,68101.29,157.745,68450.347,323.669,196.348,"[8,-11,8,-11,8,-11,10,-11,9,-10,9,-10,9,-9,8,-9,9,-8,8,-8,9,-9,8,-8,8,-8,7,-8,9,-7,8,-8,8,-7,7,-6,8,-7,8,-6,9,-6,8,-6,8,-6,8,-7,9,-6,8,-6,0,0,9,-6,9,-6,10,-6,9,-6,10,-6,10,-6,10,-5,10,-5,10,-5,9,-6,10,-6,10,-5,10,-6,10,-6,9,-5,10,-6,9,-6,9,-6,8,-6,8,-6,8,-6,8,-6,7,-7,7,-8,7,-8,6,-9,0,0,12,8,12,8,13,7,14,9,13,8,14,8,13,9,13,8,14,9,14,8,15,9,15,8,15,8,14,8,15,9,16,7,15,6,15,7,16,6,16,6,16,7,17,6,17,6,18,4,19,6,20,4,0,0,20,4,20,5,21,4,21,4,21,5,22,5,22,5,22,5,22,5,23,4,24,4,23,5,22,5,23,5,24,6,25,6,24,6,24,7,24,8,23,8,24,9,23,9,24,10,24,9,23,11,23,12,0,0]"
CSI_DATA: 735,7,146,146,149,146,175,0,-27,-18,68013.860,68016.26,211.758,68507.838,381.160,253.839,"[1,-16,1,-16,0,-15,1,-17,1,-15,1,-15,1,-14,1,-14,1,-14,1,-13,1,-14,0,-14,1,-14,1,-13,1,-13,1,-13,1,-12,1,-11,0,-12,0,-11,0,-11,0,-11,0,-10,-2,-10,-2,-10,-2,-10,0,0,-3,-10,-3,-10,-4,-10,-4,-9,-4,-10,-5,-10,-5,-9,-5,-9,-6,-9,-6,-9,-8,-10,-7,-10,-8,-10,-8,-11,-8,-10,-9,-12,-9,-12,-10,-12,-9,-13,-9,-13,-9,-15,-8,-16,-8,-16,-9,-16,-7,-17,-8,-18,0,0,5,-16,5,-16,4,-16,5,-17,5,-16,5,-16,6,-16,6,-16,6,-16,5,-15,6,-16,5,-16,5,-15,5,-14,5,-14,3,-15,3,-14,3,-14,2,-14,3,-14,3,-14,2,-15,2,-14,0,-15,1,-16,0,-16,0,0,0,-16,0,-16,0,-17,0,-17,1,-17,1,-17,1,-17,1,-17,1,-17,1,-17,0,-18,1,-17,1,-17,1,-17,2,-17,2,-18,1,-17,2,-17,3,-17,3,-16,4,-17,4,-16,3,-16,3,-16,4,-15,4,-16,0,0]"
CSI_DATA: 736,3,150,150,172,149,176,0,-21,-24,68485.696,68487.249,11.708,68657.92,149.254,13.93,"[11,-8,11,-8,10,-9,12,-9,11,-9,11,-9,11,-9,10,-9,10,-9,10,-9,11,-10,10,-10,10,-10,10,-10,10,-10,10,-12,9,-11,9,-11,9,-12,10,-11,10,-11,10,-12,10,-11,9,-13,10,-13,9,-13,0,0,9,-14,10,-13,10,-14,9,-14,10,-14,10,-14,10,-14,10,-14,10,-14,9,-14,10,-15,10,-14,10,-14,11,-15,10,-15,11,-15,11,-15,11,-15,12,-15,12,-14,13,-14,13,-13,13,-13,13,-13,14,-12,14,-12,0,0,8,13,9,13,9,12,10,14,9,13,9,14,9,13,9,13,8,14,9,12,10,14,10,13,10,13,10,13,9,13,11,13,10,12,10,12,11,12,10,13,11,13,11,12,10,12,12,11,12,13,13,13,0,0,14,12,13,13,14,13,13,12,13,13,13,14,13,14,13,13,14,13,13,13,15,13,13,13,14,13,14,14,14,13,15,14,14,14,15,14,14,15,14,14,14,15,13,15,13,15,14,15,13,17,13,17,0,0]"
CSI_DATA: 737,5,164,164,167,163,176,0,-28,-30,68485.731,68487.284,102.123,68747.450,239.612,103.451,"[6,-16,5,-16,4,-16,6,-17,6,-16,6,-16,5,-15,5,-15,5,-15,4,-15,5,-15,4,-15,5,-15,4,-15,5,-14,3,-16,3,-15,3,-14,3,-15,3,-15,4,-15,3,-15,4,-14,2,-15,3,-16,2,-16,0,0,2,-15,2,-16,2,-16,2,-15,2,-16,2,-16,2,-16,2,-15,2,-16,2,-15,2,-16,3,-15,3,-16,2,-16,2,-15,2,-16,3,-16,3,-15,4,-15,4,-14,4,-14,4,-14,5,-14,4,-14,5,-14,5,-13,0,0,16,8,17,8,17,7,18,9,17,9,17,9,17,9,16,8,16,9,16,8,18,9,17,8,17,8,17,8,16,9,18,8,17,7,16,8,17,8,17,8,17,9,17,8,16,8,17,6,18,8,18,7,0,0,17,7,18,7,18,7,17,6,18,7,18,7,18,7,17,6,18,6,17,6,19,6,17,6,18,6,18,6,18,5,19,6,18,5,19,6,19,6,18,6,19,7,18,7,18,7,19,7,19,9,19,9,0,0]"
CSI_DATA: 738,6,152,152,157,151,176,0,-34,-17,68488.879,68490.431,157.505,68802.870,295.32,158.871,"[-3,-1,-4,-1,-4,0,-5,-1,-5,0,-5,0,-6,0,-6,0,-7,0,-7,0,-8,0,-8,0,-9,0,-9,-1,-9,-1,-9,0,-9,0,-9,1,-9,1,-10,1,-10,0,-10,1,-10,1,-10,2,-12,2,-11,3,0,0,-12,3,-12,3,-13,3,-12,4,-13,4,-14,4,-14,4,-14,4,-14,5,-14,5,-15,5,-15,4,-16,4,-16,5,-16,5,-16,6,-16,6,-17,5,-17,5,-17,5,-17,5,-17,4,-17,4,-18,5,-18,4,-18,3,0,0,-12,-9,-12,-9,-13,-8,-14,-10,-13,-9,-14,-9,-14,-9,-14,-9,-14,-9,-14,-9,-15,-10,-15,-9,-15,-9,-15,-9,-15,-9,-16,-8,-16,-8,-15,-7,-16,-7,-16,-8,-17,-8,-17,-7,-16,-7,-18,-5,-18,-7,-20,-6,0,0,-19,-5,-19,-6,-20,-6,-20,-5,-21,-6,-21,-6,-21,-6,-21,-6,-22,-6,-22,-5,-23,-5,-22,-6,-22,-6,-23,-7,-23,-7,-24,-7,-24,-7,-24,-7,-23,-8,-23,-9,-23,-10,-22,-10,-22,-10,-23,-10,-22,-12,-22,-13,0,0]"
CSI_DATA: 739,7,147,147,150,147,176,0,-27,-20,68403.876,68405.429,201.786,68865.554,357.716,221.555,"[10,-8,10,-8,9,-9,10,-9,9,-9,9,-8,9,-9,8,-9,9,-9,8,-9,9,-10,9,-10,9,-10,8,-10,9,-9,8,-10,8,-9,7,-8,7,-9,7,-8,7,-9,6,-9,7,-8,5,-9,5,-10,5,-10,0,0,4,-10,4,-11,3,-11,3,-11,3,-11,3,-12,2,-12,2,-12,2,-13,2,-13,1,-14,2,-14,2,-15,2,-15,2,-15,2,-16,2,-17,2,-17,3,-18,3,-17,4,-18,5,-19,5,-19,5,-19,7,-19,8,-19,0,0,7,16,7,16,8,15,8,17,7,16,7,17,7,16,7,16,6,16,6,15,6,17,7,16,7,15,6,14,6,15,8,14,8,13,7,13,9,12,9,13,9,13,10,13,8,13,10,12,10,14,12,14,0,0,11,13,11,13,12,14,12,13,11,14,12,15,11,15,11,14,11,14,10,14,11,15,10,14,10,14,10,14,10,14,10,15,9,14,9,15,9,14,8,14,7,14,7,13,6,14,6,13,5,14,5,14,0,0]"
CSI_DATA: 740,3,151,151,173,150,177,0,-22,-21,68875.894,68877.286,11.751,69047.44,181.490,13.46,"[13,-2,13,-3,13,-4,14,-4,13,-4,13,-4,13,-4,12,-4,12,-4,13,-5,13,-5,13,-6,13,-6,13,-6,13,-6,13,-8,12,-8,12,-8,13,-9,12,-9,13,-9,13,-9,13,-9,12,-10,13,-11,13,-11,0,0,12,-12,13,-13,14,-13,13,-13,14,-13,14,-14,14,-14,14,-14,14,-14,14,-14,15,-15,15,-14,16,-14,16,-15,16,-15,17,-15,17,-15,18,-15,17,-14,17,-14,19,-13,19,-13,20,-12,20,-13,20,-11,20,-11,0,0,13,-11,13,-11,12,-12,13,-13,12,-12,13,-12,12,-12,12,-12,12,-12,12,-12,12,-13,12,-13,11,-13,11,-13,11,-13,11,-15,10,-14,10,-14,10,-15,10,-15,11,-15,10,-15,10,-14,8,-16,9,-17,9,-18,0,0,9,-17,9,-18,9,-19,8,-18,9,-19,9,-19,9,-19,9,-18,9,-19,9,-19,9,-21,10,-19,9,-20,10,-20,10,-20,10,-21,10,-20,11,-21,11,-20,12,-19,13,-19,13,-19,13,-19,13,-20,15,-18,15,-18,0,0]"
CSI_DATA: 741,4,155,155,172,154,177,0,-22,-38,68872.887,68874.278,57.449,69106.178,240.624,72.180,"[-12,-8,-12,-7,-13,-7,-13,-8,-13,-7,-13,-7,-13,-7,-13,-7,-13,-7,-13,-6,-14,-7,-13,-6,-14,-7,-13,-6,-13,-6,-14,-6,-13,-5,-13,-5,-14,-5,-14,-5,-14,-5,-14,-5,-13,-5,-14,-4,-15,-5,-15,-4,0,0,-14,-3,-15,-4,-15,-3,-15,-3,-15,-3,-16,-3,-15,-3,-15,-3,-15,-3,-15,-3,-16,-3,-15,-4,-15,-4,-16,-4,-16,-4,-16,-4,-17,-4,-16,-5,-16,-5,-16,-5,-16,-6,-15,-6,-16,-7,-16,-7,-14,-8,-14,-9,0,0,10,16,10,17,10,15,10,17,8,16,8,16,8,15,7,15,7,15,7,13,7,15,7,14,7,14,6,13,5,14,7,14,6,12,5,12,6,12,4,12,4,12,4,11,4,11,4,10,4,10,5,10,0,0,4,9,4,8,4,8,4,7,3,7,3,6,3,5,3,5,4,4,4,4,4,4,4,3,4,2,5,2,5,2,6,2,6,1,6,1,7,1,6,1,6,1,7,1,7,1,8,0,8,1,8,1,0,0]"
CSI_DATA: 742,5,165,165,168,164,177,0,-25,-29,68875.930,68877.321,102.130,69168.938,303.384,134.940,"[10,-15,10,-16,8,-16,10,-17,10,-16,10,-16,9,-15,9,-15,9,-15,9,-15,9,-16,9,-16,9,-16,8,-16,9,-16,8,-16,8,-15,7,-15,7,-16,7,-15,8,-15,7,-15,7,-15,6,-16,7,-16,6,-17,0,0,6,-16,6,-16,6,-17,6,-16,6,-16,6,-17,6,-17,7,-16,7,-16,6,-16,7,-18,7,-16,7,-16,7,-16,7,-15,7,-16,7,-16,7,-15,7,-15,8,-14,8,-14,8,-13,9,-14,8,-14,9,-13,9,-13,0,0,14,11,15,11,16,10,16,12,15,12,15,12,15,12,14,12,15,12,14,11,16,12,16,11,16,11,16,11,15,12,17,12,17,11,15,12,17,12,16,13,16,13,16,13,15,13,17,12,17,13,17,13,0,0,16,12,16,13,16,13,16,12,16,13,15,13,14,13,14,12,14,12,14,12,15,12,13,12,13,11,13,11,13,11,13,11,13,10,13,10,12,10,12,10,12,10,12,10,12,9,13,9,12,10,12,10,0,0]"
CSI_DATA: 743,6,153,153,158,152,177,0,-28,-19,68879.78,68880.469,157.603,69234.49,368.495,200.51,"[-5,-6,-6,-6,-6,-6,-7,-7,-7,-7,-8,-6,-9,-6,-9,-6,-10,-7,-10,-7,-11,-8,-11,-7,-12,-8,-12,-8,-11,-8,-13,-8,-12,-7,-13,-7,-13,-7,-14,-8,-14,-8,-14,-7,-14,-8,-15,-6,-16,-8,-17,-7,0,0,-17,-7,-18,-7,-18,-7,-18,-6,-18,-6,-19,-7,-19,-7,-19,-7,-20,-7,-20,-7,-20,-7,-20,-8,-20,-8,-20,-8,-21,-7,-21,-7,-21,-8,-21,-8,-20,-8,-20,-8,-20,-9,-19,-9,-20,-10,-19,-10,-18,-11,-18,-10,0,0,13,7,13,7,13,6,14,8,14,7,14,7,14,7,14,7,14,7,14,7,16,7,15,6,15,7,15,6,14,6,16,4,15,3,15,4,16,3,16,3,17,4,17,3,17,3,18,0,18,1,20,0,0,0,19,-1,20,0,21,-1,20,-2,21,-1,22,-1,22,-1,22,-1,23,-1,23,-1,25,-2,24,-1,24,-1,24,0,25,0,25,0,25,0,25,0,25,1,25,2,25,3,24,3,24,4,25,3,24,5,24,6,0,0]"
CSI_DATA: 744,7,148,148,151,148,177,0,-29,-18,68794.76,68795.467,201.792,69299.318,433.764,265.320,"[10,2,10,2,10,1,11,1,10,1,9,1,10,0,9,0,9,0,9,0,10,0,10,-1,10,0,10,0,9,0,9,-1,9,-1,8,-1,8,-1,8,-1,8,-1,7,-2,7,-2,7,-2,8,-2,7,-3,0,0,7,-4,7,-4,7,-4,7,-5,7,-5,7,-5,7,-6,7,-5,7,-6,7,-7,8,-7,8,-7,8,-7,8,-7,9,-8,9,-8,10,-8,10,-8,10,-8,11,-8,12,-8,12,-7,13,-7,14,-7,14,-6,15,-5,0,0,-17,-7,-17,-7,-17,-6,-19,-7,-18,-7,-18,-7,-18,-7,-18,-8,-19,-8,-18,-7,-19,-8,-18,-8,-18,-8,-17,-7,-16,-7,-17,-5,-16,-4,-15,-4,-16,-3,-17,-3,-17,-4,-17,-2,-16,-3,-17,0,-19,-1,-19,0,0,0,-19,1,-19,1,-20,1,-19,1,-20,1,-20,1,-20,0,-20,0,-21,1,-20,1,-21,1,-20,0,-21,0,-21,0,-21,0,-21,0,-21,0,-21,0,-20,-1,-20,-2,-20,-3,-19,-3,-19,-3,-19,-3,-18,-4,-18,-5,0,0]"
CSI_DATA: 745,3,152,152,174,151,178,0,-20,-23,69265.672,69267.556,12.12,69437.408,138.90,13.408,"[-4,14,-4,14,-2,14,-4,15,-4,14,-3,14,-3,14,-3,14,-3,14,-2,14,-3,15,-2,14,-2,15,-2,15,-2,15,0,15,0,14,0,14,0,15,0,15,0,15,1,15,0,15,2,15,1,16,2,16,0,0,3,16,3,16,3,17,4,16,3,17,3,18,3,18,3,17,4,18,4,18,5,19,3,18,4,18,4,19,4,19,4,20,3,20,3,20,3,20,2,20,1,20,1,20,0,20,1,21,-1,21,-1,20,0,0,5,15,5,15,7,14,5,16,5,15,5,15,5,15,5,14,5,15,5,14,6,15,6,15,6,14,6,14,5,14,7,14,7,13,6,13,7,13,6,14,6,14,7,14,6,13,8,13,7,14,9,14,0,0,8,13,8,13,9,14,9,13,8,14,8,14,8,14,8,14,9,14,9,14,10,14,8,14,8,14,9,14,8,14,9,14,9,14,9,14,8,15,8,15,8,15,7,15,7,15,8,15,7,16,7,16,0,0]"
CSI_DATA: 746,4,156,156,173,155,178,0,-26,-41,69262.665,69264.550,57.524,69483.569,184.251,59.569,"[9,7,9,7,10,7,10,8,9,7,10,7,10,7,9,7,10,7,10,6,10,7,10,6,10,6,10,6,10,6,11,5,10,5,10,5,10,5,10,5,10,5,10,4,10,5,10,3,11,4,11,4,0,0,11,3,11,3,12,3,12,3,12,3,12,3,12,3,12,2,12,2,12,2,13,2,13,3,13,3,13,3,13,3,14,3,14,3,13,4,13,4,13,5,13,5,13,5,13,6,13,6,12,7,12,7,0,0,-14,-4,-14,-4,-13,-3,-14,-5,-12,-4,-12,-4,-12,-5,-11,-5,-11,-5,-10,-4,-12,-4,-11,-4,-11,-5,-11,-4,-10,-5,-10,-4,-10,-4,-9,-4,-10,-4,-9,-5,-9,-5,-9,-4,-8,-4,-9,-3,-9,-4,-9,-4,0,0,-8,-4,-9,-4,-9,-3,-8,-3,-9,-4,-8,-4,-8,-4,-8,-4,-8,-4,-8,-3,-8,-3,-8,-4,-8,-4,-8,-4,-8,-3,-8,-3,-8,-3,-8,-3,-8,-3,-8,-3,-8,-4,-8,-3,-8,-3,-8,-2,-9,-3,-9,-3,0,0]"
CSI_DATA: 747,6,154,154,159,153,178,0,-30,-16,69268.856,69270.740,157.477,69582.968,283.650,158.968,"[4,-10,4,-11,3,-11,4,-13,4,-12,4,-13,4,-13,4,-13,4,-14,4,-14,4,-15,4,-16,4,-16,4,-16,5,-16,4,-16,3,-16,3,-15,3,-16,4,-16,4,-16,3,-16,3,-16,1,-17,3,-18,1,-18,0,0,1,-18,1,-18,0,-19,1,-18,1,-20,1,-19,1,-20,1,-20,1,-20,1,-20,0,-21,1,-21,1,-21,1,-22,1,-20,1,-22,2,-21,2,-21,3,-21,4,-20,4,-20,5,-20,5,-19,4,-20,5,-18,5,-18,0,0,-14,-1,-15,-1,-14,-1,-16,-1,-15,-1,-16,-1,-16,-1,-15,-1,-16,-1,-15,-1,-16,0,-16,0,-16,0,-16,1,-16,0,-16,2,-16,3,-15,2,-16,3,-17,2,-17,2,-17,3,-17,3,-17,6,-18,5,-19,6,0,0,-19,6,-19,6,-19,7,-19,7,-20,7,-20,7,-21,7,-20,7,-21,7,-21,8,-22,9,-22,8,-21,8,-23,8,-23,8,-23,8,-23,8,-24,8,-24,6,-24,6,-25,5,-24,4,-25,4,-25,6,-26,4,-26,3,0,0]"
CSI_DATA: 748,3,153,153,175,152,179,0,-19,-26,69655.675,69657.300,11.721,69827.104,244.136,13.107,"[14,0,15,0,14,-1,15,-1,14,-1,15,-1,15,-1,14,-1,14,-1,14,-2,15,-3,15,-3,15,-4,15,-4,15,-4,15,-5,14,-5,14,-5,15,-6,15,-6,16,-6,15,-7,15,-6,15,-8,16,-8,16,-9,0,0,16,-9,16,-10,17,-10,16,-10,17,-10,17,-11,18,-11,17,-11,17,-11,17,-11,18,-13,18,-11,19,-12,19,-12,19,-12,20,-13,20,-12,20,-12,21,-12,21,-10,22,-10,22,-9,22,-9,22,-9,22,-7,23,-7,0,0,15,-10,15,-10,14,-11,16,-11,15,-10,15,-10,15,-10,15,-10,15,-9,14,-10,15,-11,14,-11,14,-11,14,-12,14,-11,15,-12,13,-12,13,-11,13,-12,14,-12,14,-12,14,-12,14,-11,12,-13,14,-14,13,-14,0,0,13,-14,14,-14,14,-14,14,-15,13,-14,14,-14,14,-14,14,-14,14,-14,13,-15,13,-16,13,-14,13,-15,13,-15,14,-15,14,-16,14,-16,14,-15,15,-15,15,-14,16,-15,16,-14,16,-15,16,-15,18,-14,18,-13,0,0]"
CSI_DATA: 749,4,157,157,174,156,179,0,-24,-43,69652.670,69654.294,57.509,69886.732,303.764,72.735,"[-14,2,-14,2,-14,3,-15,3,-15,3,-15,3,-15,3,-14,3,-14,3,-14,3,-15,3,-14,4,-15,4,-14,4,-15,4,-14,5,-13,5,-13,5,-14,6,-14,5,-14,5,-13,6,-12,5,-12,7,-14,7,-13,7,0,0,-12,8,-13,8,-13,9,-12,8,-13,9,-13,9,-13,9,-13,9,-13,9,-13,9,-13,10,-13,9,-14,9,-14,9,-13,9,-14,10,-15,10,-15,10,-15,9,-15,8,-16,8,-16,7,-16,7,-16,7,-17,6,-17,5,0,0,-11,7,-10,7,-10,8,-10,7,-10,8,-10,7,-10,7,-9,7,-9,8,-9,8,-9,9,-9,9,-9,9,-9,9,-10,8,-9,10,-8,9,-8,9,-8,9,-9,9,-9,8,-8,9,-8,8,-7,9,-7,9,-7,9,0,0,-7,9,-7,9,-6,9,-6,9,-6,9,-7,9,-7,9,-7,9,-6,9,-6,9,-6,9,-6,8,-6,9,-7,8,-7,8,-7,8,-8,8,-7,7,-8,6,-8,5,-8,4,-8,3,-8,2,-7,2,-7,0,-6,0,0,0]"
CSI_DATA: 750,5,167,167,170,166,179,0,-25,-22,69655.711,69657.336,102.88,69948.19,365.51,134.22,"[-16,0,-16,1,-15,2,-17,1,-16,1,-16,1,-16,1,-15,1,-15,1,-15,1,-16,1,-15,2,-15,2,-15,2,-15,1,-15,3,-14,2,-14,2,-14,3,-14,3,-14,3,-14,3,-14,3,-14,5,-15,4,-15,5,0,0,-14,5,-14,5,-15,6,-14,6,-15,6,-15,6,-15,6,-15,6,-16,6,-15,6,-16,7,-16,6,-16,6,-17,6,-16,6,-17,7,-17,6,-17,6,-17,5,-17,5,-17,4,-17,3,-18,3,-18,4,-18,2,-18,2,0,0,-11,-13,-11,-13,-12,-12,-11,-14,-11,-13,-11,-13,-11,-13,-11,-13,-11,-13,-12,-12,-12,-13,-13,-12,-12,-12,-13,-12,-12,-13,-14,-13,-13,-12,-13,-12,-13,-11,-13,-12,-13,-13,-14,-13,-13,-13,-14,-11,-15,-13,-15,-12,0,0,-15,-12,-16,-12,-16,-12,-16,-12,-15,-12,-16,-12,-16,-13,-15,-12,-16,-12,-16,-12,-17,-12,-16,-12,-16,-13,-17,-12,-17,-13,-17,-13,-18,-13,-17,-13,-17,-14,-16,-14,-16,-16,-16,-15,-16,-16,-16,-16,-15,-17,-14,-18,0,0]"
CSI_DATA: 751,6,155,155,160,154,179,0,-29,-17,69658.860,69660.485,157.454,70021.715,438.747,207.718,"[0,5,1,5,1,6,1,7,2,7,2,7,2,7,3,8,3,8,3,8,3,9,4,9,4,9,4,10,4,10,5,9,5,9,5,10,6,10,6,10,6,11,6,11,6,11,7,11,7,12,7,12,0,0,8,12,8,12,8,13,8,12,8,13,8,13,8,13,8,13,9,13,8,13,9,13,8,13,8,13,9,14,8,13,10,14,9,14,9,14,9,14,8,14,8,14,8,14,7,14,7,15,6,15,6,15,0,0,-11,6,-11,7,-11,7,-12,7,-12,8,-12,7,-13,7,-13,7,-13,7,-12,8,-13,9,-13,9,-13,9,-12,9,-13,8,-13,10,-12,10,-12,10,-11,10,-12,11,-13,11,-13,11,-13,11,-11,13,-13,13,-12,14,0,0,-12,14,-13,15,-12,14,-12,15,-13,14,-14,15,-14,15,-13,15,-14,16,-14,17,-14,17,-14,16,-14,16,-15,16,-15,17,-15,17,-15,17,-15,17,-16,17,-17,16,-18,16,-17,15,-19,15,-18,16,-20,14,-20,14,0,0]"
CSI_DATA: 752,7,149,149,152,149,179,0,-29,-18,69573.860,69575.484,201.868,70083.859,500.891,269.862,"[6,-11,5,-11,5,-11,6,-12,5,-11,5,-11,4,-10,4,-11,4,-11,3,-11,4,-12,4,-12,4,-13,4,-12,5,-11,4,-12,4,-11,4,-10,3,-11,3,-10,3,-10,2,-10,3,-10,1,-10,1,-11,1,-10,0,0,0,-10,-1,-11,-1,-11,-1,-11,-1,-12,-2,-12,-2,-12,-2,-12,-2,-12,-3,-12,-4,-13,-4,-13,-4,-14,-5,-15,-4,-14,-5,-15,-5,-16,-5,-16,-4,-16,-4,-17,-4,-18,-3,-19,-3,-19,-3,-20,-2,-20,-1,-21,0,0,-20,-3,-19,-3,-20,-2,-20,-4,-20,-4,-19,-4,-19,-4,-19,-5,-19,-5,-18,-5,-18,-5,-17,-4,-17,-4,-16,-4,-15,-4,-16,-2,-15,-1,-15,-1,-16,0,-16,-1,-17,-1,-17,0,-16,-1,-17,1,-18,0,-18,1,0,0,-18,1,-19,1,-19,1,-19,1,-18,0,-19,0,-19,0,-18,-1,-19,0,-18,0,-19,0,-18,-1,-18,-1,-18,-1,-18,-1,-18,-1,-18,-1,-17,-1,-17,-2,-16,-2,-17,-3,-16,-3,-17,-3,-16,-3,-16,-4,-15,-4,0,0]"
CSI_DATA: 753,3,154,154,176,153,180,0,-24,-27,70045.675,70047.264,11.718,70217.60,133.201,13.60,"[-3,4,-2,4,-2,4,-2,4,-2,4,-2,4,-2,4,-2,4,-2,4,-2,4,-2,4,-2,4,-2,4,-2,4,-2,4,-1,5,-1,4,-1,4,-1,4,-1,5,-1,5,-1,5,-1,4,-1,5,-1,5,0,5,0,0,0,5,0,5,0,5,0,5,0,6,0,6,0,6,0,6,0,6,0,6,0,6,0,6,0,6,0,6,0,6,0,7,0,7,0,7,-1,7,-1,7,-1,7,-1,7,-1,7,-1,7,-2,7,-2,7,0,0,-6,-19,-6,-19,-7,-18,-6,-20,-5,-19,-5,-20,-5,-19,-4,-19,-4,-19,-4,-18,-5,-20,-5,-19,-5,-19,-5,-18,-4,-19,-6,-19,-6,-18,-5,-18,-6,-18,-5,-18,-4,-18,-5,-18,-4,-18,-7,-17,-6,-18,-7,-18,0,0,-7,-18,-6,-18,-7,-18,-7,-17,-6,-17,-6,-18,-6,-18,-6,-17,-7,-17,-7,-17,-8,-17,-7,-16,-7,-17,-8,-17,-8,-17,-9,-17,-9,-17,-9,-17,-8,-18,-8,-18,-8,-19,-7,-18,-7,-19,-8,-19,-7,-20,-6,-20,0,0]"
CSI_DATA: 754,4,158,158,175,157,180,0,-22,-38,70042.671,70044.260,57.540,70268.878,185.19,64.878,"[7,-11,7,-11,6,-12,7,-12,7,-12,6,-11,6,-12,6,-11,6,-12,6,-12,6,-12,6,-12,6,-12,5,-12,6,-12,5,-13,4,-12,4,-12,4,-12,4,-12,4,-12,3,-12,4,-12,3,-13,3,-13,2,-13,0,0,2,-13,2,-14,1,-14,1,-14,2,-14,1,-14,2,-15,1,-14,1,-15,1,-15,1,-16,2,-15,2,-15,2,-16,2,-16,1,-16,2,-17,2,-16,3,-16,3,-16,4,-16,4,-16,5,-16,5,-16,7,-15,7,-15,0,0,13,-9,13,-10,12,-10,13,-11,13,-10,13,-11,12,-11,12,-10,12,-11,11,-11,12,-12,11,-12,11,-12,11,-13,12,-12,11,-14,10,-13,10,-12,10,-13,11,-12,11,-12,10,-13,11,-12,9,-13,11,-13,10,-14,0,0,9,-13,9,-13,9,-13,9,-12,9,-12,9,-12,10,-11,10,-11,9,-11,9,-10,9,-10,9,-9,9,-9,9,-9,9,-8,8,-8,8,-7,8,-6,8,-5,8,-4,8,-4,8,-3,8,-3,8,-2,8,-1,7,0,0,0]"
CSI_DATA: 755,5,168,168,171,167,180,0,-30,-23,70045.712,70047.301,102.116,70334.347,250.488,130.347,"[-10,-17,-11,-16,-11,-16,-10,-17,-10,-16,-9,-16,-9,-15,-9,-15,-9,-15,-8,-15,-9,-16,-9,-15,-8,-15,-8,-15,-7,-15,-8,-15,-8,-14,-7,-13,-8,-13,-7,-14,-7,-14,-7,-13,-6,-13,-7,-12,-7,-14,-8,-12,0,0,-7,-12,-7,-13,-8,-12,-7,-12,-7,-12,-8,-12,-7,-12,-7,-11,-7,-11,-7,-11,-8,-11,-7,-11,-7,-11,-7,-11,-7,-11,-8,-11,-8,-11,-7,-11,-8,-11,-7,-10,-7,-11,-7,-11,-7,-12,-7,-12,-7,-12,-7,-12,0,0,16,-2,16,-2,15,-3,17,-3,15,-2,16,-3,15,-3,15,-3,15,-3,15,-3,16,-4,15,-5,15,-5,15,-5,16,-4,16,-6,15,-6,15,-6,15,-6,15,-6,16,-6,15,-6,15,-5,15,-8,16,-7,16,-8,0,0,16,-8,16,-8,16,-9,16,-9,16,-9,16,-9,16,-9,16,-9,16,-10,16,-10,17,-11,16,-9,17,-10,17,-10,17,-11,18,-11,18,-11,18,-11,19,-10,19,-10,20,-9,20,-8,21,-8,21,-8,22,-7,22,-6,0,0]"
CSI_DATA: 756,6,156,156,161,155,180,0,-30,-19,70048.861,70050.450,157.496,70405.37,321.178,201.37,"[-7,-1,-7,0,-7,0,-9,0,-9,1,-9,1,-10,1,-10,2,-11,2,-11,2,-12,2,-12,3,-13,3,-13,3,-13,3,-13,4,-13,4,-13,4,-14,5,-14,4,-15,4,-14,5,-15,4,-15,6,-16,6,-16,7,0,0,-16,7,-16,7,-17,8,-17,8,-17,8,-18,8,-18,8,-18,8,-19,9,-18,9,-19,9,-19,9,-19,8,-19,9,-20,9,-20,9,-21,9,-21,9,-21,8,-21,7,-21,7,-21,6,-21,6,-21,7,-21,6,-21,5,0,0,1,-15,1,-15,0,-15,1,-17,1,-16,1,-16,1,-17,1,-16,1,-17,0,-16,0,-18,0,-18,0,-18,-1,-17,0,-17,-2,-18,-3,-17,-2,-17,-3,-18,-3,-18,-3,-19,-4,-19,-3,-19,-6,-19,-6,-20,-7,-21,0,0,-7,-20,-7,-21,-8,-21,-8,-21,-8,-21,-8,-22,-8,-22,-8,-22,-9,-22,-9,-23,-10,-24,-9,-23,-9,-23,-9,-24,-10,-24,-10,-25,-10,-24,-10,-25,-9,-26,-8,-26,-8,-27,-7,-26,-7,-27,-7,-27,-6,-28,-5,-28,0,0]"
CSI_DATA: 757,7,150,150,153,150,180,0,-25,-23,69963.861,69965.450,201.779,70472.981,389.122,268.981,"[7,10,8,9,9,9,9,9,8,9,8,8,8,8,9,7,9,7,10,7,10,7,10,7,11,8,11,7,10,7,11,7,10,6,10,6,10,5,10,6,11,5,11,4,10,4,11,3,12,4,12,3,0,0,12,2,13,1,13,1,13,0,14,0,14,0,15,0,15,0,16,-1,16,-1,18,-2,17,-1,18,-2,19,-2,19,-2,20,-2,21,-1,21,-1,21,-1,22,0,23,0,23,2,24,3,24,2,24,5,25,5,0,0,15,-11,15,-11,14,-12,16,-12,15,-11,16,-10,15,-10,15,-9,15,-9,14,-8,14,-9,13,-9,12,-8,11,-8,11,-8,9,-10,9,-11,8,-10,9,-11,9,-11,10,-11,9,-12,10,-12,8,-13,10,-14,10,-14,0,0,10,-14,10,-14,10,-15,10,-14,10,-14,11,-14,11,-13,11,-13,11,-13,10,-13,11,-14,11,-12,11,-12,11,-12,10,-12,10,-13,10,-12,10,-12,11,-11,10,-11,11,-10,11,-10,10,-10,10,-11,11,-9,11,-9,0,0]"
CSI_DATA: 758,3,155,155,178,154,182,0,-23,-34,70825.697,70827.286,11.462,70997.171,524.190,13.163,"[-10,8,-10,9,-9,9,-10,10,-9,9,-9,9,-9,9,-8,9,-9,9,-8,10,-8,10,-7,11,-8,11,-7,11,-8,11,-6,11,-6,11,-6,11,-6,12,-6,12,-6,12,-5,12,-5,12,-4,13,-5,14,-4,14,0,0,-3,14,-4,14,-3,15,-3,15,-4,16,-3,16,-3,16,-3,16,-3,17,-2,16,-2,18,-3,18,-3,18,-3,19,-3,18,-3,20,-4,20,-4,20,-4,20,-5,20,-5,21,-7,20,-7,21,-7,21,-9,21,-9,21,0,0,-2,-17,-2,-17,-2,-17,0,-18,0,-18,1,-18,1,-18,1,-17,2,-17,1,-17,2,-18,1,-17,2,-17,2,-17,3,-16,1,-17,1,-16,2,-16,1,-16,2,-16,2,-16,2,-16,3,-15,1,-16,1,-16,1,-16,0,0,1,-15,1,-15,1,-15,0,-15,1,-15,1,-15,0,-14,0,-14,0,-14,-1,-13,-1,-14,-1,-13,-2,-13,-3,-14,-3,-13,-4,-14,-5,-14,-5,-14,-5,-15,-5,-15,-5,-16,-5,-16,-5,-18,-7,-19,-5,-20,-5,-21,0,0]"
CSI_DATA: 759,4,159,159,177,158,182,0,-25,-42,70822.695,70824.283,57.272,71052.113,579.132,68.105,"[10,-8,10,-9,9,-10,11,-10,10,-10,10,-10,9,-10,9,-10,9,-10,9,-9,10,-10,9,-10,10,-10,9,-10,9,-10,8,-11,8,-10,8,-10,8,-11,8,-11,8,-11,7,-11,8,-10,7,-11,8,-12,7,-12,0,0,6,-12,7,-12,7,-13,6,-12,7,-12,6,-13,6,-13,6,-13,6,-13,6,-13,6,-14,7,-13,7,-13,7,-14,7,-13,7,-14,7,-14,7,-14,8,-14,8,-13,9,-13,9,-13,10,-12,10,-13,11,-12,11,-12,0,0,7,-7,7,-7,6,-7,6,-7,6,-6,5,-5,4,-5,4,-5,4,-4,3,-4,3,-4,2,-3,2,-3,1,-2,0,-2,-1,-1,-1,-1,-1,0,-2,0,-3,1,-3,1,-4,2,-4,2,-4,3,-5,3,-5,3,0,0,-6,5,-7,5,-7,6,-7,6,-8,6,-9,7,-9,7,-9,8,-9,8,-9,8,-10,10,-10,8,-11,9,-11,10,-11,10,-12,11,-12,11,-12,12,-12,12,-12,12,-13,11,-13,11,-13,11,-13,12,-14,12,-15,12,0,0]"
CSI_DATA: 760,5,169,169,173,168,182,0,-36,-22,70825.736,70827.325,101.846,71115.728,642.747,131.720,"[-6,17,-5,17,-4,17,-6,18,-6,17,-6,17,-5,16,-5,16,-5,16,-4,15,-5,17,-4,16,-4,16,-3,16,-4,16,-3,16,-2,15,-3,15,-2,16,-3,16,-3,15,-2,15,-3,14,-2,15,-3,16,-2,16,0,0,-2,15,-2,15,-2,15,-2,14,-2,14,-2,14,-2,14,-2,13,-2,13,-2,13,-2,13,-3,12,-2,12,-2,12,-3,12,-3,12,-3,11,-3,11,-3,10,-4,9,-4,9,-4,8,-5,7,-4,7,-4,6,-5,6,0,0,-15,-9,-15,-9,-15,-8,-16,-10,-15,-9,-16,-9,-16,-9,-15,-9,-15,-9,-15,-8,-17,-9,-16,-8,-16,-8,-16,-8,-16,-8,-18,-7,-17,-7,-16,-7,-17,-6,-17,-7,-17,-8,-17,-7,-16,-7,-18,-5,-19,-6,-19,-5,0,0,-19,-5,-19,-5,-20,-5,-19,-4,-20,-5,-20,-5,-20,-5,-19,-5,-19,-5,-20,-4,-21,-4,-20,-5,-20,-5,-21,-5,-21,-5,-22,-5,-22,-4,-22,-5,-22,-5,-22,-6,-22,-7,-21,-7,-22,-8,-23,-7,-22,-10,-22,-10,0,0]"
CSI_DATA: 761,6,157,157,163,156,182,0,-29,-20,70828.886,70830.475,157.314,71184.689,711.708,200.681,"[4,6,5,6,5,5,6,5,6,5,6,5,7,5,7,5,8,5,8,4,9,5,9,4,10,4,10,4,10,5,11,4,11,3,11,4,11,3,12,4,12,4,12,4,12,4,13,3,14,4,14,3,0,0,14,3,15,4,15,3,15,3,16,3,16,4,16,4,16,3,17,3,16,3,18,3,17,4,17,4,18,4,18,4,18,4,18,5,18,5,18,5,17,6,17,6,17,7,17,7,17,7,16,8,16,8,0,0,-11,10,-11,11,-10,11,-12,12,-12,11,-12,11,-12,11,-12,11,-13,11,-11,11,-13,12,-12,12,-12,12,-11,12,-12,12,-11,13,-10,13,-10,12,-9,13,-10,13,-10,14,-10,14,-10,13,-8,15,-9,16,-9,17,0,0,-9,16,-9,17,-9,18,-8,18,-9,18,-9,18,-9,18,-9,18,-9,19,-9,19,-9,21,-9,20,-10,19,-10,20,-10,20,-10,21,-10,21,-11,21,-12,21,-12,20,-13,20,-13,19,-14,19,-14,20,-16,19,-16,19,0,0]"
CSI_DATA: 762,7,151,151,155,151,182,0,-20,-19,70743.887,70745.475,201.607,71247.382,774.401,263.374,"[0,15,0,15,1,15,0,16,0,15,0,15,0,15,0,14,0,15,0,14,0,15,1,14,0,15,1,14,0,14,1,14,1,13,1,13,2,13,1,13,1,13,2,13,1,12,3,13,2,14,3,13,0,0,3,13,4,13,4,13,4,12,4,13,5,13,5,13,5,13,5,13,5,13,6,14,5,14,6,14,6,15,6,14,6,15,6,16,6,16,6,16,5,16,5,17,4,18,3,18,4,19,2,19,2,19,0,0,17,4,17,3,17,3,18,4,17,4,17,4,17,4,16,4,16,5,16,4,17,4,16,3,15,3,15,2,14,3,16,1,14,0,15,0,15,-1,16,0,16,1,16,0,16,0,17,-2,18,-1,18,-2,0,0,17,-2,18,-1,18,-2,18,-2,18,-1,18,0,18,0,18,0,18,0,18,0,19,-1,17,0,17,0,18,0,17,0,18,0,18,0,17,1,17,1,16,2,16,2,16,2,16,2,16,2,15,3,15,3,0,0]"
CSI_DATA: 763,3,156,156,179,155,183,0,-21,-35,71215.669,71217.246,11.725,71387.68,139.686,13.69,"[-13,-2,-14,-1,-13,0,-14,-1,-14,0,-14,0,-14,0,-14,0,-14,0,-14,1,-15,1,-15,2,-15,2,-15,3,-15,2,-15,3,-14,4,-14,4,-15,5,-15,5,-16,5,-16,5,-15,5,-15,6,-16,7,-16,8,0,0,-16,8,-17,8,-17,9,-16,9,-17,9,-17,10,-18,10,-17,10,-18,10,-17,10,-19,11,-19,10,-19,10,-20,11,-19,10,-21,11,-21,11,-21,10,-21,10,-21,9,-23,9,-23,8,-23,8,-23,8,-24,6,-24,6,0,0,-1,6,-1,6,-1,6,-1,7,-1,8,-2,7,-3,8,-3,8,-3,8,-2,8,-3,9,-3,9,-3,9,-3,9,-4,9,-3,10,-3,9,-3,10,-3,10,-4,11,-5,10,-4,11,-4,10,-3,11,-4,11,-3,12,0,0,-4,11,-4,12,-4,12,-3,12,-3,12,-4,12,-4,12,-4,11,-4,12,-4,12,-3,12,-3,11,-3,11,-3,11,-3,12,-3,12,-3,12,-3,12,-3,11,-3,11,-4,11,-3,11,-3,12,-2,12,-3,11,-3,11,0,0]"
CSI_DATA: 764,5,170,170,174,169,183,0,-34,-20,71215.708,71217.285,102.140,71477.540,230.158,103.541,"[10,-7,10,-7,9,-8,10,-8,10,-7,10,-8,9,-8,9,-9,9,-8,8,-9,8,-10,8,-10,8,-10,7,-11,8,-11,7,-13,7,-12,7,-12,7,-14,7,-14,7,-14,7,-15,7,-14,6,-16,7,-17,6,-17,0,0,6,-17,7,-18,6,-19,6,-18,6,-19,7,-19,6,-20,6,-20,7,-20,6,-20,6,-21,7,-21,7,-21,7,-22,8,-21,8,-22,8,-22,8,-21,8,-21,9,-20,10,-21,11,-20,10,-20,10,-21,12,-19,12,-19,0,0,-8,1,-8,2,-8,2,-8,2,-8,2,-8,2,-8,2,-8,2,-8,2,-8,2,-8,3,-8,3,-8,3,-8,3,-8,3,-8,4,-8,4,-8,4,-8,4,-8,4,-8,4,-8,4,-8,4,-8,5,-9,5,-8,5,0,0,-8,5,-9,6,-8,6,-8,6,-8,5,-9,6,-9,6,-9,6,-9,6,-9,6,-9,7,-9,6,-9,6,-9,6,-9,7,-9,7,-10,7,-10,7,-10,6,-10,6,-11,6,-11,5,-12,6,-11,6,-12,5,-12,5,0,0]"
CSI_DATA: 765,6,158,158,164,157,183,0,-27,-21,71218.858,71220.435,157.611,71533.41,285.659,159.42,"[-8,1,-8,2,-8,2,-9,2,-8,2,-8,3,-8,3,-8,4,-8,4,-8,5,-9,5,-8,6,-9,6,-9,7,-10,7,-9,7,-8,7,-9,7,-9,8,-9,8,-10,9,-9,9,-10,8,-9,9,-11,10,-10,10,0,0,-10,10,-11,10,-10,11,-10,11,-11,11,-11,11,-11,10,-11,11,-11,11,-11,10,-11,11,-12,10,-12,10,-12,11,-12,10,-12,10,-12,10,-12,10,-12,9,-12,9,-13,8,-12,8,-13,7,-13,7,-13,7,-13,6,0,0,15,-2,15,-3,15,-4,17,-3,16,-3,16,-3,17,-3,16,-3,16,-3,16,-3,17,-4,17,-4,17,-4,16,-5,16,-4,17,-6,15,-7,16,-6,16,-7,17,-7,17,-7,16,-8,17,-8,16,-10,18,-10,17,-11,0,0,17,-11,18,-12,17,-12,18,-12,18,-12,19,-12,19,-12,19,-12,19,-13,19,-14,20,-15,19,-14,19,-13,20,-13,21,-14,21,-14,21,-14,21,-14,22,-13,22,-13,23,-12,22,-11,23,-12,23,-12,24,-10,23,-10,0,0]"
CSI_DATA: 766,7,152,152,156,152,183,0,-19,-18,71133.859,71135.436,201.769,71595.212,347.830,221.213,"[-9,17,-9,17,-7,17,-10,18,-9,17,-9,16,-9,16,-8,16,-9,16,-7,15,-9,16,-8,16,-8,16,-8,16,-8,15,-7,16,-6,15,-6,14,-6,15,-6,15,-6,15,-5,16,-6,14,-4,15,-5,16,-5,16,0,0,-4,16,-4,16,-4,17,-3,16,-4,17,-3,17,-3,17,-3,17,-3,17,-2,17,-2,18,-3,18,-3,18,-2,19,-3,18,-2,19,-2,20,-3,20,-3,20,-4,20,-5,21,-5,21,-6,21,-6,22,-8,22,-8,22,0,0,-10,3,-10,3,-10,4,-11,3,-11,3,-11,3,-11,3,-10,3,-11,3,-10,3,-11,3,-10,3,-10,3,-9,3,-9,3,-9,4,-9,4,-9,4,-9,5,-9,5,-9,5,-9,5,-9,5,-9,6,-10,6,-9,7,0,0,-9,6,-10,7,-10,7,-10,7,-10,7,-10,7,-10,6,-10,6,-10,7,-10,7,-10,8,-10,6,-10,7,-10,6,-10,7,-10,7,-11,7,-11,7,-11,6,-11,6,-11,5,-11,5,-11,5,-11,6,-12,5,-11,4,0,0]"
CSI_DATA: 767,4,160,160,179,159,184,0,-25,-39,71603.429,71604.298,57.474,71823.18,227.806,59.19,"[12,-1,12,-2,12,-2,13,-2,13,-2,12,-2,12,-2,12,-2,12,-2,12,-3,12,-3,12,-4,12,-3,12,-3,13,-3,12,-4,11,-4,11,-4,11,-5,12,-4,12,-4,12,-5,11,-4,11,-6,12,-5,12,-6,0,0,12,-6,12,-6,12,-6,11,-6,12,-6,12,-7,13,-6,12,-6,12,-6,12,-6,12,-7,12,-6,13,-6,13,-6,12,-6,13,-6,13,-6,13,-5,13,-5,13,-4,13,-4,13,-3,13,-2,13,-3,13,-2,12,-2,0,0,-14,3,-14,3,-13,4,-16,3,-15,4,-16,3,-16,3,-16,3,-17,3,-16,3,-18,5,-17,4,-18,4,-17,5,-18,3,-18,5,-17,4,-17,4,-17,5,-18,3,-18,3,-18,4,-17,4,-16,6,-18,5,-17,6,0,0,-17,6,-17,6,-17,6,-16,6,-17,6,-17,6,-17,6,-16,6,-16,6,-16,6,-16,7,-15,6,-15,6,-16,6,-15,5,-16,6,-15,6,-15,5,-15,5,-14,4,-15,4,-14,3,-14,3,-14,3,-13,2,-14,1,0,0]"
CSI_DATA: 768,5,171,171,175,170,184,0,-39,-21,71606.470,71607.339,102.152,71876.810,281.598,112.811,"[7,1,6,0,7,0,8,0,7,0,7,0,7,0,7,0,7,0,7,-1,7,-1,7,-2,7,-3,7,-3,7,-3,7,-5,6,-5,7,-6,7,-7,7,-6,8,-7,8,-8,8,-7,7,-9,8,-10,8,-10,0,0,7,-10,8,-11,7,-12,7,-12,7,-12,7,-13,8,-13,8,-13,7,-13,7,-14,7,-15,7,-15,8,-15,7,-16,7,-16,8,-16,8,-17,8,-17,9,-17,10,-16,11,-16,11,-17,12,-16,12,-17,13,-15,13,-14,0,0,-11,-7,-11,-8,-12,-6,-12,-8,-12,-7,-13,-7,-12,-7,-13,-7,-13,-7,-13,-6,-14,-6,-14,-6,-15,-5,-15,-5,-15,-6,-16,-5,-16,-5,-15,-5,-17,-4,-17,-5,-17,-6,-17,-5,-17,-5,-18,-3,-19,-4,-20,-4,0,0,-19,-4,-20,-4,-21,-4,-19,-3,-20,-4,-21,-4,-20,-4,-20,-4,-21,-4,-20,-3,-22,-2,-21,-3,-21,-3,-23,-4,-22,-4,-24,-4,-23,-3,-24,-4,-24,-5,-23,-5,-24,-6,-23,-6,-24,-6,-25,-5,-24,-7,-24,-8,0,0]"
CSI_DATA: 769,6,159,159,165,158,184,0,-24,-17,71609.620,71610.490,157.516,71943.555,348.343,179.556,"[4,-10,3,-10,3,-11,4,-12,3,-12,3,-11,3,-11,2,-11,3,-11,2,-12,2,-13,2,-12,2,-13,2,-13,2,-13,1,-14,1,-13,1,-13,1,-13,1,-13,2,-14,1,-14,1,-13,0,-14,1,-15,0,-14,0,0,0,-14,0,-15,0,-15,-1,-15,1,-15,0,-16,1,-16,0,-15,0,-15,0,-15,0,-16,1,-16,1,-16,0,-16,1,-16,1,-16,1,-17,1,-16,2,-16,3,-15,3,-16,3,-16,4,-16,4,-16,4,-16,4,-15,0,0,13,-6,13,-7,12,-7,14,-8,13,-7,14,-8,14,-7,14,-8,14,-7,13,-8,14,-9,13,-9,13,-9,13,-10,14,-9,13,-11,12,-11,12,-10,12,-11,12,-11,13,-11,12,-12,12,-12,10,-14,12,-14,11,-16,0,0,12,-16,11,-16,12,-17,11,-16,12,-17,13,-17,13,-17,12,-18,13,-18,12,-19,12,-20,12,-19,13,-19,14,-20,14,-19,15,-20,14,-19,15,-20,16,-20,16,-19,17,-19,17,-18,17,-18,17,-19,18,-18,19,-18,0,0]"
CSI_DATA: 770,7,153,153,157,153,184,0,-20,-18,71524.622,71525.491,201.808,72011.776,416.564,247.777,"[17,4,17,3,16,3,18,4,16,4,16,4,16,4,15,4,15,4,15,4,16,4,15,3,15,4,15,3,15,4,15,3,14,2,14,3,14,2,14,3,14,3,14,3,14,3,14,1,15,2,15,2,0,0,15,1,15,1,15,1,14,1,15,1,15,1,15,1,14,1,15,1,14,0,16,0,15,0,15,0,16,0,15,0,16,0,16,0,16,0,16,1,17,1,17,2,17,2,17,2,18,2,18,4,18,4,0,0,-19,8,-20,8,-18,8,-21,8,-19,7,-20,7,-20,7,-19,6,-20,6,-18,6,-20,7,-18,7,-18,7,-17,7,-17,6,-16,8,-16,8,-15,7,-15,9,-16,8,-16,8,-16,9,-15,8,-14,10,-15,11,-15,12,0,0,-15,11,-15,10,-16,12,-14,11,-16,11,-16,11,-16,10,-15,10,-16,11,-15,10,-15,12,-15,10,-15,10,-16,10,-15,10,-16,10,-15,10,-15,10,-16,9,-15,8,-16,8,-15,7,-15,7,-15,8,-15,7,-15,6,0,0]"
CSI_DATA: 771,3,157,157,181,156,185,0,-23,-29,71999.791,72007.250,18.246,72177.163,165.387,23.163,"[-12,1,-12,1,-12,2,-13,2,-13,2,-13,2,-13,2,-12,2,-13,2,-13,3,-13,4,-13,4,-13,5,-13,5,-14,5,-13,6,-13,6,-13,6,-13,7,-14,6,-14,7,-14,7,-14,7,-13,8,-15,9,-14,9,0,0,-14,10,-15,10,-15,11,-14,11,-15,11,-16,12,-16,11,-16,11,-16,12,-15,12,-17,13,-16,12,-17,13,-18,13,-17,13,-18,14,-18,14,-19,13,-20,13,-19,12,-21,12,-21,11,-22,11,-22,11,-23,10,-23,9,0,0,10,-5,10,-5,10,-5,11,-5,10,-5,11,-5,11,-4,11,-4,11,-4,11,-5,12,-5,11,-6,11,-6,11,-6,12,-5,12,-7,12,-7,12,-6,12,-7,12,-6,13,-6,13,-7,13,-7,12,-8,13,-8,13,-9,0,0,13,-9,13,-9,14,-10,13,-10,14,-10,15,-10,15,-11,15,-10,15,-11,15,-11,15,-13,15,-12,16,-12,16,-12,16,-13,17,-13,17,-13,17,-13,18,-12,18,-12,19,-12,19,-11,19,-11,20,-13,20,-11,21,-11,0,0]"
CSI_DATA: 772,4,161,161,180,160,185,0,-26,-41,71996.791,72004.250,64.190,72235.493,223.717,81.493,"[-13,2,-13,2,-12,3,-14,2,-13,2,-13,2,-13,2,-13,3,-13,2,-12,3,-13,3,-12,4,-13,4,-12,4,-13,3,-12,4,-12,4,-11,4,-12,5,-12,5,-12,5,-12,5,-11,4,-11,6,-12,6,-12,6,0,0,-11,7,-12,7,-12,8,-11,7,-12,7,-12,7,-12,7,-12,8,-12,8,-12,8,-12,9,-13,7,-13,8,-13,8,-13,7,-13,8,-14,8,-14,7,-14,7,-14,6,-15,5,-14,5,-15,5,-14,5,-15,4,-15,3,0,0,-9,-3,-10,-3,-10,-3,-11,-4,-10,-4,-10,-4,-10,-4,-9,-5,-10,-5,-9,-5,-10,-6,-11,-5,-10,-5,-11,-6,-10,-6,-11,-6,-10,-6,-10,-6,-11,-5,-11,-6,-10,-7,-11,-6,-10,-7,-11,-5,-12,-6,-12,-6,0,0,-12,-6,-12,-6,-13,-5,-12,-5,-12,-6,-13,-6,-13,-6,-12,-6,-13,-6,-13,-5,-14,-5,-13,-5,-13,-5,-14,-5,-14,-5,-14,-4,-15,-4,-14,-4,-15,-5,-14,-5,-14,-6,-14,-6,-14,-5,-15,-5,-14,-6,-14,-6,0,0]"
CSI_DATA: 773,5,172,172,176,171,185,0,-31,-20,71999.832,72007.290,108.766,72303.919,292.143,149.919,"[-21,-6,-21,-6,-21,-5,-22,-6,-21,-6,-21,-7,-21,-6,-20,-6,-20,-6,-19,-5,-21,-5,-21,-4,-21,-4,-21,-4,-20,-4,-22,-3,-21,-2,-20,-2,-21,-1,-22,-2,-22,-2,-21,-1,-21,-1,-22,1,-23,0,-23,1,0,0,-23,1,-23,1,-24,2,-23,2,-24,1,-24,2,-24,1,-23,1,-23,2,-23,1,-25,2,-24,1,-23,1,-24,1,-23,0,-24,0,-24,1,-24,-1,-23,-2,-22,-2,-22,-3,-21,-3,-22,-3,-21,-3,-20,-5,-19,-5,0,0,-1,-15,-1,-15,-2,-14,-1,-16,-1,-15,-2,-16,-2,-16,-1,-16,-2,-16,-2,-15,-3,-17,-4,-16,-4,-16,-4,-16,-3,-17,-5,-17,-5,-16,-4,-16,-6,-17,-5,-17,-4,-18,-5,-17,-5,-17,-7,-17,-7,-18,-8,-18,0,0,-7,-18,-8,-19,-8,-19,-8,-19,-8,-19,-8,-20,-8,-20,-8,-19,-9,-20,-9,-19,-10,-21,-9,-20,-9,-20,-9,-21,-9,-21,-10,-22,-9,-22,-10,-23,-8,-23,-8,-23,-7,-24,-6,-24,-6,-24,-7,-25,-5,-25,-4,-26,0,0]"
CSI_DATA: 774,6,160,160,166,159,185,0,-20,-18,72002.982,72010.441,164.237,72376.468,364.692,222.468,"[2,11,2,11,3,10,2,12,3,11,3,11,3,11,4,11,3,11,4,11,5,12,5,11,5,12,5,11,5,12,7,12,6,11,6,11,7,11,7,12,7,12,7,12,7,12,8,11,8,13,9,12,0,0,9,12,10,12,10,12,10,12,10,13,11,14,10,13,10,13,11,13,11,13,12,13,11,14,11,14,11,14,11,14,11,15,11,15,11,15,10,15,10,15,9,16,8,17,8,17,9,16,7,17,7,17,0,0,13,1,14,1,14,0,15,1,14,1,15,0,15,1,14,1,15,1,14,0,15,0,15,-1,15,-1,15,-2,15,-1,15,-3,15,-3,14,-2,15,-4,15,-3,16,-3,15,-4,15,-4,15,-7,17,-6,17,-8,0,0,17,-7,17,-7,18,-8,17,-8,18,-8,19,-8,19,-8,19,-8,19,-9,19,-9,20,-10,20,-10,20,-10,21,-9,21,-9,23,-9,22,-9,23,-9,24,-8,23,-7,24,-6,24,-6,24,-6,24,-7,25,-5,25,-4,0,0]"
CSI_DATA: 775,3,158,158,182,157,186,0,-22,-28,72388.353,72397.259,17.420,72570.955,194.487,26.956,"[-12,-9,-13,-9,-13,-8,-14,-9,-13,-9,-14,-9,-13,-9,-13,-8,-13,-8,-13,-8,-14,-8,-14,-8,-14,-8,-14,-8,-14,-8,-14,-7,-14,-7,-14,-6,-15,-6,-15,-7,-15,-7,-15,-6,-14,-7,-15,-5,-16,-6,-16,-5,0,0,-16,-5,-17,-5,-18,-5,-17,-4,-18,-5,-18,-5,-18,-5,-18,-5,-18,-5,-18,-5,-19,-5,-18,-5,-19,-5,-20,-5,-19,-5,-20,-5,-21,-5,-21,-6,-20,-6,-20,-7,-20,-8,-20,-8,-20,-9,-21,-9,-20,-11,-20,-11,0,0,2,14,2,14,3,14,2,16,2,15,2,15,1,15,1,15,1,16,1,15,2,16,2,16,2,16,2,15,1,15,3,16,3,15,3,15,3,15,2,15,2,16,3,16,3,15,5,15,5,16,5,16,0,0,5,15,6,15,6,16,7,15,7,15,6,16,6,16,7,16,7,16,8,16,10,16,9,16,9,16,9,17,10,18,10,18,10,18,10,19,9,20,9,19,9,20,8,21,8,22,10,22,8,22,7,23,0,0]"
CSI_DATA: 776,4,162,162,181,161,186,0,-26,-33,72385.354,72394.260,63.234,72625.228,248.760,81.229,"[12,4,12,4,12,3,13,4,12,3,12,4,12,3,12,3,12,3,12,3,13,3,13,2,13,2,12,2,12,2,13,1,12,1,12,1,13,1,13,1,13,1,13,0,12,1,13,-1,14,-1,13,-1,0,0,13,-1,13,-1,14,-2,13,-2,14,-1,14,-2,14,-2,14,-1,14,-2,14,-2,15,-2,14,-1,14,-1,15,-1,14,-1,15,-1,15,-1,14,0,15,0,14,1,14,2,14,2,14,3,14,3,13,4,12,4,0,0,3,-7,3,-8,3,-8,4,-9,3,-9,4,-10,4,-10,4,-10,4,-10,4,-10,4,-12,3,-12,3,-12,3,-13,4,-12,3,-14,2,-14,3,-13,2,-14,3,-15,4,-15,3,-15,3,-15,1,-17,2,-17,1,-18,0,0,2,-18,1,-19,1,-20,1,-19,2,-20,2,-21,2,-20,2,-20,2,-21,2,-20,0,-22,1,-21,1,-21,2,-22,3,-22,2,-23,2,-22,3,-23,4,-22,4,-21,5,-22,5,-20,5,-21,4,-21,5,-21,6,-20,0,0]"
CSI_DATA: 777,5,173,173,177,172,186,0,-32,-20,72388.394,72397.300,107.822,72686.686,310.218,142.687,"[-14,15,-15,15,-13,16,-15,16,-14,15,-15,15,-14,14,-14,14,-14,14,-13,14,-14,15,-13,15,-13,15,-13,15,-14,14,-13,15,-13,15,-13,14,-13,15,-14,14,-14,14,-13,14,-14,13,-13,15,-14,14,-14,14,0,0,-13,13,-13,13,-14,14,-13,13,-14,13,-14,12,-14,12,-13,12,-13,11,-12,11,-12,12,-12,11,-12,10,-12,10,-12,9,-12,10,-12,9,-12,9,-11,9,-11,8,-11,8,-10,7,-10,7,-10,8,-10,7,-10,8,0,0,-6,-5,-6,-5,-6,-4,-6,-5,-6,-5,-6,-5,-6,-5,-6,-5,-6,-5,-6,-4,-7,-5,-7,-4,-7,-4,-7,-4,-7,-5,-7,-4,-7,-4,-7,-5,-7,-4,-7,-5,-7,-5,-7,-5,-7,-5,-8,-4,-8,-5,-8,-4,0,0,-8,-4,-8,-5,-9,-4,-9,-4,-8,-5,-9,-5,-8,-5,-8,-5,-9,-5,-9,-4,-10,-4,-9,-4,-9,-4,-9,-5,-9,-5,-10,-5,-10,-5,-10,-5,-9,-6,-9,-6,-9,-6,-9,-6,-9,-6,-9,-6,-9,-7,-9,-7,0,0]"
CSI_DATA: 778,6,161,161,167,160,186,0,-21,-17,72391.546,72400.452,163.177,72755.441,378.973,211.442,"[-11,0,-11,1,-10,2,-12,1,-11,2,-11,2,-11,2,-10,3,-11,3,-10,4,-11,4,-11,4,-11,5,-10,5,-11,5,-10,6,-10,6,-10,6,-10,8,-11,8,-11,8,-10,8,-10,8,-10,9,-11,10,-10,10,0,0,-11,11,-11,11,-11,12,-10,11,-11,12,-12,12,-12,12,-12,13,-12,12,-12,13,-12,14,-12,13,-13,14,-13,14,-13,13,-14,15,-14,14,-15,15,-15,14,-15,13,-17,13,-17,12,-17,12,-17,13,-18,11,-19,11,0,0,8,-6,8,-6,7,-7,8,-7,8,-6,8,-7,8,-6,8,-6,8,-6,7,-7,8,-8,7,-8,7,-8,7,-8,7,-7,7,-8,6,-8,7,-8,6,-8,7,-8,7,-8,7,-9,7,-8,5,-10,6,-10,6,-11,0,0,6,-11,6,-11,6,-11,6,-12,7,-12,7,-12,7,-11,7,-11,8,-12,7,-12,7,-14,7,-12,7,-12,8,-12,8,-13,8,-13,8,-13,9,-13,10,-12,10,-12,11,-11,10,-11,10,-11,10,-12,11,-11,11,-11,0,0]"
CSI_DATA: 779,7,155,155,159,155,186,0,-19,-18,72306.548,72315.454,207.473,72821.469,445.01,277.470,"[-5,-17,-5,-18,-5,-16,-5,-19,-5,-17,-4,-18,-4,-17,-4,-16,-4,-16,-5,-15,-5,-17,-6,-16,-6,-16,-6,-16,-5,-16,-6,-15,-7,-15,-6,-14,-7,-15,-6,-15,-6,-16,-7,-15,-6,-15,-8,-15,-8,-16,-9,-15,0,0,-9,-15,-9,-15,-10,-16,-9,-14,-10,-15,-10,-16,-10,-16,-10,-15,-10,-15,-10,-15,-12,-16,-11,-16,-11,-16,-12,-17,-11,-16,-12,-17,-12,-17,-12,-17,-11,-18,-10,-18,-10,-19,-10,-19,-10,-20,-11,-20,-9,-21,-9,-21,0,0,-6,-11,-7,-11,-7,-10,-7,-12,-7,-11,-6,-11,-6,-11,-6,-11,-6,-11,-6,-10,-6,-11,-6,-10,-6,-10,-6,-9,-5,-9,-7,-9,-7,-8,-7,-8,-7,-8,-7,-9,-7,-9,-8,-8,-7,-9,-9,-7,-9,-8,-9,-8,0,0,-9,-8,-9,-9,-10,-8,-9,-8,-9,-9,-9,-9,-9,-9,-9,-9,-9,-9,-9,-9,-10,-9,-9,-9,-9,-9,-9,-9,-8,-9,-9,-9,-9,-9,-8,-9,-7,-10,-7,-9,-7,-10,-6,-10,-7,-10,-7,-9,-6,-10,-6,-9,0,0]"
CSI_DATA: 780,3,159,159,183,158,187,0,-22,-30,72775.656,72777.264,11.771,72947.77,125.608,13.78,"[-5,-16,-6,-16,-6,-15,-6,-17,-6,-16,-6,-16,-6,-16,-5,-15,-6,-15,-6,-15,-6,-16,-6,-16,-6,-15,-6,-15,-6,-15,-8,-15,-8,-14,-7,-14,-8,-14,-8,-14,-8,-15,-8,-14,-7,-14,-9,-14,-9,-15,-10,-14,0,0,-10,-14,-10,-14,-11,-14,-11,-14,-11,-14,-12,-14,-11,-14,-11,-14,-12,-14,-12,-14,-13,-14,-11,-14,-12,-14,-13,-14,-13,-14,-14,-15,-14,-15,-13,-16,-13,-16,-13,-16,-12,-17,-12,-17,-12,-18,-13,-18,-11,-19,-11,-19,0,0,12,-7,13,-7,12,-8,14,-7,13,-7,14,-7,14,-7,13,-7,14,-6,13,-7,14,-7,14,-8,14,-8,13,-8,14,-7,14,-9,13,-9,13,-8,13,-10,14,-9,15,-9,14,-10,14,-9,14,-11,15,-11,15,-12,0,0,15,-12,15,-12,15,-13,15,-12,16,-12,16,-12,16,-12,16,-12,16,-12,16,-12,17,-14,17,-12,16,-12,17,-12,17,-13,18,-14,17,-13,18,-13,18,-12,18,-12,18,-12,18,-10,18,-11,18,-12,19,-10,19,-10,0,0]"
CSI_DATA: 781,5,174,174,178,173,187,0,-28,-21,72775.698,72777.306,102.165,73037.490,216.21,103.491,"[-14,-10,-15,-10,-15,-9,-16,-10,-14,-10,-14,-10,-14,-10,-14,-9,-13,-9,-14,-9,-14,-9,-15,-9,-14,-8,-14,-8,-14,-9,-15,-7,-14,-7,-14,-7,-15,-6,-15,-7,-14,-7,-15,-6,-14,-7,-15,-6,-15,-7,-16,-6,0,0,-15,-6,-16,-6,-16,-5,-15,-5,-16,-6,-16,-6,-16,-6,-16,-6,-16,-5,-15,-5,-16,-5,-15,-6,-15,-6,-16,-5,-16,-6,-16,-5,-17,-5,-17,-6,-16,-6,-15,-6,-16,-7,-16,-7,-16,-8,-16,-8,-15,-8,-15,-9,0,0,8,-16,8,-16,7,-16,8,-17,7,-16,8,-17,8,-17,7,-17,7,-17,7,-16,7,-18,6,-18,6,-18,6,-18,7,-18,6,-19,5,-19,6,-18,5,-19,6,-19,6,-19,6,-19,6,-18,4,-19,5,-20,4,-21,0,0,4,-20,5,-21,4,-21,3,-21,4,-21,5,-21,4,-21,4,-20,4,-21,4,-21,3,-23,4,-21,4,-21,4,-22,4,-22,4,-23,4,-23,4,-24,5,-23,6,-23,7,-23,7,-23,8,-23,7,-23,9,-23,10,-23,0,0]"
CSI_DATA: 782,6,162,162,168,161,187,0,-25,-19,72778.850,72780.457,157.635,73096.269,274.800,162.270,"[2,-8,1,-9,1,-9,0,-10,0,-9,0,-9,-1,-10,-1,-9,-2,-10,-2,-10,-3,-11,-3,-11,-4,-11,-4,-11,-4,-11,-5,-11,-6,-11,-6,-11,-7,-11,-7,-12,-7,-12,-8,-12,-8,-12,-9,-12,-9,-13,-10,-13,0,0,-10,-12,-11,-13,-12,-14,-12,-13,-12,-14,-12,-14,-12,-14,-13,-14,-13,-14,-13,-14,-14,-15,-13,-16,-13,-15,-14,-16,-13,-16,-15,-16,-14,-17,-14,-17,-13,-17,-13,-18,-12,-19,-12,-19,-11,-20,-12,-20,-10,-20,-9,-20,0,0,11,3,11,3,12,2,13,3,12,3,13,3,13,3,13,3,13,4,13,3,14,3,14,2,14,2,14,2,14,2,15,1,14,0,14,0,15,-1,15,0,16,0,16,-1,15,-1,16,-4,17,-3,18,-5,0,0,18,-4,18,-4,19,-5,18,-6,20,-6,21,-5,21,-5,21,-5,21,-6,21,-7,23,-8,22,-7,22,-7,23,-7,23,-7,24,-7,24,-7,25,-7,26,-6,25,-5,26,-4,25,-4,26,-4,27,-5,28,-2,28,-2,0,0]"
CSI_DATA: 783,7,156,156,160,156,187,0,-21,-20,72693.853,72695.460,201.807,73165.191,343.722,231.192,"[-1,-17,-2,-17,-3,-17,-2,-18,-2,-17,-1,-17,-2,-17,-1,-16,-1,-16,-2,-16,-2,-17,-2,-16,-2,-16,-2,-16,-2,-16,-3,-16,-3,-14,-3,-14,-4,-15,-3,-15,-3,-15,-4,-15,-3,-14,-5,-15,-4,-15,-5,-15,0,0,-6,-14,-6,-15,-6,-15,-7,-14,-6,-15,-7,-15,-7,-15,-7,-15,-7,-15,-8,-15,-9,-15,-7,-16,-8,-16,-9,-16,-9,-16,-10,-17,-10,-18,-9,-18,-9,-18,-9,-18,-8,-19,-7,-20,-7,-21,-8,-21,-6,-21,-5,-22,0,0,-19,8,-19,8,-19,9,-21,8,-20,7,-20,7,-20,6,-19,6,-19,5,-18,5,-19,6,-18,6,-17,5,-16,5,-16,5,-15,7,-14,7,-14,7,-14,8,-15,7,-15,7,-15,8,-14,7,-14,10,-15,9,-15,10,0,0,-15,9,-15,9,-15,10,-15,10,-15,9,-16,9,-16,8,-15,8,-15,8,-14,8,-15,9,-14,8,-14,8,-15,7,-14,8,-14,8,-14,7,-14,7,-14,6,-13,6,-14,6,-13,5,-13,5,-13,6,-13,5,-12,5,0,0]"
CSI_DATA: 784,3,160,160,184,159,188,0,-21,-34,73165.637,73167.230,11.735,73337.67,171.876,13.68,"[8,11,8,12,9,11,9,12,8,11,9,12,8,11,8,11,8,11,9,10,10,11,10,11,10,11,10,11,9,11,10,10,10,10,9,10,10,10,9,11,9,11,10,10,9,10,11,9,11,10,12,10,0,0,11,10,11,10,12,10,11,10,11,10,11,10,11,11,11,10,12,11,12,10,12,10,12,10,11,10,12,11,11,11,12,11,12,11,12,11,11,12,11,12,11,13,11,12,11,13,11,13,10,13,10,14,0,0,-2,10,-2,10,-1,11,-2,11,-2,11,-3,11,-3,11,-3,11,-4,12,-3,11,-4,12,-3,12,-3,12,-3,12,-4,11,-3,12,-3,11,-3,11,-3,12,-3,11,-4,11,-3,12,-4,11,-2,12,-2,12,-2,13,0,0,-2,12,-2,13,-2,13,-1,12,-1,12,-2,13,-1,13,-1,12,-1,13,-1,13,0,13,0,12,0,12,0,13,1,13,1,14,2,14,1,14,1,14,0,14,0,15,0,15,0,16,1,17,-1,16,-1,16,0,0]"
CSI_DATA: 785,5,175,175,179,174,188,0,-23,-20,73165.680,73167.273,102.162,73427.549,262.358,103.550,"[-9,14,-9,15,-7,15,-9,16,-9,15,-9,15,-9,14,-8,14,-9,14,-7,14,-8,15,-7,15,-7,15,-7,15,-8,14,-7,15,-6,14,-6,13,-6,15,-7,15,-7,15,-6,15,-6,14,-5,15,-5,16,-5,16,0,0,-5,16,-5,16,-5,17,-4,16,-5,17,-5,17,-5,16,-5,16,-5,16,-5,16,-4,17,-5,16,-5,16,-6,17,-5,16,-6,18,-5,17,-6,17,-7,16,-7,16,-8,16,-8,15,-8,15,-8,16,-9,15,-9,14,0,0,-6,15,-6,15,-5,15,-6,16,-6,16,-6,16,-6,16,-6,15,-5,16,-5,15,-4,17,-4,17,-3,17,-3,17,-4,17,-2,18,-1,17,-2,17,-1,18,-2,18,-3,18,-2,18,-2,18,1,19,-1,19,0,20,0,0,0,19,1,20,1,20,1,20,1,20,0,21,0,21,0,21,1,21,2,21,3,22,2,21,2,21,1,22,2,23,2,24,2,23,2,24,0,24,0,23,-1,24,-2,23,-2,24,0,25,-3,25,-4,24,0,0]"
CSI_DATA: 786,6,163,163,169,162,188,0,-22,-18,73168.832,73170.425,157.512,73483.53,317.862,159.54,"[3,-12,2,-12,2,-12,2,-13,2,-12,1,-12,1,-12,1,-12,1,-12,0,-12,0,-13,-1,-13,-1,-13,-1,-13,-1,-13,-2,-13,-2,-13,-2,-12,-3,-13,-3,-13,-3,-13,-3,-13,-3,-13,-4,-13,-5,-14,-5,-14,0,0,-6,-14,-6,-14,-6,-15,-6,-14,-6,-15,-7,-15,-6,-16,-7,-15,-7,-16,-7,-15,-8,-16,-7,-17,-8,-16,-8,-18,-7,-16,-8,-18,-7,-18,-8,-18,-7,-18,-6,-18,-6,-20,-5,-20,-5,-20,-5,-20,-4,-20,-4,-21,0,0,0,-15,0,-15,-1,-15,0,-17,-1,-16,0,-17,0,-16,0,-16,0,-16,0,-16,-1,-17,-1,-17,-2,-17,-2,-16,-1,-16,-4,-17,-4,-16,-4,-16,-4,-17,-4,-17,-4,-17,-5,-17,-5,-17,-8,-17,-7,-18,-8,-18,0,0,-8,-18,-9,-18,-10,-19,-10,-18,-10,-20,-9,-20,-10,-20,-10,-20,-10,-20,-11,-20,-12,-21,-11,-21,-11,-21,-11,-22,-12,-22,-12,-23,-12,-22,-12,-24,-10,-24,-10,-24,-9,-26,-8,-24,-8,-25,-9,-26,-7,-27,-6,-27,0,0]"
CSI_DATA: 787,7,157,157,161,157,188,0,-20,-21,73083.836,73085.428,201.795,73552.820,387.629,228.821,"[-12,11,-12,12,-11,12,-13,12,-12,11,-12,11,-12,10,-12,10,-12,10,-10,10,-11,11,-11,11,-11,12,-10,11,-11,11,-10,11,-10,11,-10,10,-10,12,-10,11,-11,11,-10,11,-10,10,-8,12,-9,13,-9,13,0,0,-9,13,-9,13,-9,14,-8,13,-9,13,-9,14,-9,14,-9,14,-9,14,-8,13,-8,15,-9,15,-9,15,-9,16,-9,14,-10,16,-9,16,-10,16,-11,16,-11,15,-12,15,-13,15,-13,15,-13,16,-14,15,-15,15,0,0,8,-16,8,-16,7,-16,9,-16,8,-16,8,-15,9,-15,9,-14,9,-14,8,-13,9,-14,8,-14,7,-13,7,-13,6,-12,5,-14,4,-13,4,-13,4,-14,4,-14,5,-14,4,-15,4,-15,3,-15,4,-16,3,-17,0,0,4,-16,4,-17,3,-17,3,-17,4,-17,5,-17,5,-17,5,-16,5,-17,5,-16,5,-17,5,-16,5,-16,5,-16,5,-16,5,-16,5,-16,5,-16,6,-15,6,-15,7,-15,7,-14,7,-14,6,-14,7,-14,7,-13,0,0]"
CSI_DATA: 788,4,164,164,184,163,189,0,-34,-33,73552.620,73554.290,57.599,73772.998,220.178,59.01,"[-3,3,-3,3,-3,4,-3,5,-2,5,-2,5,-2,6,-1,6,-2,6,-1,7,-1,7,0,7,1,8,1,8,1,9,1,9,2,9,2,9,3,9,2,10,3,10,4,10,4,10,5,10,5,11,6,11,0,0,7,11,7,12,8,13,8,12,8,13,9,14,9,14,9,13,9,14,10,13,12,14,10,15,11,15,11,16,11,15,12,16,12,17,12,18,12,18,11,18,10,19,9,20,10,20,11,20,9,21,9,21,0,0,8,13,8,12,10,12,10,13,9,12,10,12,10,12,10,12,10,12,10,11,11,12,11,11,11,11,11,11,10,12,13,11,12,10,12,10,12,10,12,11,11,11,12,10,11,10,12,9,12,10,13,9,0,0,12,9,12,9,13,9,13,9,12,9,12,10,12,9,11,9,11,9,11,9,12,9,10,9,9,9,9,9,10,9,9,9,9,10,8,10,7,9,6,9,6,9,4,9,4,9,4,9,3,9,2,8,0,0]"
CSI_DATA: 789,5,176,176,180,175,189,0,-28,-20,73555.660,73557.330,102.177,73818.938,266.118,104.941,"[14,-1,15,-1,14,-2,16,-1,14,-1,15,-1,14,-1,14,-1,14,-1,14,-2,15,-1,14,-2,15,-2,14,-2,15,-1,14,-3,14,-3,14,-2,15,-3,14,-2,14,-2,14,-3,14,-2,14,-4,15,-4,15,-4,0,0,14,-4,15,-4,15,-5,14,-5,15,-4,15,-5,15,-5,15,-4,15,-5,14,-5,15,-6,15,-5,15,-5,16,-5,15,-5,16,-5,16,-5,16,-5,16,-4,16,-4,16,-3,16,-2,16,-3,16,-3,16,-2,16,-2,0,0,-15,0,-15,0,-15,1,-16,1,-16,1,-16,1,-16,1,-16,1,-16,2,-15,2,-17,2,-16,3,-16,3,-16,3,-16,3,-17,5,-16,5,-16,5,-16,6,-17,5,-17,5,-17,6,-17,5,-17,7,-18,7,-18,8,0,0,-18,8,-18,9,-18,9,-18,9,-18,9,-20,10,-19,9,-19,9,-19,10,-19,10,-20,11,-19,10,-19,10,-20,10,-20,10,-20,11,-21,11,-21,10,-21,10,-21,10,-22,9,-22,8,-23,8,-23,9,-24,6,-24,6,0,0]"
CSI_DATA: 790,6,164,164,170,163,189,0,-21,-19,73558.812,73560.482,157.543,73884.909,332.89,170.912,"[5,9,5,9,6,9,6,9,6,9,6,9,6,9,6,8,6,9,7,8,7,9,7,8,8,8,8,8,8,8,8,8,8,7,8,7,9,7,9,8,9,8,9,7,9,7,10,6,11,7,11,6,0,0,11,7,11,7,12,7,12,7,12,7,12,7,12,7,12,7,13,8,13,7,14,7,13,8,13,8,13,8,13,8,14,8,14,9,14,9,14,9,13,10,13,10,13,11,13,11,13,11,12,12,12,13,0,0,14,-8,14,-8,14,-9,16,-9,15,-8,16,-8,15,-9,15,-8,16,-9,15,-9,16,-9,16,-10,16,-10,15,-10,15,-9,15,-12,14,-12,14,-11,14,-12,15,-12,15,-12,14,-13,15,-12,13,-15,15,-15,14,-16,0,0,14,-16,15,-17,14,-17,14,-18,15,-18,16,-18,16,-18,16,-18,16,-18,16,-19,17,-20,17,-19,16,-18,17,-19,17,-19,18,-20,18,-19,19,-19,19,-19,19,-18,20,-17,20,-17,21,-16,21,-17,22,-15,22,-14,0,0]"
CSI_DATA: 791,7,158,158,162,158,189,0,-22,-20,73473.816,73475.486,201.825,73947.252,394.432,233.255,"[4,14,4,14,5,14,4,15,4,14,4,14,3,14,4,13,3,13,5,13,5,13,5,13,5,13,5,13,4,13,6,13,6,12,5,12,6,12,5,12,6,12,6,12,6,11,7,11,8,12,8,11,0,0,8,11,8,11,9,11,9,11,9,11,10,12,10,12,10,12,11,12,11,11,13,12,11,12,12,12,12,13,12,13,13,14,13,15,13,15,12,16,12,16,12,17,11,18,12,18,12,19,11,20,10,20,0,0,8,-4,8,-4,8,-4,9,-4,8,-4,9,-4,8,-4,8,-3,8,-3,8,-3,8,-3,8,-4,7,-4,7,-4,7,-3,7,-5,6,-5,6,-5,6,-5,6,-5,6,-5,6,-5,6,-5,6,-6,6,-6,6,-6,0,0,6,-6,7,-7,6,-7,7,-7,7,-7,7,-7,7,-7,7,-6,7,-6,7,-6,7,-7,7,-6,7,-6,7,-6,7,-6,7,-6,7,-6,7,-6,7,-5,7,-5,7,-5,7,-4,7,-4,7,-5,7,-4,7,-4,0,0]"
CSI_DATA: 792,3,161,161,186,160,190,0,-20,-35,73945.610,73947.226,11.633,74117.145,169.893,13.146,"[-15,-3,-15,-3,-15,-2,-16,-3,-15,-2,-16,-2,-16,-2,-15,-2,-15,-2,-15,-1,-16,-1,-16,-1,-16,0,-16,0,-16,-1,-16,0,-15,0,-15,1,-16,1,-16,1,-16,0,-16,1,-15,1,-16,2,-17,2,-16,3,0,0,-16,3,-17,3,-17,3,-16,4,-17,4,-17,4,-18,4,-17,4,-17,4,-17,4,-18,5,-18,4,-18,4,-19,4,-18,4,-19,5,-19,5,-19,4,-19,4,-19,3,-20,2,-20,2,-20,2,-21,2,-21,0,-20,0,0,0,-13,-9,-14,-9,-14,-9,-16,-11,-15,-10,-16,-10,-15,-11,-15,-10,-15,-11,-15,-10,-16,-12,-16,-11,-16,-11,-15,-11,-15,-12,-16,-11,-15,-11,-14,-11,-15,-11,-14,-11,-14,-12,-14,-11,-13,-11,-14,-10,-14,-11,-15,-10,0,0,-14,-10,-13,-10,-14,-10,-12,-9,-12,-10,-12,-9,-11,-10,-10,-9,-10,-9,-9,-8,-9,-8,-8,-7,-7,-7,-7,-6,-6,-6,-6,-5,-5,-4,-5,-3,-5,-2,-4,-2,-4,0,-3,0,-3,1,-3,2,-4,3,-4,4,0,0]"
CSI_DATA: 793,4,165,165,185,164,190,0,-34,-28,73942.615,73944.231,57.594,74176.855,229.603,72.856,"[-4,-2,-5,-1,-5,-1,-6,-1,-6,0,-6,0,-6,1,-6,1,-7,1,-6,2,-7,2,-8,3,-8,3,-7,3,-8,4,-8,4,-8,5,-7,5,-8,6,-8,6,-9,7,-8,7,-8,7,-8,8,-8,9,-8,10,0,0,-8,10,-8,11,-8,12,-8,12,-9,13,-9,13,-9,14,-8,14,-9,14,-8,15,-8,16,-9,16,-9,16,-9,17,-9,17,-10,19,-10,19,-10,19,-11,19,-11,19,-12,20,-13,19,-14,19,-14,21,-15,19,-16,19,0,0,-13,-4,-14,-3,-13,-2,-14,-3,-14,-3,-15,-3,-15,-2,-14,-3,-15,-2,-14,-2,-16,-1,-16,-1,-16,0,-16,0,-16,-1,-17,1,-17,1,-17,1,-17,2,-17,1,-18,0,-18,2,-17,0,-18,3,-19,2,-20,3,0,0,-20,3,-19,3,-20,4,-20,4,-20,4,-21,4,-21,3,-21,3,-21,4,-20,4,-22,5,-20,3,-21,4,-21,4,-21,4,-22,4,-21,4,-22,3,-21,2,-20,2,-21,0,-20,0,-20,0,-21,1,-20,-1,-20,-1,0,0]"
CSI_DATA: 794,5,177,177,181,176,190,0,-28,-21,73945.654,73947.270,102.172,74241.905,294.653,137.906,"[12,14,12,14,12,13,12,15,11,14,12,14,11,14,11,13,11,13,11,12,12,13,12,13,12,13,11,12,11,13,13,12,12,11,11,11,12,11,12,12,12,12,12,11,11,11,13,10,13,11,14,11,0,0,13,10,14,10,14,10,14,10,14,11,14,11,14,11,14,10,14,10,14,10,16,11,14,11,14,11,15,12,14,11,15,11,15,12,15,12,14,12,13,12,13,13,13,13,13,14,13,14,12,15,11,15,0,0,13,-3,13,-4,13,-4,15,-4,14,-4,14,-4,14,-4,13,-4,14,-4,13,-5,15,-6,14,-6,15,-7,14,-7,15,-6,15,-8,15,-9,14,-8,15,-9,15,-8,16,-8,16,-9,16,-8,16,-11,17,-10,17,-11,0,0,16,-11,17,-11,17,-12,16,-12,18,-12,18,-12,18,-11,18,-11,18,-12,17,-12,19,-14,18,-12,18,-12,19,-13,18,-12,20,-14,19,-13,20,-13,20,-12,20,-11,21,-11,21,-11,21,-10,22,-11,23,-9,23,-9,0,0]"
CSI_DATA: 795,6,165,165,171,164,190,0,-22,-18,73948.807,73950.423,157.545,74309.200,361.948,205.201,"[-5,10,-4,10,-4,10,-5,12,-4,10,-4,11,-3,10,-3,10,-3,11,-2,11,-2,12,-1,12,-2,12,-1,12,-2,12,-1,12,0,12,0,12,0,13,0,12,0,13,1,13,1,12,2,13,2,14,3,14,0,0,3,14,3,14,3,15,3,14,3,16,3,16,3,16,4,16,4,16,4,16,5,17,4,17,4,17,4,18,4,17,4,19,3,19,4,19,3,19,2,19,2,20,1,20,0,20,0,21,-1,20,-1,20,0,0,0,15,1,16,2,15,1,17,1,16,1,17,1,16,1,16,1,17,1,16,2,18,2,17,2,17,3,16,2,17,4,16,5,16,4,16,5,17,5,17,5,17,6,17,5,17,8,16,7,18,9,18,0,0,9,17,9,17,10,18,10,17,10,19,10,19,10,19,10,19,11,19,11,19,12,20,11,20,11,20,12,21,11,20,12,22,11,20,11,22,11,22,10,22,10,23,9,22,8,22,9,23,7,24,7,24,0,0]"
CSI_DATA: 796,7,159,159,163,159,190,0,-19,-21,73863.811,73865.427,201.819,74368.75,420.823,264.76,"[10,-13,10,-13,9,-13,11,-14,10,-13,10,-13,10,-13,9,-12,9,-12,8,-13,10,-14,9,-13,9,-14,9,-13,9,-13,9,-14,8,-13,8,-13,8,-14,8,-13,8,-13,7,-13,8,-12,6,-14,7,-14,7,-14,0,0,6,-14,6,-15,6,-15,6,-15,6,-16,6,-16,6,-16,6,-16,6,-16,5,-16,6,-17,6,-17,6,-17,6,-17,6,-17,6,-18,7,-19,7,-18,7,-18,8,-18,9,-18,9,-18,10,-18,10,-19,11,-18,12,-17,0,0,-13,13,-13,14,-12,13,-14,14,-13,13,-14,13,-14,13,-14,12,-14,12,-13,11,-14,12,-13,11,-12,11,-11,10,-12,10,-10,11,-9,11,-9,11,-9,12,-9,12,-10,12,-9,13,-9,12,-8,13,-9,14,-9,15,0,0,-8,14,-9,14,-9,15,-8,14,-9,14,-9,14,-9,14,-9,13,-9,14,-8,13,-9,15,-9,13,-9,13,-9,13,-9,13,-9,14,-8,13,-9,13,-9,13,-9,12,-10,12,-9,11,-9,11,-9,12,-10,11,-10,11,0,0]"
CSI_DATA: 797,4,166,166,186,165,191,0,-31,-39,74332.626,74334.241,57.577,74554.145,186.70,60.143,"[5,0,5,-1,5,-1,6,-1,6,-1,7,-2,7,-2,7,-2,7,-2,7,-3,8,-4,8,-4,9,-4,8,-5,9,-5,9,-6,9,-6,9,-6,9,-7,10,-7,10,-7,10,-8,10,-8,9,-10,11,-10,10,-11,0,0,11,-11,11,-11,11,-13,11,-12,12,-13,12,-13,12,-13,12,-13,12,-14,12,-14,12,-16,13,-15,13,-15,13,-16,13,-15,14,-16,14,-16,15,-16,15,-15,16,-15,16,-14,17,-14,17,-14,17,-15,18,-13,18,-12,0,0,0,-16,-1,-16,-1,-16,-1,-17,0,-16,-1,-16,-1,-16,-1,-15,-1,-16,-2,-15,-1,-16,-2,-16,-2,-16,-2,-16,0,-15,-2,-16,-2,-15,-1,-14,-2,-14,-1,-14,0,-14,-1,-14,0,-13,-1,-12,-1,-13,-1,-13,0,0,-1,-12,0,-11,0,-11,0,-10,0,-9,0,-9,0,-9,0,-8,0,-8,0,-7,0,-7,1,-6,1,-5,1,-5,1,-4,1,-4,1,-3,1,-2,1,-2,1,-1,1,-1,0,0,1,0,0,1,0,1,0,1,0,0]"
CSI_DATA: 798,5,178,178,182,177,191,0,-26,-21,74335.665,74337.280,102.159,74607.928,239.853,113.926,"[-17,8,-17,8,-16,9,-18,9,-17,8,-17,8,-17,8,-16,7,-17,8,-16,8,-17,9,-17,9,-17,9,-16,9,-17,9,-16,10,-15,9,-15,9,-16,10,-17,9,-17,9,-16,9,-16,9,-16,11,-17,11,-16,11,0,0,-16,11,-16,11,-16,12,-15,11,-16,11,-17,11,-16,11,-16,11,-16,11,-15,11,-16,13,-16,11,-16,12,-17,11,-16,11,-17,12,-17,12,-17,12,-17,11,-17,10,-18,10,-18,9,-18,9,-18,10,-19,9,-19,8,0,0,15,5,15,4,15,3,16,5,15,5,15,4,15,4,15,4,15,4,15,3,16,4,16,3,16,3,16,2,16,3,17,2,16,1,16,2,17,1,17,1,17,2,17,1,17,2,18,0,19,1,19,0,0,0,18,-1,19,0,19,-1,19,-1,19,-1,20,-1,19,-1,19,-1,20,-1,19,-2,21,-2,19,-1,20,-1,21,-1,20,-1,21,-1,21,-1,21,-1,21,-1,21,0,22,1,21,1,22,2,22,2,22,4,22,4,0,0]"
CSI_DATA: 799,6,166,166,172,165,191,0,-23,-19,74338.818,74340.433,157.604,74672.250,304.175,178.248,"[-12,-1,-12,-1,-11,0,-13,-1,-12,0,-12,0,-12,-1,-11,0,-12,0,-12,1,-12,1,-12,1,-12,1,-12,2,-13,1,-12,2,-12,2,-12,2,-12,3,-13,2,-13,2,-13,3,-12,2,-12,3,-13,4,-13,4,0,0,-13,4,-14,4,-14,5,-13,5,-14,4,-14,5,-14,5,-14,5,-15,5,-14,5,-15,6,-15,5,-15,5,-16,5,-15,5,-16,5,-16,5,-16,5,-17,4,-16,4,-17,3,-17,3,-17,2,-17,3,-17,1,-18,1,0,0,1,15,2,16,3,16,2,17,2,16,2,16,2,16,3,16,2,17,3,16,3,17,4,17,4,17,4,16,3,16,5,17,5,15,5,15,6,15,6,16,6,16,7,17,7,16,9,15,9,17,10,17,0,0,10,17,10,17,11,17,11,17,11,17,12,18,12,18,12,18,12,18,13,18,13,19,13,19,12,19,12,20,12,20,13,21,13,21,13,21,12,21,12,21,11,23,10,22,10,23,10,22,9,24,8,24,0,0]"
CSI_DATA: 800,7,160,160,164,160,191,0,-20,-20,74253.823,74255.438,201.793,74735.114,367.39,241.112,"[14,-10,14,-10,13,-11,15,-11,14,-10,14,-10,13,-10,13,-10,13,-9,12,-10,13,-10,13,-11,13,-11,12,-11,13,-10,12,-12,11,-11,11,-11,11,-11,11,-11,12,-11,11,-11,11,-11,10,-12,12,-12,11,-13,0,0,10,-13,10,-14,10,-14,9,-14,10,-14,11,-14,11,-14,10,-14,10,-15,10,-15,11,-16,11,-16,11,-16,11,-17,11,-16,12,-17,12,-17,13,-17,13,-17,14,-16,15,-16,15,-16,16,-16,16,-16,18,-15,18,-15,0,0,15,8,16,7,16,6,16,8,15,8,15,8,15,8,14,8,14,9,14,8,14,8,14,7,13,7,13,6,12,6,14,5,13,4,13,4,13,3,14,4,14,4,15,3,14,4,15,2,16,3,16,2,0,0,16,2,16,3,16,3,16,2,16,3,16,3,16,3,16,3,16,3,16,3,17,3,15,3,15,4,15,4,15,4,16,4,16,4,15,4,15,4,14,5,14,5,14,5,14,6,14,5,13,6,12,6,0,0]"
CSI_DATA: 801,3,162,162,188,161,192,0,-25,-40,74725.617,74729.96,13.516,74899.49,163.935,15.50,"[-15,2,-16,3,-15,3,-17,3,-15,3,-16,3,-15,3,-15,3,-15,3,-15,4,-16,4,-15,5,-16,5,-15,5,-16,5,-15,6,-14,6,-14,6,-14,7,-15,7,-15,7,-14,8,-14,7,-14,8,-15,9,-14,9,0,0,-14,10,-15,10,-16,11,-14,11,-15,11,-15,12,-16,12,-15,12,-15,12,-15,12,-16,14,-16,12,-17,12,-17,13,-17,12,-17,13,-18,13,-18,13,-19,13,-18,12,-20,12,-20,11,-21,11,-21,10,-22,9,-21,9,0,0,-1,-2,-1,-1,-1,-1,-1,0,-1,0,0,1,0,1,1,2,1,2,1,2,2,3,2,3,3,4,3,4,3,4,4,4,4,4,4,4,5,4,5,4,5,4,6,4,5,4,7,3,7,4,8,3,0,0,8,3,8,2,9,2,9,2,9,2,9,2,9,2,9,2,9,2,9,2,10,2,9,2,9,2,9,2,9,3,9,3,9,2,8,3,8,3,8,4,8,4,7,4,6,4,7,4,6,5,6,5,0,0]"
CSI_DATA: 802,4,167,167,187,166,192,0,-34,-30,74722.624,74726.103,57.609,74946.204,211.90,62.205,"[1,1,1,0,1,0,1,-1,0,-1,0,-2,0,-2,0,-2,-1,-3,-1,-3,-2,-3,-2,-3,-3,-4,-3,-3,-3,-3,-4,-3,-4,-3,-5,-3,-6,-2,-6,-3,-7,-3,-7,-2,-8,-2,-9,-1,-10,-1,-10,0,0,0,-11,1,-12,1,-13,2,-13,3,-14,2,-15,3,-16,4,-16,5,-17,6,-17,6,-19,8,-20,7,-20,8,-21,9,-21,9,-23,11,-24,11,-25,12,-26,11,-26,11,-28,11,-29,11,-31,10,-32,11,-32,8,-33,9,0,0,10,4,10,4,10,3,11,3,10,3,11,3,10,3,10,3,10,3,10,2,11,3,11,2,11,2,11,1,11,2,11,1,10,1,10,1,10,0,10,1,10,1,10,0,9,0,9,-2,10,-1,10,-2,0,0,10,-2,10,-3,10,-4,10,-4,10,-4,10,-5,11,-4,10,-5,11,-6,10,-6,11,-7,11,-7,12,-7,13,-8,13,-8,14,-8,14,-9,15,-8,16,-8,17,-7,18,-7,19,-7,19,-7,20,-7,21,-5,21,-4,0,0]"
CSI_DATA: 803,5,179,179,183,178,192,0,-24,-21,74725.663,74729.142,112.187,75008.530,273.416,124.531,"[-12,10,-12,10,-11,11,-12,11,-12,10,-12,10,-12,10,-11,10,-12,10,-11,10,-12,11,-11,11,-12,11,-11,11,-12,10,-11,11,-11,11,-10,10,-11,11,-11,11,-11,10,-10,11,-11,10,-10,12,-11,11,-10,12,0,0,-10,12,-11,12,-11,12,-10,12,-10,12,-11,12,-11,12,-10,11,-11,11,-10,11,-10,12,-11,11,-11,11,-11,11,-11,11,-11,11,-11,11,-11,10,-12,10,-11,10,-12,9,-12,8,-12,9,-11,9,-12,8,-12,8,0,0,-5,-15,-5,-15,-6,-14,-5,-16,-5,-15,-5,-15,-6,-15,-5,-15,-5,-14,-6,-14,-7,-15,-7,-14,-7,-14,-7,-14,-7,-14,-8,-15,-8,-14,-8,-14,-9,-14,-9,-14,-8,-15,-9,-15,-8,-15,-10,-14,-10,-15,-11,-15,0,0,-11,-14,-11,-15,-11,-15,-11,-15,-11,-15,-11,-16,-11,-15,-11,-15,-11,-15,-11,-15,-13,-16,-11,-15,-11,-16,-12,-16,-12,-16,-12,-17,-12,-16,-12,-17,-11,-17,-11,-17,-11,-18,-10,-18,-10,-18,-11,-18,-9,-20,-9,-20,0,0]"
CSI_DATA: 804,6,167,167,173,166,192,0,-22,-18,74728.816,74732.295,157.548,75084.286,349.172,200.287,"[-4,9,-3,10,-3,10,-3,11,-3,10,-3,11,-3,11,-2,11,-3,11,-2,11,-2,12,-2,12,-2,13,-2,12,-2,13,-1,12,-1,12,-1,12,0,13,-1,13,0,13,0,13,0,13,1,13,1,14,1,14,0,0,2,14,2,14,2,15,3,14,2,16,3,16,3,16,3,16,3,16,3,15,3,17,2,16,2,17,3,17,3,17,3,17,2,18,2,18,2,18,1,18,1,18,0,18,-1,18,0,19,-1,18,-2,18,0,0,3,15,4,16,4,15,4,17,4,16,4,16,4,16,4,16,4,17,4,16,4,17,5,17,5,16,5,16,5,16,7,16,7,15,6,15,8,15,8,16,7,16,8,16,8,16,10,15,10,17,12,16,0,0,12,16,11,16,13,17,12,16,13,17,13,17,13,17,13,17,14,17,14,17,15,18,14,18,14,18,15,19,14,19,15,20,14,19,15,20,14,21,14,21,13,22,12,21,12,22,13,22,11,23,10,24,0,0]"
CSI_DATA: 805,7,161,161,165,161,192,0,-20,-20,74643.821,74647.300,211.821,75144.429,409.315,260.430,"[8,-14,7,-14,6,-15,8,-15,7,-15,7,-14,7,-14,6,-14,6,-14,5,-14,6,-15,5,-15,5,-15,5,-15,5,-14,5,-16,4,-15,4,-14,4,-15,4,-15,4,-15,3,-15,4,-15,2,-15,3,-16,2,-16,0,0,1,-16,2,-17,1,-17,1,-17,1,-17,1,-18,1,-18,0,-17,0,-18,0,-18,0,-19,0,-19,0,-19,0,-20,0,-20,0,-21,0,-21,1,-22,1,-22,2,-21,2,-22,3,-22,4,-23,3,-24,6,-23,6,-23,0,0,-17,-6,-17,-6,-17,-5,-18,-7,-17,-6,-17,-7,-17,-7,-16,-7,-16,-7,-15,-7,-16,-7,-15,-6,-15,-6,-14,-5,-14,-5,-15,-4,-14,-3,-14,-3,-14,-2,-15,-2,-15,-3,-15,-2,-15,-3,-15,-1,-16,-2,-17,-1,0,0,-16,-1,-17,-1,-17,-1,-17,-1,-17,-1,-18,-1,-17,-1,-16,-2,-17,-1,-16,-2,-17,-1,-16,-2,-16,-2,-16,-2,-16,-2,-16,-2,-16,-2,-16,-2,-16,-3,-15,-3,-15,-3,-15,-4,-15,-4,-15,-3,-14,-4,-14,-5,0,0]"
CSI_DATA: 806,3,163,163,189,162,193,0,-21,-30,75115.611,75117.237,11.766,75287.71,142.642,13.71,"[16,-7,16,-7,16,-8,17,-8,17,-7,16,-7,16,-7,16,-6,15,-6,16,-7,17,-7,16,-8,16,-7,16,-7,15,-7,16,-8,14,-8,15,-8,15,-8,15,-8,15,-7,15,-8,15,-7,14,-9,15,-8,14,-9,0,0,14,-9,15,-10,14,-10,14,-10,14,-10,15,-10,15,-10,14,-10,14,-10,15,-10,15,-12,15,-10,15,-10,15,-11,15,-11,15,-11,16,-11,16,-11,16,-10,17,-10,17,-9,17,-9,18,-8,18,-9,18,-7,18,-7,0,0,-6,-2,-7,-2,-7,-1,-8,-1,-8,-1,-8,0,-8,0,-8,1,-8,1,-8,2,-9,2,-9,3,-9,3,-9,4,-9,4,-9,5,-9,5,-9,5,-8,6,-9,6,-9,6,-9,7,-9,6,-8,8,-10,8,-9,9,0,0,-9,10,-9,10,-9,10,-8,11,-9,11,-9,11,-9,11,-9,11,-9,13,-9,12,-10,14,-10,12,-10,13,-10,14,-11,14,-11,15,-11,14,-12,14,-13,14,-13,13,-14,13,-14,12,-15,12,-14,12,-16,11,-16,10,0,0]"
CSI_DATA: 807,4,168,168,188,167,193,0,-31,-26,75112.619,75114.244,57.620,75341.783,197.354,67.783,"[2,-8,1,-9,1,-9,1,-10,1,-10,1,-10,1,-10,1,-10,1,-10,0,-11,0,-11,-1,-11,0,-12,-1,-11,0,-12,-2,-12,-2,-11,-2,-11,-3,-12,-3,-12,-3,-12,-4,-13,-3,-12,-5,-12,-5,-14,-6,-13,0,0,-7,-13,-6,-14,-8,-14,-8,-14,-8,-14,-8,-15,-8,-15,-8,-15,-10,-15,-9,-15,-10,-16,-10,-16,-10,-17,-11,-17,-11,-17,-11,-18,-11,-19,-11,-18,-11,-19,-10,-19,-10,-20,-8,-21,-9,-21,-9,-22,-7,-22,-7,-22,0,0,8,-12,7,-13,7,-13,8,-14,7,-14,7,-14,7,-14,7,-14,7,-15,6,-15,7,-16,6,-16,6,-16,6,-16,6,-16,6,-17,5,-16,5,-16,4,-17,4,-17,5,-17,4,-17,4,-17,2,-18,3,-19,2,-19,0,0,1,-19,1,-20,0,-21,0,-20,0,-20,0,-21,0,-22,0,-21,0,-22,0,-22,-1,-24,0,-23,0,-23,0,-24,0,-24,0,-25,-1,-25,0,-25,1,-25,2,-25,3,-25,4,-24,4,-25,4,-25,6,-25,7,-24,0,0]"
CSI_DATA: 808,5,180,180,184,179,193,0,-25,-24,75115.657,75117.283,102.183,75410.799,266.370,136.799,"[14,-14,14,-15,13,-15,15,-15,14,-14,14,-14,14,-14,13,-13,14,-13,13,-13,13,-14,13,-14,13,-14,12,-14,13,-13,12,-14,12,-14,12,-13,11,-14,11,-13,12,-13,11,-13,11,-13,9,-14,11,-15,10,-15,0,0,9,-14,10,-15,10,-15,9,-14,9,-14,9,-15,10,-15,9,-14,9,-15,9,-15,9,-16,9,-15,9,-15,9,-15,9,-15,9,-15,10,-15,9,-15,10,-15,10,-14,11,-14,11,-14,11,-14,10,-14,12,-13,12,-13,0,0,10,-13,9,-14,9,-14,11,-14,10,-14,10,-14,10,-14,9,-14,10,-14,9,-14,10,-15,9,-16,9,-16,9,-16,10,-16,9,-18,8,-17,8,-16,8,-17,9,-17,10,-17,9,-18,10,-17,7,-18,9,-19,8,-20,0,0,8,-19,8,-19,8,-19,7,-19,8,-19,8,-19,8,-19,8,-19,8,-19,7,-19,7,-20,8,-19,7,-19,7,-20,7,-20,7,-21,7,-21,7,-21,7,-21,8,-21,9,-21,8,-21,10,-21,9,-22,11,-22,11,-22,0,0]"
CSI_DATA: 809,6,168,168,174,167,193,0,-23,-17,75118.811,75120.437,157.551,75480.64,335.635,206.64,"[11,1,11,1,11,0,13,0,12,0,12,0,12,0,12,0,12,0,12,-1,13,-1,13,-1,13,-1,13,-1,13,-1,13,-2,13,-2,13,-2,14,-2,14,-2,14,-2,13,-2,13,-2,13,-4,14,-3,14,-4,0,0,14,-4,14,-4,14,-5,14,-5,15,-5,15,-5,15,-5,15,-5,15,-5,15,-6,16,-6,16,-5,15,-6,16,-6,16,-6,17,-6,17,-6,17,-6,17,-5,17,-4,18,-4,17,-4,18,-4,18,-4,19,-3,18,-2,0,0,-7,14,-6,14,-5,14,-6,15,-6,15,-6,15,-6,15,-6,15,-6,15,-5,15,-6,16,-5,16,-5,15,-4,16,-5,15,-3,17,-3,15,-3,16,-2,16,-2,17,-2,17,-1,17,-2,17,0,17,-1,19,1,19,0,0,1,19,1,19,1,20,2,20,2,20,2,20,2,21,2,20,2,21,2,21,2,22,2,22,1,22,2,22,2,23,2,23,2,24,2,24,1,24,1,23,-1,24,-1,23,-2,24,-2,24,-4,24,-4,24,0,0]"
CSI_DATA: 810,7,162,162,166,162,193,0,-20,-20,75033.817,75035.442,201.827,75541.906,397.477,267.906,"[6,13,6,13,7,12,6,14,6,13,6,13,6,13,6,12,6,12,6,12,7,12,7,12,7,12,7,12,7,12,8,12,7,11,7,11,8,11,7,12,7,12,8,11,7,11,9,10,9,11,9,11,0,0,9,10,10,10,10,10,10,10,10,10,11,11,11,11,11,11,11,10,11,10,13,10,12,11,12,11,13,11,13,11,13,11,14,12,13,12,13,13,13,13,12,14,12,15,12,15,13,16,11,16,11,17,0,0,14,-11,14,-11,14,-12,16,-12,15,-11,15,-11,14,-11,14,-10,14,-10,13,-10,14,-10,13,-10,13,-10,12,-10,12,-9,11,-11,10,-11,10,-11,9,-12,10,-12,10,-11,9,-12,10,-12,9,-13,10,-13,10,-14,0,0,9,-14,10,-14,9,-15,9,-15,10,-14,10,-14,10,-14,10,-13,10,-14,10,-13,10,-14,10,-13,10,-13,10,-13,10,-13,10,-13,10,-13,10,-13,10,-12,10,-12,10,-11,10,-11,10,-10,10,-11,11,-10,11,-10,0,0]"
CSI_DATA: 811,4,169,169,189,168,194,0,-29,-31,75502.600,75504.223,57.632,75723.08,181.102,59.08,"[13,-1,13,-1,13,-2,15,-1,14,-2,14,-1,14,-1,14,-1,15,-2,14,-2,15,-3,15,-4,15,-4,15,-4,15,-4,15,-6,14,-6,14,-5,15,-7,15,-6,15,-7,15,-8,15,-7,14,-10,15,-10,15,-12,0,0,15,-12,16,-13,16,-14,15,-14,16,-15,17,-15,17,-15,17,-15,17,-16,17,-17,17,-19,18,-18,18,-18,20,-19,19,-19,20,-20,21,-20,22,-19,22,-18,23,-18,25,-17,25,-16,26,-17,26,-18,27,-16,27,-15,0,0,14,-2,14,-2,14,-3,16,-2,14,-2,15,-2,14,-2,14,-2,14,-1,13,-2,15,-2,15,-2,15,-2,14,-2,15,-1,15,-2,14,-2,13,-1,14,-1,14,-1,14,0,13,0,13,0,13,-1,14,-1,14,-1,0,0,13,-1,13,-1,13,-1,12,0,12,0,13,0,12,0,12,0,11,0,11,-1,11,-1,11,0,10,0,11,-1,10,-1,11,-1,10,-1,10,-2,10,-1,10,-1,11,-1,10,-1,10,-1,11,-2,11,-1,11,-1,0,0]"
CSI_DATA: 812,5,181,181,185,180,194,0,-26,-20,75505.638,75507.261,102.210,75778.225,236.319,114.225,"[6,20,6,21,7,20,6,22,6,21,6,21,5,21,5,20,5,20,5,20,6,21,6,20,6,21,6,20,5,20,7,20,6,19,6,19,6,19,5,20,5,20,5,19,5,18,7,18,6,20,7,19,0,0,7,18,7,18,7,18,7,18,7,18,6,19,7,19,6,18,6,18,7,17,8,18,7,17,7,17,7,18,7,17,7,18,7,19,7,18,6,18,5,18,5,18,5,18,5,19,6,19,4,18,4,18,0,0,3,-15,2,-16,1,-15,2,-16,2,-15,2,-16,2,-16,2,-16,2,-15,1,-15,1,-16,0,-16,0,-16,0,-16,1,-17,-1,-18,-2,-17,-1,-16,-2,-17,-1,-18,-1,-18,-2,-18,-1,-17,-3,-18,-2,-19,-3,-19,0,0,-4,-19,-3,-19,-4,-20,-4,-19,-4,-20,-4,-20,-4,-20,-4,-19,-4,-20,-5,-19,-6,-21,-4,-20,-5,-21,-5,-21,-5,-21,-6,-22,-6,-22,-5,-23,-5,-23,-4,-23,-4,-24,-3,-23,-2,-23,-3,-24,-1,-24,0,-25,0,0]"
CSI_DATA: 813,6,169,169,175,168,194,0,-21,-18,75508.793,75510.415,157.555,75841.772,299.866,177.772,"[0,-12,0,-12,-1,-12,0,-13,-1,-13,-1,-12,-2,-12,-2,-12,-2,-12,-2,-12,-2,-13,-3,-13,-3,-13,-3,-13,-3,-13,-4,-13,-4,-12,-4,-12,-4,-12,-4,-13,-4,-13,-5,-12,-5,-13,-6,-12,-6,-14,-7,-13,0,0,-7,-13,-7,-14,-7,-13,-8,-13,-8,-14,-8,-14,-8,-14,-8,-14,-8,-14,-9,-14,-9,-15,-8,-15,-8,-15,-8,-15,-9,-15,-9,-16,-9,-17,-8,-16,-8,-16,-8,-16,-7,-17,-6,-17,-6,-18,-6,-18,-5,-18,-5,-17,0,0,-1,-16,-2,-17,-3,-16,-2,-18,-2,-17,-2,-18,-2,-18,-2,-18,-2,-18,-2,-17,-2,-19,-3,-18,-3,-18,-3,-18,-2,-18,-5,-18,-5,-17,-5,-17,-5,-18,-6,-18,-5,-18,-6,-18,-5,-18,-8,-18,-7,-19,-9,-19,0,0,-9,-19,-9,-20,-10,-20,-9,-19,-10,-20,-10,-21,-10,-21,-10,-20,-10,-21,-10,-21,-11,-22,-10,-21,-9,-22,-10,-22,-10,-22,-10,-23,-10,-22,-10,-23,-10,-23,-9,-23,-8,-25,-8,-23,-7,-24,-7,-24,-5,-25,-5,-25,0,0]"
CSI_DATA: 814,3,164,164,190,163,195,0,-20,-37,75895.613,75897.265,11.801,76067.207,225.435,13.207,"[10,-8,10,-9,10,-9,11,-9,10,-9,10,-9,10,-9,10,-9,10,-9,9,-9,10,-10,9,-10,10,-10,9,-10,10,-10,9,-11,8,-10,8,-10,8,-11,9,-10,9,-10,9,-11,9,-10,8,-12,9,-12,8,-12,0,0,8,-12,8,-13,8,-13,7,-13,8,-13,9,-13,9,-13,8,-13,8,-13,8,-13,8,-15,9,-14,9,-14,9,-14,9,-14,9,-15,9,-15,10,-15,10,-15,11,-14,11,-14,12,-14,12,-13,12,-14,13,-13,13,-13,0,0,2,4,2,4,3,4,3,3,3,3,3,3,3,3,3,3,3,2,3,2,3,1,4,1,4,0,4,0,4,1,5,0,4,0,5,0,4,0,5,0,5,0,5,-1,5,-1,5,-2,6,-1,6,-2,0,0,7,-2,7,-2,7,-3,7,-4,7,-3,8,-4,8,-4,8,-4,9,-5,10,-5,10,-6,10,-5,10,-6,11,-6,13,-7,13,-7,13,-8,14,-7,15,-7,15,-7,16,-7,15,-7,17,-7,16,-7,18,-6,18,-6,0,0]"
CSI_DATA: 815,4,170,170,190,169,195,0,-32,-38,75892.622,75894.274,57.610,76116.934,275.162,62.934,"[-5,-6,-5,-7,-5,-7,-5,-8,-5,-8,-6,-8,-5,-8,-5,-8,-6,-9,-6,-9,-6,-9,-7,-9,-7,-10,-7,-10,-7,-10,-8,-10,-8,-9,-8,-9,-9,-9,-9,-10,-9,-10,-10,-9,-10,-10,-11,-9,-12,-10,-13,-9,0,0,-14,-8,-14,-9,-15,-9,-15,-8,-16,-9,-17,-9,-17,-9,-18,-8,-19,-9,-19,-8,-20,-8,-20,-9,-21,-9,-22,-9,-22,-9,-24,-9,-24,-9,-24,-10,-24,-11,-24,-11,-25,-12,-24,-13,-25,-13,-26,-13,-25,-15,-25,-16,0,0,16,9,16,8,16,7,17,8,16,8,16,8,15,7,15,7,15,7,15,5,16,6,15,5,14,5,14,4,13,5,14,4,12,3,12,4,11,3,11,3,11,4,10,3,9,3,9,2,9,2,8,2,0,0,6,2,6,1,5,1,4,1,3,1,2,1,1,1,0,0,0,0,-1,0,-2,0,-3,0,-4,-1,-5,-2,-6,-2,-7,-2,-9,-2,-9,-3,-10,-4,-10,-5,-11,-6,-11,-6,-13,-7,-13,-7,-13,-9,-14,-10,0,0]"
CSI_DATA: 816,5,182,182,186,181,195,0,-27,-22,75895.660,75897.312,102.189,76182.70,340.298,128.70,"[-23,6,-23,6,-22,6,-24,5,-23,5,-23,5,-23,4,-22,4,-22,4,-21,4,-23,4,-22,4,-22,4,-22,5,-21,3,-22,5,-20,4,-20,4,-19,5,-20,4,-20,3,-19,4,-19,3,-19,5,-19,5,-19,6,0,0,-18,5,-19,6,-18,6,-18,6,-17,6,-18,6,-18,6,-17,6,-17,7,-17,7,-17,8,-17,7,-17,7,-17,7,-18,8,-18,8,-18,8,-18,8,-18,7,-19,7,-19,6,-19,6,-19,6,-20,7,-20,5,-20,5,0,0,-11,9,-10,9,-10,9,-11,10,-11,9,-11,9,-10,10,-10,9,-10,10,-9,10,-10,11,-9,11,-9,11,-9,11,-9,11,-9,13,-8,12,-9,12,-8,12,-9,12,-10,12,-9,13,-9,12,-7,13,-9,14,-8,14,0,0,-8,14,-8,15,-7,15,-7,15,-7,15,-7,15,-7,15,-7,16,-7,16,-6,16,-6,18,-7,17,-7,17,-7,18,-7,19,-7,19,-7,20,-8,19,-9,19,-9,19,-11,20,-11,19,-12,20,-11,20,-14,19,-14,19,0,0]"
CSI_DATA: 817,6,170,170,176,169,195,0,-22,-18,75898.815,75900.467,157.544,76247.700,405.928,193.700,"[-2,-13,-2,-13,-3,-13,-2,-14,-3,-14,-3,-13,-3,-14,-3,-13,-4,-13,-4,-13,-4,-14,-5,-14,-4,-14,-5,-14,-4,-14,-6,-14,-6,-13,-6,-13,-6,-13,-6,-14,-6,-14,-7,-13,-6,-13,-8,-13,-8,-14,-8,-14,0,0,-8,-13,-9,-14,-9,-14,-9,-14,-9,-14,-9,-15,-9,-15,-9,-14,-10,-15,-10,-15,-11,-16,-10,-16,-10,-16,-10,-16,-10,-16,-10,-16,-10,-17,-10,-17,-9,-18,-8,-17,-8,-18,-7,-19,-7,-19,-7,-19,-6,-19,-6,-19,0,0,13,2,13,2,13,1,15,2,14,2,14,2,14,2,14,2,14,2,14,1,15,1,15,0,15,0,14,0,15,0,15,-2,14,-2,14,-2,15,-3,15,-2,16,-2,15,-3,15,-4,15,-6,17,-5,17,-7,0,0,17,-7,18,-7,18,-7,18,-7,18,-7,19,-8,19,-7,19,-8,20,-8,19,-9,20,-10,20,-9,20,-9,21,-9,21,-9,22,-9,22,-9,22,-9,23,-8,22,-7,24,-7,23,-6,24,-6,24,-7,25,-5,24,-4,0,0]"
CSI_DATA: 818,7,163,163,167,163,195,0,-20,-20,75423.799,75815.473,591.835,76316.704,474.932,262.704,"[15,1,15,1,15,0,16,1,15,1,15,1,14,1,14,1,14,1,14,0,15,0,15,-1,15,0,14,-1,14,0,15,-2,14,-2,14,-1,14,-2,14,-1,14,-1,14,-2,14,-1,14,-3,15,-3,15,-4,0,0,14,-4,15,-4,15,-5,15,-5,15,-5,15,-5,16,-5,16,-5,16,-6,16,-6,17,-7,17,-6,17,-6,18,-6,18,-6,19,-7,19,-6,20,-6,20,-6,20,-5,21,-4,21,-4,22,-4,22,-4,22,-2,23,-1,0,0,-9,-17,-9,-17,-10,-16,-10,-18,-9,-17,-9,-17,-9,-17,-8,-16,-8,-16,-8,-15,-8,-16,-9,-15,-8,-14,-8,-13,-8,-13,-9,-13,-10,-12,-9,-12,-10,-11,-10,-12,-10,-13,-11,-12,-10,-12,-12,-11,-12,-12,-13,-12,0,0,-13,-12,-13,-13,-13,-13,-13,-12,-12,-13,-12,-13,-12,-13,-12,-13,-12,-14,-12,-13,-13,-13,-12,-13,-11,-13,-11,-13,-11,-14,-11,-14,-11,-13,-10,-13,-10,-14,-9,-13,-9,-14,-8,-13,-8,-13,-8,-13,-7,-13,-7,-13,0,0]"
CSI_DATA: 819,4,171,171,191,170,196,0,-33,-36,76282.952,76284.235,57.598,76503.738,187.34,59.739,"[-4,-6,-4,-6,-5,-5,-5,-5,-6,-5,-6,-4,-6,-4,-6,-4,-7,-3,-7,-3,-7,-3,-8,-2,-8,-2,-8,-1,-8,-1,-8,0,-8,0,-8,0,-8,1,-9,1,-9,1,-9,2,-9,2,-9,4,-10,4,-10,4,0,0,-10,5,-11,6,-11,7,-10,6,-11,7,-11,7,-12,8,-12,8,-12,8,-12,8,-13,9,-13,9,-13,9,-14,10,-13,9,-14,10,-15,10,-14,10,-15,9,-15,9,-17,8,-17,8,-17,8,-17,9,-18,7,-18,6,0,0,-20,5,-20,6,-18,7,-21,6,-19,6,-19,7,-19,6,-18,6,-18,7,-17,7,-18,9,-17,9,-17,9,-16,9,-17,8,-16,10,-15,10,-15,9,-14,10,-15,10,-15,9,-15,10,-14,9,-12,12,-14,11,-14,12,0,0,-13,12,-13,12,-13,12,-12,12,-13,12,-14,12,-13,11,-13,11,-14,12,-13,12,-13,13,-13,11,-14,11,-14,11,-14,12,-15,12,-15,11,-16,11,-16,9,-17,9,-18,8,-17,7,-18,7,-19,8,-19,7,-20,6,0,0]"
CSI_DATA: 820,5,183,183,187,182,196,0,-24,-20,76285.990,76287.273,102.185,76559.87,242.383,115.88,"[-13,-10,-13,-11,-13,-9,-13,-11,-13,-10,-13,-10,-12,-10,-12,-10,-12,-10,-12,-9,-13,-9,-13,-9,-13,-9,-13,-9,-13,-9,-13,-8,-13,-7,-13,-7,-13,-7,-13,-8,-13,-8,-13,-7,-13,-7,-14,-6,-15,-7,-15,-6,0,0,-15,-6,-15,-6,-16,-5,-15,-5,-16,-6,-16,-6,-16,-6,-16,-6,-16,-5,-16,-5,-17,-5,-17,-6,-17,-6,-17,-6,-17,-6,-18,-6,-18,-7,-18,-7,-17,-8,-17,-8,-16,-9,-16,-10,-16,-10,-17,-10,-16,-11,-15,-11,0,0,4,-17,4,-17,2,-17,3,-18,3,-17,3,-17,3,-17,3,-17,2,-17,2,-17,2,-18,1,-18,0,-18,0,-17,1,-18,-1,-19,-2,-18,-1,-18,-2,-18,-2,-19,-1,-19,-2,-19,-1,-19,-4,-19,-3,-20,-4,-20,0,0,-4,-20,-5,-20,-5,-21,-6,-20,-5,-21,-5,-21,-5,-21,-5,-21,-6,-22,-7,-21,-8,-23,-7,-22,-7,-22,-7,-23,-8,-24,-8,-24,-8,-24,-8,-25,-7,-25,-6,-25,-5,-27,-5,-26,-4,-27,-5,-27,-2,-28,-1,-28,0,0]"
CSI_DATA: 821,6,171,171,177,170,196,0,-25,-18,76289.145,76290.428,157.548,76632.601,315.897,188.602,"[9,5,10,5,10,4,11,5,10,4,10,4,10,4,10,4,10,4,10,3,11,3,11,2,11,2,12,2,11,2,12,1,12,1,12,1,12,0,12,0,12,1,13,0,13,0,13,-2,14,-2,14,-2,0,0,14,-2,15,-2,15,-3,15,-3,16,-3,16,-2,16,-2,16,-3,17,-3,16,-3,17,-4,17,-3,17,-4,18,-3,18,-3,19,-3,19,-3,19,-3,19,-2,19,-1,19,0,19,0,20,0,20,0,20,2,20,2,0,0,-1,-15,-2,-16,-3,-15,-2,-17,-2,-16,-2,-16,-2,-16,-2,-16,-2,-16,-2,-16,-3,-17,-3,-17,-4,-17,-4,-16,-3,-17,-5,-17,-6,-16,-5,-16,-6,-16,-6,-17,-5,-17,-7,-17,-6,-16,-8,-16,-8,-18,-9,-17,0,0,-9,-17,-10,-17,-11,-18,-10,-17,-11,-18,-11,-18,-11,-18,-11,-18,-11,-18,-12,-18,-13,-19,-12,-19,-12,-19,-13,-20,-12,-19,-13,-21,-13,-20,-13,-21,-12,-21,-11,-21,-11,-23,-11,-22,-10,-23,-11,-23,-10,-24,-9,-24,0,0]"
CSI_DATA: 822,7,164,164,168,164,196,0,-20,-21,76204.152,76205.435,201.827,76701.481,384.777,257.482,"[9,-14,8,-14,7,-14,9,-15,8,-14,8,-14,8,-14,7,-13,7,-13,7,-13,7,-14,7,-14,7,-14,6,-14,7,-14,6,-14,5,-14,5,-13,5,-14,5,-14,6,-14,5,-14,5,-13,3,-15,4,-15,4,-15,0,0,3,-15,3,-16,2,-16,2,-16,2,-16,2,-17,2,-17,2,-17,2,-17,2,-17,1,-18,2,-18,2,-18,2,-19,2,-19,2,-20,2,-20,2,-20,3,-20,4,-20,5,-21,5,-21,5,-21,6,-22,7,-21,8,-21,0,0,18,-8,18,-8,17,-8,20,-8,18,-7,19,-7,18,-6,18,-6,18,-5,16,-6,17,-6,16,-6,16,-7,14,-7,15,-6,14,-9,13,-9,13,-9,13,-10,14,-9,15,-9,14,-10,14,-9,13,-12,15,-12,15,-13,0,0,15,-12,15,-12,15,-13,14,-12,15,-12,16,-12,16,-11,16,-11,15,-12,15,-11,16,-13,15,-11,15,-11,16,-11,15,-11,16,-11,15,-10,15,-10,15,-10,15,-9,15,-9,15,-8,15,-7,15,-9,15,-8,15,-7,0,0]"
CSI_DATA: 823,3,165,165,192,164,197,0,-20,-36,76675.621,76677.262,11.690,76847.269,145.788,13.269,"[14,-3,14,-4,14,-4,15,-4,14,-4,14,-3,14,-4,13,-4,14,-4,14,-4,15,-4,14,-5,14,-5,13,-5,14,-5,14,-6,13,-6,13,-5,13,-6,13,-6,14,-6,13,-6,13,-6,13,-7,14,-7,13,-8,0,0,13,-9,13,-8,14,-9,13,-9,14,-9,14,-9,14,-9,14,-9,14,-10,14,-9,15,-10,15,-9,15,-10,16,-11,15,-10,16,-11,16,-11,16,-11,16,-10,16,-9,18,-9,18,-8,19,-8,19,-8,19,-7,19,-7,0,0,5,1,6,1,6,0,7,1,7,1,7,1,7,2,7,2,7,2,8,2,8,2,8,2,8,2,8,2,8,2,8,1,8,1,8,2,8,1,8,1,8,2,9,1,8,1,9,0,9,1,9,0,0,0,10,0,9,0,10,-1,10,-1,10,-1,10,-1,10,-1,10,-1,11,-2,10,-2,11,-3,11,-2,11,-3,12,-3,12,-4,13,-4,13,-3,13,-4,14,-4,14,-3,14,-3,14,-3,15,-2,15,-3,16,-2,16,-1,0,0]"
CSI_DATA: 824,5,184,184,188,183,197,0,-28,-19,76675.670,76677.310,102.193,76937.502,236.21,103.502,"[-8,18,-7,19,-6,19,-7,20,-7,19,-8,18,-7,18,-7,17,-7,17,-6,17,-7,18,-6,18,-6,18,-6,17,-6,17,-5,18,-5,17,-5,16,-5,18,-5,18,-5,17,-4,17,-5,16,-4,17,-5,18,-4,18,0,0,-3,17,-4,18,-3,18,-3,17,-3,18,-3,18,-3,18,-3,18,-3,18,-3,17,-3,18,-4,17,-5,17,-4,18,-4,17,-4,18,-4,17,-4,18,-5,17,-5,16,-6,16,-6,16,-6,16,-6,16,-7,15,-7,15,0,0,4,13,4,13,5,12,5,14,5,13,5,14,5,13,5,13,5,13,5,12,6,13,7,13,7,13,7,13,7,13,8,13,8,13,8,12,9,13,8,13,8,14,9,13,8,13,10,13,10,14,11,14,0,0,11,14,11,14,12,14,12,13,12,14,12,15,11,15,12,14,12,15,12,14,13,15,12,15,12,15,13,16,12,16,13,17,12,16,12,17,11,18,11,18,10,18,10,18,9,18,10,18,9,19,8,20,0,0]"
CSI_DATA: 825,7,165,165,169,165,197,0,-21,-21,76593.833,76595.473,201.822,77040.490,339.09,206.490,"[6,-17,6,-18,5,-17,7,-19,6,-17,6,-17,6,-17,6,-16,6,-16,5,-15,6,-16,5,-16,6,-16,5,-16,5,-16,4,-17,4,-16,4,-15,4,-16,4,-16,4,-16,3,-16,4,-15,3,-16,4,-17,3,-16,0,0,2,-16,2,-16,2,-18,1,-16,2,-17,1,-17,1,-17,1,-17,1,-17,1,-16,0,-18,1,-18,1,-18,0,-19,0,-18,0,-19,0,-19,0,-20,1,-20,1,-20,2,-20,2,-21,3,-21,3,-22,4,-21,5,-22,0,0,-16,-8,-17,-8,-17,-7,-18,-9,-17,-9,-17,-9,-16,-9,-16,-9,-16,-10,-15,-8,-15,-9,-15,-8,-15,-8,-14,-7,-14,-7,-14,-5,-14,-5,-14,-5,-15,-4,-15,-4,-15,-5,-16,-4,-15,-4,-16,-2,-17,-3,-18,-3,0,0,-17,-3,-17,-3,-18,-3,-17,-3,-18,-3,-18,-4,-18,-4,-17,-4,-18,-4,-17,-4,-18,-4,-17,-4,-17,-4,-17,-5,-16,-5,-17,-5,-16,-4,-16,-5,-15,-5,-14,-6,-14,-6,-14,-6,-13,-6,-14,-5,-13,-6,-12,-6,0,0]"
CSI_DATA: 826,3,166,166,193,165,198,0,-22,-27,77065.630,77067.209,11.182,77239.597,199.107,15.599,"[0,15,0,15,1,14,0,16,0,15,0,16,0,15,0,14,0,15,0,14,1,15,1,15,1,15,1,14,0,15,2,14,2,14,2,14,3,14,2,14,2,14,2,14,2,13,4,14,3,15,4,15,0,0,4,14,4,14,5,14,5,14,5,15,5,15,5,15,5,15,5,15,6,15,6,15,6,15,6,15,6,16,6,15,7,17,7,17,7,17,6,17,5,18,5,19,5,19,4,19,5,20,3,21,2,21,0,0,-9,-12,-9,-12,-9,-11,-10,-13,-9,-12,-10,-13,-9,-12,-9,-12,-9,-12,-9,-11,-10,-13,-10,-12,-10,-12,-9,-11,-9,-12,-11,-11,-10,-10,-10,-11,-11,-11,-10,-11,-10,-11,-11,-10,-11,-11,-12,-10,-12,-11,-13,-10,0,0,-12,-10,-12,-10,-13,-10,-13,-9,-13,-10,-13,-10,-14,-10,-13,-10,-14,-10,-14,-10,-16,-10,-14,-10,-15,-10,-15,-11,-16,-10,-17,-10,-16,-10,-17,-11,-17,-11,-16,-12,-17,-13,-16,-13,-16,-13,-17,-14,-16,-15,-17,-15,0,0]"
CSI_DATA: 827,4,172,172,192,171,198,0,-29,-33,76672.632,77064.221,56.945,77296.735,256.245,72.737,"[-4,-11,-5,-12,-5,-10,-6,-12,-5,-10,-6,-11,-6,-10,-6,-10,-6,-10,-6,-10,-7,-11,-7,-10,-8,-10,-8,-10,-8,-10,-8,-10,-9,-9,-8,-9,-10,-8,-9,-8,-10,-9,-10,-8,-10,-8,-11,-7,-12,-8,-12,-7,0,0,-13,-7,-13,-7,-14,-7,-13,-6,-14,-6,-15,-6,-15,-6,-15,-6,-16,-7,-15,-6,-17,-7,-16,-7,-16,-8,-18,-8,-16,-8,-18,-9,-17,-8,-18,-9,-17,-10,-16,-10,-16,-11,-16,-11,-16,-12,-16,-13,-14,-14,-14,-14,0,0,1,4,0,4,0,4,-1,4,-1,4,-1,4,-2,4,-2,4,-2,5,-3,5,-3,5,-3,6,-4,6,-4,6,-4,6,-4,7,-4,7,-5,7,-5,8,-5,8,-6,9,-5,9,-6,9,-5,11,-6,11,-5,12,0,0,-5,13,-5,13,-6,14,-5,14,-6,14,-6,15,-6,15,-6,15,-6,16,-5,16,-5,18,-5,16,-6,17,-6,18,-5,18,-5,19,-6,18,-5,19,-6,19,-6,18,-6,19,-6,18,-7,18,-6,19,-7,19,-7,19,0,0]"
CSI_DATA: 828,5,185,185,189,184,198,0,-34,-20,77065.680,77067.259,101.622,77364.103,323.613,140.105,"[12,-9,13,-10,12,-10,14,-10,12,-10,13,-10,12,-10,12,-9,11,-9,10,-10,11,-11,10,-11,11,-11,10,-12,11,-12,10,-12,9,-12,9,-11,9,-13,10,-12,10,-13,9,-13,9,-12,8,-14,9,-14,9,-15,0,0,8,-14,8,-15,8,-16,7,-15,8,-16,8,-16,9,-16,8,-16,8,-16,8,-16,8,-17,8,-17,8,-17,9,-17,9,-15,10,-17,10,-16,10,-16,10,-15,11,-14,11,-14,12,-14,12,-13,12,-14,12,-12,12,-11,0,0,15,-2,15,-2,14,-3,16,-2,15,-2,15,-3,15,-3,15,-3,15,-3,14,-3,16,-4,15,-5,16,-5,15,-5,16,-4,16,-6,15,-6,16,-6,16,-7,16,-6,16,-6,16,-6,16,-6,16,-8,17,-8,17,-9,0,0,17,-9,17,-8,18,-9,17,-10,18,-9,18,-9,18,-9,18,-9,18,-10,18,-10,19,-12,18,-10,18,-10,19,-11,19,-11,20,-12,21,-11,21,-11,22,-10,22,-10,23,-9,22,-8,23,-8,24,-8,24,-6,25,-6,0,0]"
CSI_DATA: 829,6,172,172,179,171,198,0,-20,-19,77068.835,77070.414,156.986,77432.361,391.871,208.363,"[-10,-6,-10,-5,-10,-5,-11,-5,-11,-5,-11,-5,-11,-5,-11,-5,-11,-4,-11,-3,-12,-4,-12,-3,-13,-3,-13,-2,-13,-3,-13,-2,-13,-2,-13,-2,-14,-1,-13,-2,-14,-3,-14,-1,-14,-2,-14,0,-15,-1,-16,0,0,0,-16,0,-16,0,-17,0,-16,1,-17,0,-17,0,-17,0,-17,0,-17,0,-17,0,-18,1,-18,0,-18,0,-19,0,-18,0,-19,0,-19,0,-19,-1,-19,-2,-19,-2,-19,-3,-19,-3,-19,-4,-20,-3,-19,-4,-20,-5,0,0,12,-9,12,-9,11,-9,13,-10,12,-9,12,-10,12,-10,12,-10,12,-10,11,-10,12,-11,11,-12,11,-12,10,-12,12,-11,10,-13,10,-13,10,-13,9,-14,10,-14,10,-14,10,-15,10,-15,7,-17,9,-17,8,-19,0,0,9,-18,8,-19,8,-20,8,-20,9,-21,10,-21,9,-21,10,-21,9,-22,9,-23,9,-24,9,-23,10,-23,11,-23,11,-23,11,-25,11,-24,12,-25,14,-24,14,-23,15,-23,15,-22,15,-22,15,-23,17,-22,17,-22,0,0]"
CSI_DATA: 830,7,166,166,170,166,198,0,-18,-20,76983.843,76985.422,201.267,77502.915,462.425,278.917,"[15,-10,14,-11,13,-11,15,-11,14,-10,14,-10,14,-10,13,-9,13,-9,12,-9,13,-10,13,-10,12,-10,12,-10,12,-10,12,-11,11,-11,10,-10,10,-11,11,-10,11,-10,10,-11,10,-10,9,-11,10,-12,9,-12,0,0,9,-12,9,-12,8,-13,8,-13,9,-13,8,-14,9,-14,8,-14,8,-14,8,-14,8,-15,9,-15,8,-15,9,-16,9,-15,9,-17,9,-17,10,-17,10,-17,11,-16,12,-16,12,-16,12,-16,13,-17,14,-16,15,-16,0,0,-17,-3,-17,-3,-17,-2,-18,-3,-18,-4,-17,-4,-17,-4,-16,-4,-17,-4,-16,-4,-17,-4,-16,-3,-16,-3,-15,-3,-15,-3,-15,-1,-15,0,-15,-1,-15,0,-16,0,-16,-1,-16,0,-16,0,-16,2,-17,1,-17,2,0,0,-17,1,-17,1,-18,2,-17,2,-18,1,-18,1,-18,1,-18,0,-18,1,-17,1,-18,1,-17,0,-17,0,-17,-1,-17,0,-18,0,-18,0,-17,-1,-17,-1,-16,-2,-17,-2,-16,-2,-16,-3,-16,-2,-15,-4,-15,-4,0,0]"
CSI_DATA: 831,3,167,167,194,166,199,0,-24,-28,77455.600,77457.216,11.762,77627.213,124.298,13.213,"[-11,-3,-11,-2,-11,-1,-12,-2,-12,-1,-12,-2,-12,-1,-11,-1,-11,-1,-11,0,-12,0,-12,0,-12,0,-12,0,-12,0,-12,1,-12,1,-11,1,-12,2,-12,2,-12,1,-12,2,-12,2,-12,3,-13,3,-13,4,0,0,-13,4,-13,4,-14,5,-13,5,-13,5,-14,5,-14,5,-14,5,-14,6,-14,6,-15,7,-15,6,-15,6,-16,7,-15,6,-17,7,-17,7,-17,7,-18,6,-18,6,-19,5,-19,4,-20,4,-21,5,-21,3,-21,2,0,0,9,-13,8,-13,7,-13,9,-14,8,-13,9,-14,8,-14,8,-14,8,-13,8,-14,8,-15,8,-15,8,-15,7,-15,8,-15,7,-16,6,-16,7,-15,6,-16,7,-16,7,-16,6,-16,6,-16,5,-17,6,-18,5,-18,0,0,4,-18,5,-18,4,-19,4,-18,4,-19,4,-19,4,-19,4,-19,3,-20,3,-19,3,-21,3,-20,3,-20,3,-21,3,-22,3,-23,2,-22,3,-23,4,-24,4,-23,6,-24,6,-23,6,-24,6,-25,8,-24,9,-24,0,0]"
CSI_DATA: 832,4,173,173,193,172,199,0,-22,-32,77452.612,77454.229,57.608,77681.714,178.799,67.714,"[0,-14,0,-14,-1,-14,-1,-15,-1,-14,-1,-14,-2,-14,-1,-14,-2,-14,-2,-13,-2,-14,-2,-14,-2,-14,-2,-14,-2,-14,-3,-14,-3,-13,-3,-13,-4,-13,-4,-13,-4,-13,-4,-13,-3,-13,-5,-13,-5,-14,-5,-13,0,0,-6,-13,-6,-14,-7,-14,-6,-13,-6,-14,-6,-14,-6,-14,-6,-14,-6,-14,-6,-14,-7,-15,-6,-15,-6,-15,-6,-15,-6,-15,-7,-15,-6,-16,-6,-16,-5,-16,-4,-16,-4,-16,-4,-16,-3,-16,-3,-16,-1,-16,-1,-16,0,0,-1,-1,0,-1,0,0,0,0,0,0,1,1,1,1,1,1,2,2,2,2,3,3,4,3,4,3,4,3,4,4,6,4,6,4,6,4,7,4,7,5,8,5,8,5,8,6,10,5,11,6,11,5,0,0,12,6,13,6,13,6,14,6,14,6,15,7,15,7,15,7,16,7,16,7,17,7,16,7,16,7,16,7,17,7,17,7,18,7,17,8,17,8,17,8,17,9,16,8,16,8,17,8,16,9,16,9,0,0]"
CSI_DATA: 833,5,186,186,190,185,199,0,-35,-20,77455.649,77457.266,102.196,77744.358,241.443,130.358,"[-3,2,-3,2,-3,3,-4,3,-3,3,-4,3,-3,3,-3,3,-3,4,-3,4,-3,4,-2,4,-3,5,-2,5,-2,6,-1,6,0,6,0,6,0,7,0,8,1,8,2,9,2,9,3,9,3,10,4,11,0,0,5,11,5,12,6,13,7,12,7,14,7,14,7,14,8,14,9,15,9,14,10,16,10,17,11,17,11,18,11,17,12,18,12,19,12,19,11,19,10,19,10,20,9,21,9,21,10,21,8,21,8,20,0,0,0,14,0,14,1,14,0,15,1,14,0,15,1,15,0,14,1,15,1,14,1,15,2,15,2,15,2,15,1,15,3,16,3,15,3,15,4,15,3,15,3,15,3,15,3,15,5,15,4,16,5,16,0,0,5,16,5,16,6,16,6,16,6,16,5,16,6,16,6,16,6,16,6,16,7,17,6,16,6,16,7,17,7,17,8,18,7,18,7,18,7,18,6,18,6,19,5,18,5,19,6,20,4,20,3,20,0,0]"
CSI_DATA: 834,7,167,167,171,167,199,0,-20,-20,77373.814,77375.430,201.848,77817.259,314.344,203.259,"[-15,-10,-15,-10,-15,-8,-16,-11,-15,-9,-15,-10,-14,-10,-13,-9,-13,-10,-13,-9,-14,-9,-14,-9,-14,-9,-13,-9,-13,-9,-13,-8,-13,-8,-12,-7,-13,-7,-13,-8,-13,-8,-13,-7,-12,-7,-13,-6,-14,-7,-14,-6,0,0,-14,-6,-13,-6,-14,-6,-13,-5,-14,-6,-14,-6,-14,-6,-13,-5,-14,-5,-13,-5,-15,-5,-14,-5,-14,-5,-15,-5,-14,-5,-15,-5,-15,-5,-16,-5,-15,-5,-15,-6,-15,-6,-15,-7,-15,-7,-16,-6,-15,-8,-15,-8,0,0,-10,13,-10,13,-9,13,-11,14,-11,13,-11,13,-11,13,-11,12,-11,12,-10,11,-11,13,-10,12,-10,12,-9,12,-9,11,-8,13,-8,12,-8,12,-7,13,-8,13,-8,13,-8,14,-8,13,-7,14,-8,15,-7,15,0,0,-7,15,-8,15,-8,15,-8,15,-8,15,-9,15,-9,15,-8,15,-8,15,-8,15,-8,16,-9,14,-9,14,-9,14,-9,14,-9,15,-9,14,-9,14,-10,13,-9,13,-10,13,-10,11,-10,11,-10,12,-11,11,-11,11,0,0]"
CSI_DATA: 835,3,168,168,195,167,200,0,-24,-30,77845.569,77847.248,11.818,78017.143,199.884,13.145,"[-10,6,-10,6,-9,7,-10,7,-10,7,-10,7,-9,7,-9,7,-9,8,-9,8,-9,9,-9,9,-9,9,-9,9,-9,9,-8,10,-8,9,-8,10,-7,10,-8,10,-8,10,-8,11,-8,10,-6,11,-7,12,-7,12,0,0,-6,13,-7,13,-7,14,-6,13,-7,14,-7,14,-7,14,-7,15,-7,15,-7,15,-7,16,-7,15,-8,15,-8,16,-8,16,-8,17,-8,17,-8,17,-9,16,-9,15,-10,16,-11,15,-11,16,-11,16,-12,16,-12,15,0,0,12,-4,12,-4,13,-5,14,-4,13,-4,14,-4,14,-4,13,-4,14,-4,14,-4,15,-4,15,-5,15,-5,15,-4,15,-4,15,-5,14,-5,15,-5,15,-6,15,-5,15,-5,15,-6,15,-5,15,-7,16,-6,16,-7,0,0,15,-8,15,-8,16,-8,15,-8,16,-8,16,-8,16,-8,15,-8,15,-9,16,-9,16,-10,15,-8,15,-8,16,-9,16,-9,16,-9,15,-9,16,-9,16,-8,15,-8,16,-8,15,-7,15,-6,15,-7,15,-6,15,-6,0,0]"
CSI_DATA: 836,4,174,174,194,173,200,0,-23,-37,77842.583,77844.262,57.634,78070.651,253.392,66.653,"[12,-4,12,-4,11,-5,13,-5,12,-4,12,-4,11,-4,11,-4,11,-4,11,-5,12,-6,11,-6,11,-6,11,-6,12,-6,11,-6,11,-6,10,-6,11,-7,11,-6,11,-6,11,-6,10,-6,10,-8,11,-8,11,-8,0,0,10,-8,11,-8,11,-9,10,-9,11,-8,11,-9,11,-8,11,-8,11,-9,11,-9,12,-10,12,-9,12,-9,12,-9,12,-8,13,-9,12,-8,13,-8,13,-7,13,-7,14,-7,14,-6,13,-6,13,-6,14,-5,14,-4,0,0,-10,-4,-9,-3,-9,-2,-9,-3,-8,-2,-8,-1,-8,-1,-7,-1,-6,-1,-6,0,-6,0,-5,1,-5,1,-4,2,-4,2,-3,3,-2,3,-2,4,-1,4,-1,5,0,5,0,6,0,6,2,7,2,7,2,8,0,0,3,9,4,10,5,11,5,11,5,12,6,12,6,13,6,13,6,14,6,14,7,15,7,15,6,15,7,16,7,16,8,17,7,17,8,18,7,18,6,18,6,18,6,18,5,19,6,19,4,20,4,20,0,0]"
CSI_DATA: 837,5,187,187,191,186,200,0,-37,-20,77845.619,77847.299,102.219,78130.878,313.619,126.880,"[3,3,3,3,4,3,4,3,4,4,5,3,5,3,5,3,5,3,6,2,6,2,6,2,6,1,6,1,6,1,6,-1,6,-2,6,-2,6,-3,6,-3,6,-4,6,-5,6,-5,6,-7,6,-8,6,-9,0,0,6,-10,7,-12,6,-13,6,-13,7,-14,7,-15,7,-16,7,-17,7,-17,7,-18,7,-20,8,-20,7,-21,8,-22,8,-22,8,-24,10,-25,9,-24,11,-25,11,-23,13,-24,14,-24,15,-24,14,-25,15,-23,15,-23,0,0,0,14,0,14,2,14,1,15,1,14,1,15,1,15,1,14,1,14,2,14,2,15,3,15,3,15,3,15,3,15,4,16,5,15,4,15,5,15,5,15,5,15,5,15,4,15,7,15,6,16,7,16,0,0,8,15,8,15,8,16,8,15,8,16,9,16,8,16,8,16,9,16,9,16,10,17,9,16,9,16,9,16,10,17,10,18,10,18,10,18,9,18,9,18,8,19,8,18,7,19,8,20,6,21,5,20,0,0]"
CSI_DATA: 838,6,173,173,180,172,200,0,-27,-17,77848.776,77850.455,157.683,78188.925,371.666,184.927,"[-3,-10,-4,-11,-4,-10,-4,-11,-5,-11,-5,-11,-5,-11,-5,-10,-5,-11,-5,-10,-6,-11,-6,-11,-6,-11,-7,-11,-6,-12,-7,-12,-7,-11,-7,-11,-7,-11,-7,-12,-7,-12,-8,-12,-7,-12,-8,-11,-8,-12,-8,-12,0,0,-8,-12,-8,-12,-9,-12,-9,-12,-8,-12,-9,-13,-8,-13,-8,-12,-9,-13,-8,-13,-9,-13,-8,-13,-8,-13,-8,-13,-8,-13,-8,-14,-8,-14,-8,-14,-7,-14,-6,-13,-6,-14,-6,-14,-5,-14,-6,-13,-4,-14,-5,-14,0,0,1,-16,0,-17,-1,-16,0,-18,0,-17,0,-17,-1,-17,-1,-17,-1,-17,-1,-17,-1,-18,-2,-18,-3,-18,-3,-17,-2,-18,-4,-18,-5,-17,-4,-17,-6,-17,-6,-18,-6,-18,-6,-18,-6,-18,-8,-17,-8,-19,-10,-19,0,0,-10,-19,-10,-19,-11,-20,-11,-19,-11,-20,-12,-20,-12,-21,-12,-20,-12,-21,-13,-21,-13,-23,-13,-22,-12,-22,-13,-23,-12,-23,-13,-24,-13,-23,-13,-25,-12,-25,-11,-25,-11,-26,-10,-25,-10,-26,-10,-26,-8,-28,-7,-28,0,0]"
CSI_DATA: 839,7,168,168,172,168,200,0,-19,-20,77763.785,77765.464,201.865,78264.519,447.260,260.521,"[-13,-10,-13,-10,-13,-9,-13,-11,-13,-10,-12,-10,-12,-10,-12,-9,-12,-9,-12,-9,-13,-9,-13,-8,-13,-8,-13,-8,-12,-9,-13,-8,-12,-7,-12,-7,-13,-7,-13,-7,-12,-8,-13,-7,-12,-7,-13,-6,-14,-7,-14,-6,0,0,-14,-6,-14,-6,-15,-6,-14,-5,-14,-6,-15,-6,-15,-6,-14,-5,-15,-5,-15,-5,-16,-5,-15,-6,-16,-6,-16,-6,-16,-5,-17,-5,-17,-6,-17,-6,-17,-7,-17,-7,-17,-8,-17,-9,-17,-9,-18,-9,-17,-11,-17,-11,0,0,3,18,3,18,4,18,3,19,3,18,3,18,2,18,2,18,2,17,2,17,2,18,2,17,3,16,3,15,2,15,4,15,5,14,4,15,6,14,5,15,5,15,6,15,5,15,7,15,6,16,7,16,0,0,7,15,7,16,7,16,7,16,7,16,7,16,6,16,6,16,7,16,6,16,7,16,6,15,6,15,6,15,6,16,6,16,6,15,5,16,5,15,5,15,4,16,4,15,4,15,4,15,2,15,2,15,0,0]"
CSI_DATA: 840,3,169,169,196,168,201,0,-22,-31,78235.590,78237.253,11.819,78407.227,142.708,13.228,"[-9,8,-10,9,-9,9,-10,10,-10,9,-10,9,-9,9,-9,9,-9,9,-8,9,-9,10,-9,10,-9,10,-9,10,-9,10,-8,11,-8,11,-7,10,-8,11,-8,11,-8,11,-7,11,-7,11,-6,12,-7,12,-7,13,0,0,-6,13,-6,13,-6,14,-5,13,-6,14,-6,15,-6,14,-6,14,-6,15,-5,14,-5,16,-6,15,-6,16,-6,16,-6,16,-6,17,-6,17,-7,17,-7,17,-8,17,-8,17,-9,17,-9,17,-9,18,-10,17,-10,17,0,0,14,13,13,13,14,13,14,15,13,15,14,15,13,16,12,15,12,16,12,15,13,17,13,16,13,16,13,16,11,17,14,16,13,15,12,16,13,15,13,16,12,17,12,16,11,16,14,15,13,17,14,16,0,0,13,16,13,16,13,16,13,16,12,16,12,17,11,16,11,15,11,15,11,14,12,15,10,13,10,13,10,13,10,13,11,12,11,12,11,11,11,11,10,11,11,11,10,11,11,11,12,11,11,11,11,11,0,0]"
CSI_DATA: 841,4,175,175,195,174,201,0,-26,-39,78232.605,78234.268,57.654,78460.545,196.26,66.546,"[1,12,1,12,2,12,1,13,1,12,1,12,1,12,1,12,1,12,2,11,2,12,3,12,3,12,3,12,3,12,4,12,4,11,3,11,4,11,4,11,4,12,4,11,4,11,5,11,5,12,6,12,0,0,6,11,6,12,6,12,7,12,6,12,6,13,6,12,6,12,6,12,6,12,7,13,6,12,6,13,6,13,6,13,6,13,6,13,5,14,5,14,4,14,4,14,4,14,3,14,3,14,2,14,1,14,0,0,4,-7,3,-6,3,-6,3,-5,3,-5,2,-4,2,-3,2,-2,2,-2,2,-2,2,-1,3,0,2,0,3,0,3,2,4,2,4,3,4,4,4,4,5,5,5,6,5,6,5,7,7,7,8,8,9,9,0,0,10,10,10,10,11,11,12,11,12,12,13,13,13,13,13,13,14,14,16,13,18,15,16,14,17,14,17,15,18,15,19,15,19,16,20,15,20,17,20,17,20,18,19,17,20,17,22,16,21,18,20,18,0,0]"
CSI_DATA: 842,5,188,188,192,187,201,0,-36,-23,78235.641,78237.304,102.215,78517.110,252.591,123.111,"[-4,-17,-5,-18,-6,-17,-5,-19,-4,-17,-4,-17,-4,-16,-4,-15,-4,-16,-4,-15,-5,-16,-5,-15,-5,-16,-5,-16,-4,-16,-6,-16,-5,-15,-5,-14,-5,-15,-5,-15,-4,-16,-5,-15,-4,-15,-5,-15,-5,-16,-5,-15,0,0,-4,-15,-4,-15,-5,-15,-4,-14,-3,-15,-3,-15,-3,-15,-2,-14,-2,-14,-2,-13,-3,-14,-2,-13,-1,-12,-1,-12,0,-11,-1,-11,0,-11,0,-10,0,-9,0,-8,0,-8,0,-7,-1,-7,-2,-6,-2,-5,-2,-5,0,0,3,14,4,13,5,13,5,14,4,14,4,14,5,13,4,13,4,13,5,12,5,13,6,13,6,13,6,13,5,13,7,13,7,12,6,12,7,12,7,13,7,13,7,13,7,13,9,12,9,13,9,13,0,0,9,12,10,12,10,12,10,12,10,12,10,13,10,13,10,12,10,12,11,12,12,13,11,12,11,12,11,13,11,13,12,13,12,13,12,14,11,14,11,14,11,15,10,15,10,15,11,16,9,16,8,17,0,0]"
CSI_DATA: 843,6,174,174,181,173,201,0,-30,-20,78238.798,78240.461,157.580,78582.624,318.105,188.625,"[2,-6,1,-7,0,-7,0,-8,0,-8,0,-8,-1,-8,-1,-8,-1,-9,-2,-9,-2,-10,-3,-9,-3,-10,-3,-10,-3,-11,-4,-11,-4,-11,-4,-11,-5,-12,-5,-12,-5,-13,-5,-13,-5,-13,-6,-13,-7,-14,-7,-14,0,0,-7,-15,-8,-15,-8,-16,-8,-15,-8,-17,-8,-17,-8,-17,-8,-17,-7,-18,-8,-17,-9,-18,-8,-19,-8,-18,-8,-19,-8,-18,-8,-20,-8,-20,-8,-19,-7,-19,-6,-19,-6,-20,-6,-20,-5,-20,-7,-21,-6,-21,-5,-21,0,0,5,-13,5,-13,5,-14,5,-15,5,-14,6,-15,6,-15,5,-15,6,-15,5,-15,6,-17,5,-16,5,-16,4,-16,5,-16,4,-17,3,-17,3,-17,2,-17,3,-18,3,-18,2,-18,3,-18,0,-19,1,-20,0,-21,0,0,1,-21,1,-21,0,-22,0,-22,0,-22,1,-23,1,-23,0,-22,0,-23,0,-24,-1,-25,0,-24,0,-24,0,-24,1,-25,0,-25,1,-25,1,-25,2,-26,2,-25,3,-26,4,-24,4,-25,3,-26,5,-26,6,-26,0,0]"
CSI_DATA: 844,7,169,169,172,169,201,0,-19,-20,77763.785,78155.470,201.865,78650.647,386.128,256.648,"[-13,-10,-13,-10,-13,-9,-13,-11,-13,-10,-12,-10,-12,-10,-12,-9,-12,-9,-12,-9,-13,-9,-13,-8,-13,-8,-13,-8,-12,-9,-13,-8,-12,-7,-12,-7,-13,-7,-13,-7,-12,-8,-13,-7,-12,-7,-13,-6,-14,-7,-14,-6,0,0,-14,-6,-14,-6,-15,-6,-14,-5,-14,-6,-15,-6,-15,-6,-14,-5,-15,-5,-15,-5,-16,-5,-15,-6,-16,-6,-16,-6,-16,-5,-17,-5,-17,-6,-17,-6,-17,-7,-17,-7,-17,-8,-17,-9,-17,-9,-18,-9,-17,-11,-17,-11,0,0,-17,2,-16,2,-17,3,-18,2,-17,2,-17,1,-17,1,-16,1,-16,1,-15,1,-16,1,-15,1,-14,2,-13,2,-13,1,-14,3,-12,4,-13,3,-13,4,-14,4,-14,4,-14,5,-14,4,-14,6,-15,5,-15,6,0,0,-14,6,-15,6,-15,6,-15,6,-15,5,-16,5,-15,5,-15,5,-15,5,-15,5,-16,6,-15,5,-15,5,-15,5,-15,5,-16,5,-16,5,-16,5,-16,4,-15,4,-16,4,-16,3,-16,3,-17,3,-17,2,-17,2,0,0]"
CSI_DATA: 845,3,170,170,197,169,202,0,-21,-29,78625.570,78627.245,11.788,78799.70,148.423,15.71,"[-9,-11,-10,-10,-10,-10,-11,-12,-10,-11,-11,-11,-11,-11,-11,-10,-11,-10,-11,-10,-12,-10,-12,-10,-12,-10,-12,-10,-12,-10,-13,-9,-13,-9,-12,-9,-13,-9,-13,-9,-13,-9,-14,-8,-13,-9,-15,-8,-15,-9,-16,-8,0,0,-16,-7,-16,-8,-17,-8,-16,-7,-17,-8,-17,-8,-18,-8,-17,-8,-18,-8,-18,-7,-19,-8,-18,-9,-18,-8,-19,-8,-18,-9,-19,-9,-19,-9,-19,-10,-19,-10,-18,-10,-18,-11,-18,-12,-18,-12,-18,-12,-17,-13,-17,-13,0,0,2,-21,3,-22,2,-21,4,-23,4,-21,4,-22,5,-21,5,-20,6,-20,4,-18,5,-21,4,-20,5,-20,4,-19,5,-19,4,-19,4,-19,4,-17,4,-18,4,-18,5,-18,4,-18,4,-16,2,-17,3,-18,3,-19,0,0,2,-18,3,-18,2,-19,2,-17,3,-18,3,-18,3,-17,3,-16,3,-17,2,-16,2,-17,2,-16,2,-16,2,-16,2,-15,2,-16,1,-15,1,-15,1,-15,1,-14,1,-15,2,-14,1,-14,0,-15,1,-15,1,-15,0,0]"
CSI_DATA: 846,5,189,189,193,188,202,0,-26,-27,78625.622,78627.297,102.190,78890.864,240.217,106.865,"[15,2,16,1,15,1,16,2,14,2,15,1,14,1,14,1,14,2,13,0,15,0,14,0,14,0,14,0,15,0,14,-1,14,-1,13,-1,14,-1,14,-1,14,0,14,-1,14,-1,14,-3,15,-2,15,-3,0,0,14,-3,14,-2,15,-3,14,-3,15,-3,15,-2,15,-3,15,-3,15,-3,14,-3,16,-3,15,-3,15,-3,15,-3,14,-3,16,-3,15,-3,15,-2,15,-2,15,-2,15,-1,15,-1,15,-1,16,-1,16,0,16,1,0,0,16,10,17,10,17,9,18,11,17,10,17,11,17,10,16,10,17,11,16,9,18,10,18,9,19,10,18,9,18,11,20,9,19,8,18,9,19,9,19,10,19,11,19,10,18,11,20,9,20,11,21,10,0,0,20,10,20,10,20,10,19,10,20,11,20,11,19,11,18,11,18,11,18,10,19,10,18,11,17,11,18,11,17,11,18,11,17,10,17,10,16,11,16,11,16,11,15,11,15,11,16,10,15,12,15,12,0,0]"
CSI_DATA: 847,6,175,175,182,174,202,0,-31,-16,78628.779,78630.455,157.531,78942.984,292.337,158.985,"[2,6,3,6,3,6,3,7,3,7,4,7,4,7,5,7,5,8,5,8,6,9,6,9,6,9,7,9,7,10,8,9,8,8,8,8,8,9,9,9,8,10,9,10,9,10,10,10,11,11,11,10,0,0,12,10,11,11,12,12,12,11,12,12,13,13,12,13,13,12,13,13,13,12,13,13,12,14,12,13,12,14,12,13,13,14,12,14,13,14,12,14,11,13,11,14,11,15,11,14,11,14,11,15,10,15,0,0,-4,-14,-4,-14,-5,-14,-4,-16,-5,-15,-5,-15,-5,-15,-5,-15,-4,-15,-5,-14,-6,-16,-6,-15,-6,-15,-7,-15,-6,-16,-7,-15,-8,-14,-7,-14,-9,-14,-8,-15,-8,-15,-9,-15,-9,-15,-11,-14,-11,-15,-12,-15,0,0,-12,-15,-12,-16,-13,-16,-12,-15,-13,-16,-13,-16,-13,-16,-13,-16,-13,-17,-13,-16,-15,-17,-14,-17,-14,-17,-14,-18,-14,-18,-15,-19,-14,-18,-14,-19,-13,-19,-12,-19,-12,-21,-11,-20,-12,-20,-13,-20,-11,-21,-10,-22,0,0]"
CSI_DATA: 848,7,170,170,173,170,202,0,-26,-18,78543.789,78545.464,201.811,79010.790,360.143,226.791,"[10,-8,9,-9,9,-9,10,-10,9,-9,9,-9,9,-9,9,-9,9,-9,8,-9,9,-10,9,-10,9,-10,9,-9,9,-9,9,-10,8,-9,8,-9,7,-10,8,-9,8,-9,7,-10,7,-9,6,-10,6,-11,7,-11,0,0,5,-11,5,-11,5,-12,5,-12,5,-12,5,-13,5,-13,4,-13,4,-13,4,-13,4,-15,4,-14,4,-15,4,-16,4,-15,5,-17,5,-17,5,-17,5,-17,6,-17,7,-18,8,-18,8,-18,8,-19,10,-18,10,-18,0,0,11,-3,12,-3,11,-3,13,-3,11,-2,12,-2,11,-2,11,-2,11,-2,11,-2,11,-2,11,-2,10,-2,10,-2,10,-2,10,-3,9,-3,9,-3,9,-4,9,-4,9,-3,9,-4,9,-4,9,-5,10,-5,10,-5,0,0,10,-5,10,-5,10,-6,10,-5,10,-5,11,-5,11,-5,10,-4,10,-5,10,-5,11,-5,10,-4,10,-4,10,-5,10,-4,10,-5,10,-4,10,-4,10,-4,9,-3,10,-3,9,-3,9,-3,9,-3,9,-2,9,-2,0,0]"
CSI_DATA: 849,3,171,171,198,170,203,0,-20,-24,79015.548,79017.219,11.810,79187.119,176.329,13.120,"[-4,12,-3,12,-2,12,-3,13,-3,13,-3,13,-3,13,-3,13,-2,13,-2,13,-1,14,-1,14,-1,14,0,14,-1,14,1,14,1,14,1,14,1,14,1,15,0,15,1,15,1,15,3,15,3,16,4,16,0,0,3,16,4,17,4,17,5,17,4,17,4,18,4,18,4,18,4,18,5,18,6,20,4,19,5,19,4,20,5,20,5,21,4,21,4,21,3,21,2,21,1,22,1,21,1,22,1,22,-1,22,-1,22,0,0,-16,4,-17,4,-16,5,-17,5,-17,5,-17,4,-17,4,-17,4,-17,4,-16,4,-17,5,-17,5,-17,6,-17,6,-17,4,-17,7,-16,6,-16,6,-17,7,-18,6,-18,6,-18,7,-17,6,-17,8,-18,8,-18,9,0,0,-18,8,-18,8,-19,9,-18,9,-19,8,-19,8,-19,8,-19,8,-19,8,-19,8,-19,9,-18,8,-18,8,-20,8,-19,9,-20,10,-20,9,-20,9,-21,8,-21,8,-22,7,-21,7,-22,7,-22,8,-23,6,-23,5,0,0]"
CSI_DATA: 850,4,176,176,197,175,203,0,-25,-37,79012.565,79014.235,57.551,79237.659,226.869,63.660,"[-11,-8,-11,-8,-11,-8,-11,-9,-11,-8,-11,-8,-11,-8,-11,-8,-11,-8,-11,-7,-12,-8,-12,-7,-12,-7,-12,-7,-11,-8,-12,-7,-11,-7,-12,-6,-12,-6,-12,-7,-12,-7,-12,-6,-11,-7,-13,-5,-13,-6,-13,-5,0,0,-13,-5,-13,-5,-14,-5,-13,-5,-14,-5,-14,-6,-14,-6,-13,-6,-13,-6,-13,-5,-14,-5,-14,-5,-14,-5,-14,-6,-14,-6,-14,-6,-15,-6,-14,-6,-14,-7,-13,-7,-13,-8,-13,-9,-13,-9,-13,-9,-12,-9,-12,-9,0,0,12,3,12,3,12,2,14,3,13,3,13,3,13,3,13,3,13,3,13,2,15,2,15,1,15,1,14,1,15,2,16,0,15,-1,15,0,15,-1,15,0,16,0,16,-1,15,1,16,-2,17,-1,17,-2,0,0,16,-1,16,-1,16,-1,16,-2,16,-1,16,0,15,0,14,0,14,0,14,0,14,0,13,0,13,1,12,1,12,1,12,1,11,1,11,2,10,2,9,2,9,3,8,3,8,3,7,3,6,4,5,4,0,0]"
CSI_DATA: 851,6,176,176,183,175,203,0,-32,-17,79018.759,79020.429,157.701,79333.162,322.372,159.163,"[1,-5,1,-6,0,-6,0,-8,0,-7,0,-8,0,-8,0,-9,0,-9,-1,-10,-1,-11,-1,-11,-1,-12,-1,-12,0,-12,-1,-12,-1,-12,-1,-13,-1,-13,0,-13,0,-14,0,-14,-1,-13,-2,-14,-1,-15,-2,-15,0,0,-2,-15,-2,-15,-3,-16,-3,-15,-2,-17,-2,-17,-2,-17,-2,-17,-2,-17,-3,-16,-4,-18,-3,-18,-3,-18,-3,-18,-3,-17,-4,-18,-4,-19,-3,-19,-3,-19,-2,-19,-2,-19,-1,-19,-1,-19,-2,-20,-1,-20,-1,-20,0,0,-6,6,-5,6,-5,7,-6,7,-6,7,-5,7,-6,7,-6,7,-6,8,-5,8,-5,9,-5,9,-5,9,-4,9,-5,8,-4,10,-3,9,-3,10,-3,10,-3,10,-4,10,-3,11,-3,11,-1,11,-2,12,-1,12,0,0,-2,13,-1,13,-1,13,-1,14,-1,14,-1,14,-1,14,-1,15,-1,15,-1,15,0,16,-1,15,-1,16,-2,16,-1,17,-1,17,-2,17,-2,17,-3,17,-3,16,-4,17,-4,16,-4,17,-4,17,-5,17,-5,16,0,0]"
CSI_DATA: 852,7,171,171,174,171,203,0,-28,-21,78933.769,78935.439,201.866,79388.35,377.245,214.36,"[10,1,10,0,10,0,11,0,9,0,9,0,9,-1,9,-1,8,-1,8,-2,9,-3,9,-3,9,-3,8,-3,8,-3,8,-4,8,-4,7,-4,7,-4,7,-4,7,-4,6,-5,6,-5,5,-6,6,-7,6,-7,0,0,5,-8,5,-9,5,-9,5,-10,4,-10,5,-11,5,-11,4,-11,4,-12,4,-13,4,-14,4,-14,5,-14,5,-15,6,-16,6,-17,6,-17,7,-17,7,-18,8,-18,10,-18,10,-18,11,-19,11,-20,12,-19,13,-19,0,0,15,15,15,15,17,14,17,17,16,16,15,16,15,17,14,17,14,17,13,16,13,17,13,16,12,15,12,14,11,13,13,12,12,10,12,10,14,10,13,10,14,11,15,9,14,10,16,8,16,10,17,9,0,0,17,9,17,9,18,9,17,9,17,10,17,10,16,10,16,10,16,10,15,10,17,10,14,10,14,10,14,10,14,10,14,10,13,10,13,10,12,10,11,10,11,10,10,9,9,9,10,8,8,8,8,8,0,0]"
CSI_DATA: 853,3,172,172,199,171,204,0,-20,-35,79405.560,79407.202,11.760,79577.208,189.173,13.210,"[7,-12,7,-12,6,-13,7,-13,6,-13,6,-13,6,-13,6,-13,6,-13,5,-13,5,-14,5,-14,5,-15,5,-14,5,-14,4,-15,4,-14,4,-15,3,-15,4,-15,4,-15,3,-16,3,-15,2,-16,3,-17,2,-17,0,0,2,-17,2,-18,2,-19,1,-18,2,-19,3,-19,3,-19,3,-19,3,-19,2,-19,2,-21,3,-20,3,-20,4,-20,3,-20,3,-21,4,-21,4,-21,5,-20,5,-20,6,-20,6,-19,7,-20,6,-20,8,-19,8,-19,0,0,9,3,9,3,9,3,10,4,9,4,9,5,9,5,8,5,8,5,8,5,9,5,9,5,8,5,8,5,8,6,9,5,9,5,8,5,9,5,8,6,8,6,8,6,8,6,9,5,9,6,9,6,0,0,9,6,9,6,9,6,9,6,9,6,9,7,8,6,8,7,8,6,7,6,8,6,7,5,7,5,7,6,7,5,7,5,7,4,6,4,6,4,6,4,6,4,6,4,6,3,7,3,6,3,7,2,0,0]"
CSI_DATA: 854,4,177,177,198,176,204,0,-25,-34,79402.577,79404.220,57.622,79623.37,235.02,59.39,"[5,-14,4,-14,4,-14,5,-15,4,-15,4,-15,4,-15,4,-14,4,-14,3,-14,4,-15,3,-15,3,-15,3,-15,4,-14,2,-15,2,-14,2,-14,2,-14,2,-14,2,-14,1,-14,2,-14,0,-14,1,-15,0,-15,0,0,0,-15,0,-15,-1,-15,-1,-15,-1,-16,-1,-16,-1,-16,-1,-16,-1,-16,-1,-16,-1,-17,0,-16,-1,-16,-1,-16,-1,-16,-1,-17,-1,-17,0,-17,0,-17,1,-17,1,-17,2,-17,2,-16,2,-16,3,-16,4,-15,0,0,-4,0,-5,1,-5,2,-6,2,-5,2,-6,3,-6,3,-6,4,-7,4,-6,4,-7,6,-7,6,-7,6,-7,7,-8,7,-7,9,-7,9,-7,9,-7,10,-8,10,-8,10,-8,11,-8,11,-7,12,-8,13,-8,14,0,0,-7,14,-7,15,-8,16,-7,16,-7,16,-8,17,-8,17,-8,17,-8,18,-7,18,-8,20,-8,18,-8,18,-8,19,-8,20,-8,21,-8,20,-9,21,-9,21,-9,21,-10,21,-10,20,-11,20,-11,21,-13,20,-13,20,0,0]"
CSI_DATA: 855,5,190,190,195,189,204,0,-27,-26,79405.613,79407.255,102.113,79686.459,298.424,122.461,"[21,-2,20,-3,20,-4,21,-2,20,-3,20,-2,20,-2,19,-2,19,-3,19,-3,20,-3,20,-3,19,-3,19,-3,19,-2,20,-4,18,-4,18,-4,18,-5,19,-4,19,-3,19,-5,18,-4,18,-6,20,-5,19,-6,0,0,19,-6,19,-6,19,-6,19,-6,19,-5,20,-5,20,-5,19,-5,19,-5,19,-5,20,-6,19,-5,19,-4,19,-4,19,-5,19,-5,19,-4,19,-4,19,-4,19,-4,19,-3,19,-3,19,-2,19,-3,19,-2,19,-1,0,0,16,-4,17,-4,15,-5,17,-5,16,-4,16,-5,16,-4,16,-4,16,-4,15,-5,16,-6,16,-7,16,-7,15,-7,16,-6,16,-7,16,-8,16,-7,16,-7,16,-7,17,-6,17,-7,16,-6,16,-9,17,-8,17,-9,0,0,16,-8,17,-8,17,-9,16,-9,17,-8,17,-8,17,-8,17,-7,17,-8,17,-8,18,-10,17,-9,17,-8,18,-9,18,-9,19,-9,18,-9,18,-9,19,-8,19,-7,20,-7,20,-6,20,-7,21,-8,21,-6,22,-5,0,0]"
CSI_DATA: 856,6,177,177,184,176,204,0,-30,-16,79408.771,79410.414,157.567,79751.383,363.348,187.385,"[-5,2,-5,2,-5,3,-6,3,-6,4,-7,4,-7,5,-6,6,-7,6,-7,6,-8,7,-8,7,-8,7,-8,8,-9,8,-8,9,-7,8,-8,9,-8,10,-9,10,-9,10,-8,11,-10,11,-8,12,-10,12,-9,12,0,0,-10,13,-10,14,-9,14,-10,14,-10,14,-11,15,-11,15,-11,14,-11,14,-11,15,-11,15,-12,14,-12,14,-12,14,-11,15,-11,14,-12,15,-12,14,-12,13,-12,13,-13,12,-12,13,-12,13,-11,13,-12,12,-12,11,0,0,11,-8,12,-9,11,-9,13,-9,12,-9,13,-9,12,-9,12,-9,13,-9,12,-9,13,-10,12,-11,12,-10,11,-11,12,-10,12,-12,11,-13,11,-12,10,-13,11,-12,12,-13,11,-13,11,-13,10,-15,11,-16,11,-17,0,0,11,-17,11,-17,11,-18,10,-17,12,-18,12,-18,13,-18,12,-18,12,-19,12,-19,12,-20,13,-19,13,-19,14,-19,13,-19,14,-20,14,-19,15,-20,15,-19,16,-18,17,-18,17,-17,17,-17,17,-18,18,-17,18,-16,0,0]"
CSI_DATA: 857,3,173,173,200,172,205,0,-21,-32,79799.43,79807.259,21.01,79981.475,230.92,27.477,"[4,-14,4,-15,3,-15,4,-16,3,-15,3,-15,3,-15,3,-15,2,-15,2,-15,2,-17,1,-16,1,-17,0,-17,1,-17,0,-17,-1,-17,0,-16,-1,-17,-1,-17,0,-18,-1,-18,-1,-17,-4,-18,-3,-20,-4,-20,0,0,-4,-19,-4,-20,-5,-21,-5,-20,-5,-21,-5,-22,-5,-22,-5,-22,-5,-22,-5,-21,-7,-23,-5,-23,-5,-23,-6,-24,-5,-23,-6,-25,-5,-25,-5,-25,-4,-25,-3,-24,-2,-25,-1,-25,-1,-25,-2,-26,0,-25,1,-25,0,0,-14,7,-14,7,-14,7,-16,6,-15,6,-15,6,-16,5,-15,5,-16,4,-14,4,-16,5,-15,5,-15,4,-15,4,-15,3,-15,5,-14,5,-14,4,-14,5,-15,4,-15,4,-15,5,-15,4,-14,6,-16,5,-15,6,0,0,-15,5,-15,5,-15,5,-15,5,-15,4,-16,4,-16,4,-15,4,-15,4,-15,4,-15,5,-14,3,-13,3,-13,3,-13,4,-13,4,-12,4,-12,4,-12,4,-11,4,-12,4,-10,4,-11,5,-11,6,-12,5,-11,5,0,0]"
CSI_DATA: 858,4,178,178,199,177,205,0,-25,-34,79796.61,79804.277,66.791,80037.719,286.336,83.721,"[7,9,8,9,8,8,9,9,8,9,8,9,8,9,8,8,8,9,8,7,9,8,9,8,9,8,9,7,9,8,9,7,9,6,9,6,9,6,9,6,9,6,9,6,9,6,10,5,11,5,11,5,0,0,11,4,11,4,12,4,12,3,12,4,13,4,13,4,13,4,13,4,13,4,14,3,13,4,13,4,14,4,13,5,14,4,14,4,14,5,14,6,14,6,13,7,13,7,13,7,13,8,12,8,12,8,0,0,8,3,8,2,8,1,9,2,8,1,8,0,9,-1,9,-1,8,-1,8,-2,9,-3,9,-3,9,-4,8,-5,9,-5,9,-6,8,-7,8,-7,8,-8,8,-8,9,-9,9,-9,9,-9,8,-11,9,-12,8,-13,0,0,8,-14,8,-14,8,-15,8,-15,9,-16,9,-17,9,-17,9,-17,9,-18,9,-18,9,-20,10,-19,10,-19,11,-19,11,-20,11,-20,11,-21,12,-20,13,-20,14,-19,15,-19,15,-18,14,-18,15,-19,17,-18,18,-17,0,0]"
CSI_DATA: 859,5,191,191,196,190,205,0,-28,-27,79799.96,79807.313,111.372,80094.534,343.151,140.536,"[-17,9,-18,9,-16,10,-18,9,-17,9,-17,9,-17,9,-16,8,-16,8,-15,9,-16,9,-16,9,-16,10,-15,9,-16,9,-15,9,-14,9,-14,9,-14,10,-15,9,-15,9,-14,10,-14,8,-13,11,-14,11,-14,11,0,0,-14,11,-14,11,-14,12,-13,11,-14,11,-15,11,-14,11,-14,11,-14,11,-13,11,-14,12,-14,11,-14,11,-15,11,-14,10,-15,11,-15,11,-15,11,-15,10,-15,9,-15,9,-15,9,-15,9,-15,9,-16,8,-16,8,0,0,6,-14,6,-14,5,-15,6,-15,6,-14,6,-14,6,-14,6,-14,6,-14,5,-14,5,-15,5,-15,5,-15,5,-15,6,-15,5,-17,4,-16,5,-16,4,-16,5,-16,6,-16,5,-16,6,-16,4,-16,5,-17,5,-17,0,0,4,-17,5,-17,5,-17,4,-17,5,-17,5,-17,5,-17,5,-16,5,-16,4,-17,5,-18,5,-16,5,-16,5,-16,5,-17,4,-17,5,-17,4,-16,5,-16,5,-16,6,-17,6,-16,6,-16,5,-16,7,-16,7,-16,0,0]"
CSI_DATA: 860,6,178,178,185,177,205,0,-29,-16,79802.255,79810.471,166.736,80161.466,410.83,207.468,"[0,-7,-1,-8,-2,-8,-1,-10,-2,-9,-3,-10,-4,-10,-4,-10,-4,-11,-5,-11,-5,-12,-6,-12,-6,-13,-6,-13,-6,-14,-7,-13,-7,-12,-7,-12,-8,-13,-9,-13,-9,-14,-9,-13,-9,-13,-11,-13,-12,-14,-13,-14,0,0,-13,-14,-14,-15,-15,-15,-15,-14,-15,-16,-16,-16,-16,-16,-16,-16,-16,-17,-16,-16,-18,-17,-16,-18,-16,-18,-18,-19,-17,-18,-17,-19,-17,-19,-17,-19,-16,-19,-15,-19,-15,-20,-14,-20,-14,-20,-14,-20,-13,-21,-13,-20,0,0,-8,10,-8,10,-7,11,-8,12,-8,11,-8,12,-8,12,-8,12,-8,12,-7,12,-8,13,-7,13,-7,13,-6,13,-7,13,-5,14,-5,14,-5,14,-4,15,-5,15,-5,15,-4,15,-5,15,-3,16,-3,17,-3,18,0,0,-3,18,-3,18,-2,19,-2,19,-2,20,-3,20,-3,21,-3,21,-2,21,-2,21,-2,23,-3,22,-3,22,-4,22,-4,23,-4,24,-4,23,-4,24,-5,23,-5,23,-7,24,-7,22,-7,23,-7,23,-9,23,-10,23,0,0]"
CSI_DATA: 861,7,172,172,175,172,205,0,-27,-22,79717.266,79725.482,211.130,80232.944,481.561,278.946,"[4,-11,3,-10,2,-10,3,-11,2,-11,2,-11,1,-11,1,-11,1,-11,0,-11,0,-12,-1,-13,0,-13,0,-13,1,-13,0,-13,0,-12,0,-12,-1,-12,-1,-12,-1,-12,-2,-12,-1,-11,-3,-12,-3,-13,-4,-12,0,0,-5,-13,-5,-13,-6,-13,-6,-12,-6,-14,-7,-14,-6,-14,-7,-14,-7,-14,-8,-14,-9,-15,-9,-16,-9,-17,-9,-17,-9,-17,-9,-18,-10,-18,-10,-18,-9,-19,-8,-19,-8,-21,-8,-21,-7,-22,-8,-22,-6,-23,-6,-24,0,0,-18,2,-18,2,-18,3,-20,2,-19,2,-19,2,-19,1,-18,1,-19,0,-18,1,-19,1,-17,1,-17,1,-16,1,-15,1,-15,2,-14,3,-14,3,-14,4,-14,4,-15,4,-15,5,-14,4,-14,7,-15,6,-15,7,0,0,-15,7,-16,7,-16,8,-15,7,-16,7,-17,7,-17,6,-16,6,-16,7,-15,6,-16,7,-16,6,-16,6,-16,6,-16,5,-16,6,-16,6,-15,5,-15,4,-15,4,-15,4,-15,3,-14,4,-14,4,-14,3,-14,3,0,0]"
CSI_DATA: 862,3,174,174,201,173,206,0,-20,-20,80185.559,80187.225,11.843,80357.185,124.241,13.186,"[11,-9,11,-10,10,-11,11,-11,11,-10,11,-10,10,-10,10,-10,10,-10,9,-11,10,-12,9,-12,10,-12,9,-12,10,-12,9,-13,8,-12,8,-12,8,-13,9,-13,9,-13,8,-13,9,-13,8,-14,9,-15,8,-15,0,0,8,-15,8,-15,8,-16,8,-15,9,-16,9,-16,9,-16,9,-16,9,-16,9,-16,9,-17,10,-16,9,-16,10,-17,10,-17,10,-17,10,-17,10,-17,11,-16,11,-15,12,-16,12,-15,12,-15,12,-16,13,-15,13,-14,0,0,0,16,0,17,1,16,0,17,0,16,0,16,0,16,0,16,0,16,1,15,1,16,1,16,1,16,1,15,1,15,2,16,2,14,2,14,3,15,2,15,2,15,3,15,2,14,4,14,4,15,5,16,0,0,5,15,4,15,5,16,5,15,5,15,5,16,5,16,5,15,5,16,5,15,6,16,5,15,5,16,5,16,5,16,5,17,5,17,5,17,5,17,4,17,4,18,3,17,3,17,3,18,2,18,1,19,0,0]"
CSI_DATA: 863,4,179,179,200,178,206,0,-23,-34,80182.578,80184.245,57.664,80408.641,175.697,64.642,"[2,11,3,11,4,10,4,12,4,11,4,12,3,11,4,11,3,11,4,10,5,11,5,11,5,11,5,11,5,11,6,10,5,10,5,10,6,10,6,10,5,10,6,10,5,10,7,9,7,10,8,10,0,0,8,9,8,9,9,9,9,9,9,9,9,9,8,10,9,9,9,10,9,9,10,10,9,10,9,10,10,10,9,10,10,11,10,10,10,11,9,11,8,11,9,12,8,12,8,12,8,12,7,13,7,13,0,0,-9,-21,-9,-20,-9,-19,-8,-21,-7,-20,-8,-19,-7,-19,-7,-18,-7,-18,-6,-17,-7,-18,-7,-17,-7,-17,-7,-16,-5,-16,-7,-16,-6,-15,-5,-14,-6,-13,-5,-14,-5,-13,-5,-12,-5,-12,-7,-11,-6,-12,-7,-11,0,0,-7,-10,-7,-9,-8,-9,-8,-8,-8,-8,-9,-8,-9,-8,-9,-7,-10,-7,-10,-7,-11,-7,-11,-6,-11,-7,-12,-7,-13,-7,-14,-7,-14,-7,-14,-7,-15,-9,-14,-9,-14,-10,-14,-10,-15,-10,-15,-10,-14,-12,-14,-13,0,0]"
CSI_DATA: 864,5,192,192,197,191,206,0,-24,-29,80185.613,80187.280,102.262,80472.781,239.837,128.782,"[3,-15,2,-15,1,-15,2,-16,2,-15,2,-15,2,-15,2,-14,2,-14,1,-15,1,-15,1,-15,1,-15,1,-15,1,-14,0,-15,0,-14,0,-14,-1,-14,0,-15,0,-15,0,-14,0,-14,-1,-14,-1,-15,-1,-15,0,0,-2,-15,-2,-15,-2,-16,-2,-15,-2,-15,-2,-16,-2,-16,-2,-15,-2,-15,-2,-15,-2,-16,-2,-16,-2,-16,-1,-17,-1,-16,-1,-16,-1,-17,-1,-16,0,-16,0,-15,0,-16,1,-16,1,-16,1,-16,2,-15,2,-15,0,0,15,-10,15,-11,14,-11,17,-11,16,-11,16,-11,16,-12,16,-11,16,-11,15,-11,17,-12,16,-13,16,-13,15,-13,17,-12,16,-15,15,-15,15,-14,15,-15,16,-15,16,-15,16,-15,17,-15,15,-17,17,-17,17,-18,0,0,16,-17,16,-18,17,-18,16,-18,16,-18,17,-18,17,-18,17,-18,17,-18,16,-18,17,-19,17,-17,17,-17,17,-17,17,-17,18,-18,17,-17,17,-17,18,-16,17,-15,18,-15,17,-14,18,-14,18,-14,18,-13,18,-12,0,0]"
CSI_DATA: 865,6,179,179,186,178,206,0,-30,-18,80188.772,80190.439,157.725,80544.306,311.362,200.307,"[6,-8,6,-9,5,-10,7,-11,7,-11,7,-11,7,-12,7,-12,7,-12,7,-12,8,-14,8,-14,8,-14,8,-14,9,-13,8,-14,7,-14,7,-13,7,-14,8,-14,8,-14,7,-14,7,-14,5,-16,7,-16,6,-17,0,0,5,-17,5,-17,5,-18,5,-17,5,-19,5,-18,5,-19,5,-19,5,-19,4,-18,4,-20,5,-20,4,-19,5,-21,4,-20,5,-22,4,-21,6,-21,6,-20,7,-19,8,-19,8,-19,8,-19,7,-19,8,-18,9,-17,0,0,-15,-4,-16,-3,-15,-2,-17,-4,-16,-3,-17,-3,-17,-3,-17,-3,-17,-3,-17,-2,-19,-3,-18,-2,-18,-2,-18,-1,-18,-2,-18,0,-18,1,-17,1,-18,2,-19,2,-19,2,-19,3,-19,2,-19,5,-21,4,-21,6,0,0,-21,6,-21,6,-22,7,-21,7,-23,7,-23,7,-23,7,-23,8,-24,8,-23,8,-25,9,-25,8,-25,7,-26,8,-26,8,-27,8,-26,7,-27,8,-27,7,-27,6,-28,6,-27,4,-28,5,-28,4,-28,2,-28,2,0,0]"
CSI_DATA: 866,7,173,173,176,173,206,0,-28,-18,80103.784,80105.450,201.880,80610.175,377.231,266.176,"[9,4,9,3,10,2,11,3,10,2,11,2,11,2,11,2,12,1,12,1,13,1,13,2,13,2,13,2,12,3,12,1,11,1,11,1,11,0,11,1,11,0,11,-1,10,-1,10,-2,11,-2,11,-3,0,0,11,-4,11,-5,11,-5,11,-6,12,-6,13,-6,13,-6,13,-7,13,-8,13,-9,14,-9,14,-8,15,-8,15,-9,15,-9,16,-10,17,-9,17,-9,18,-9,18,-8,19,-7,19,-7,20,-6,20,-7,21,-5,21,-4,0,0,-18,0,-18,0,-18,1,-20,0,-19,0,-19,0,-19,0,-19,0,-19,-1,-18,-1,-20,-1,-19,-1,-18,-1,-17,-1,-17,-2,-17,0,-16,1,-16,1,-16,2,-16,1,-16,1,-16,2,-16,2,-16,4,-17,3,-17,4,0,0,-17,5,-18,4,-18,5,-17,5,-18,4,-19,5,-19,4,-18,4,-18,4,-18,4,-19,5,-19,3,-18,3,-19,3,-18,3,-19,3,-19,3,-19,3,-19,2,-18,1,-19,1,-17,0,-18,0,-18,0,-17,-1,-17,-1,0,0]"
CSI_DATA: 867,3,175,175,202,174,207,0,-21,-21,80575.733,80580.83,14.673,80751.911,141.736,17.911,"[-9,-12,-10,-12,-10,-11,-10,-13,-10,-12,-10,-12,-11,-12,-10,-11,-11,-11,-10,-11,-11,-12,-12,-11,-12,-11,-12,-11,-12,-11,-13,-10,-13,-9,-13,-10,-13,-9,-14,-10,-13,-10,-14,-9,-13,-10,-15,-8,-15,-9,-15,-9,0,0,-16,-8,-17,-8,-17,-8,-17,-8,-17,-9,-17,-9,-17,-8,-17,-8,-18,-8,-18,-8,-19,-8,-18,-9,-18,-9,-19,-9,-19,-9,-20,-9,-20,-10,-20,-10,-19,-10,-19,-11,-19,-12,-19,-11,-19,-13,-19,-12,-18,-14,-18,-14,0,0,-17,5,-17,6,-16,6,-18,6,-16,6,-17,6,-17,6,-16,6,-17,6,-15,6,-17,7,-16,7,-15,7,-15,7,-15,7,-15,8,-14,8,-14,8,-14,9,-14,9,-14,9,-14,10,-14,9,-13,11,-15,11,-14,12,0,0,-14,12,-15,13,-15,13,-14,13,-15,13,-15,14,-15,14,-15,14,-15,14,-15,14,-16,15,-16,13,-16,14,-17,14,-17,14,-17,15,-17,14,-18,14,-18,14,-18,13,-19,13,-19,12,-20,12,-20,12,-21,11,-21,10,0,0]"
CSI_DATA: 868,4,180,180,201,179,207,0,-25,-34,80572.753,80577.103,57.636,80815.235,205.60,81.235,"[-1,-6,-1,-6,-2,-6,-2,-6,-2,-6,-2,-6,-2,-6,-2,-5,-2,-6,-2,-6,-2,-6,-2,-6,-2,-6,-2,-6,-2,-6,-2,-6,-2,-5,-2,-5,-3,-5,-3,-5,-2,-6,-3,-5,-2,-5,-3,-5,-3,-6,-3,-5,0,0,-3,-5,-4,-6,-4,-5,-4,-5,-4,-5,-4,-6,-4,-6,-4,-5,-4,-6,-4,-6,-4,-6,-4,-6,-4,-6,-4,-6,-4,-6,-4,-6,-4,-6,-4,-6,-3,-7,-3,-6,-3,-7,-3,-7,-3,-7,-3,-7,-2,-7,-2,-7,0,0,14,1,14,1,13,0,14,1,13,1,13,1,13,1,12,1,12,1,11,1,13,1,12,1,12,1,11,1,11,2,12,1,11,0,10,0,11,0,10,1,10,1,10,0,9,1,10,-1,10,0,10,-1,0,0,10,-1,10,-1,10,-1,9,-1,10,-1,10,-1,10,-1,10,-1,10,-1,10,-1,10,-2,10,-1,10,-2,10,-2,10,-2,11,-2,11,-2,11,-2,11,-1,11,-1,11,-1,11,-1,12,0,12,-1,12,0,12,0,0,0]"
CSI_DATA: 869,5,193,193,198,192,207,0,-24,-30,80575.788,80580.138,112.235,80877.129,266.954,143.129,"[-10,12,-10,13,-9,13,-10,14,-10,13,-10,14,-10,13,-10,13,-10,13,-9,13,-10,14,-10,14,-10,14,-9,14,-10,14,-8,15,-8,14,-8,14,-8,15,-8,14,-8,14,-7,15,-8,13,-7,15,-8,15,-7,16,0,0,-7,16,-7,16,-6,17,-6,16,-7,17,-7,17,-7,17,-6,16,-7,16,-7,16,-7,17,-7,16,-7,16,-7,16,-7,16,-7,17,-7,17,-8,17,-8,16,-8,15,-9,15,-9,14,-9,15,-9,15,-10,14,-10,13,0,0,-16,-10,-16,-10,-17,-10,-18,-12,-16,-11,-17,-11,-16,-11,-16,-11,-16,-11,-15,-10,-17,-12,-17,-11,-17,-11,-16,-11,-16,-11,-17,-10,-17,-10,-16,-10,-17,-10,-17,-11,-17,-12,-17,-11,-16,-11,-18,-9,-18,-11,-18,-10,0,0,-18,-10,-18,-10,-19,-10,-18,-10,-18,-11,-17,-11,-17,-11,-17,-11,-17,-10,-17,-10,-18,-10,-16,-10,-16,-10,-17,-10,-16,-10,-17,-10,-17,-9,-17,-10,-17,-9,-16,-9,-16,-10,-15,-9,-16,-10,-17,-10,-16,-11,-16,-11,0,0]"
CSI_DATA: 870,6,180,180,187,179,207,0,-25,-18,80578.948,80583.297,157.697,80951.849,341.674,217.849,"[4,10,5,10,6,9,6,11,6,11,6,11,6,11,7,11,6,11,7,11,7,13,8,12,7,12,7,12,8,12,9,12,9,11,9,12,9,11,9,12,9,13,10,12,9,12,10,11,11,13,11,12,0,0,11,12,12,13,12,12,12,12,12,13,12,13,12,13,12,13,12,13,12,13,12,13,11,13,11,13,12,13,12,13,12,13,11,14,12,13,12,13,11,13,10,14,10,14,10,15,10,14,10,15,9,15,0,0,12,-9,12,-9,12,-10,13,-10,12,-10,13,-10,13,-11,12,-11,13,-10,12,-11,13,-12,12,-12,12,-12,11,-12,12,-11,11,-13,10,-13,10,-13,10,-14,10,-14,11,-14,10,-14,10,-14,8,-16,10,-17,9,-18,0,0,9,-17,9,-18,9,-19,8,-19,9,-19,9,-19,9,-19,9,-20,9,-20,9,-21,9,-22,9,-21,9,-20,10,-21,10,-22,10,-22,10,-22,11,-22,11,-22,12,-21,13,-22,13,-20,13,-21,13,-22,15,-21,15,-20,0,0]"
CSI_DATA: 871,3,176,176,203,175,208,0,-20,-27,80967.971,80977.211,21.330,81147.190,195.341,23.190,"[4,-13,4,-13,3,-14,4,-15,3,-14,3,-14,3,-14,3,-13,3,-14,2,-14,2,-15,1,-15,1,-15,1,-15,1,-15,0,-16,0,-15,0,-15,-1,-15,0,-16,0,-16,-1,-16,-1,-16,-3,-16,-2,-17,-3,-17,0,0,-4,-17,-4,-18,-4,-18,-5,-17,-4,-18,-4,-19,-4,-19,-4,-18,-5,-19,-5,-19,-7,-20,-6,-20,-6,-20,-6,-21,-6,-20,-6,-21,-6,-22,-6,-22,-4,-22,-4,-22,-3,-22,-3,-22,-3,-23,-4,-23,-2,-23,-2,-23,0,0,-5,19,-5,20,-4,19,-5,21,-5,19,-5,19,-6,19,-6,18,-6,18,-5,17,-5,19,-5,19,-5,19,-5,18,-6,18,-4,19,-4,18,-4,17,-4,18,-5,18,-5,18,-4,18,-5,17,-3,17,-4,19,-3,19,0,0,-3,18,-3,18,-3,19,-2,18,-3,18,-3,18,-3,18,-3,17,-3,18,-2,17,-2,18,-3,17,-2,17,-2,18,-2,17,-2,18,-2,18,-2,18,-3,18,-2,17,-3,18,-3,18,-3,18,-3,18,-5,18,-4,18,0,0]"
CSI_DATA: 872,4,181,181,202,180,208,0,-26,-41,80964.992,80974.233,67.180,81203.601,251.752,79.601,"[-8,9,-8,10,-7,10,-8,10,-7,11,-7,11,-7,10,-7,10,-7,10,-6,10,-6,11,-6,11,-6,11,-6,11,-6,11,-5,11,-5,11,-5,11,-5,11,-5,11,-5,11,-5,11,-4,11,-3,12,-4,12,-3,12,0,0,-3,12,-3,12,-2,13,-2,13,-2,13,-2,13,-2,13,-2,14,-2,14,-2,14,-1,15,-2,14,-2,14,-2,15,-2,15,-2,16,-3,16,-3,16,-4,16,-5,16,-6,16,-6,15,-6,15,-6,16,-8,15,-8,15,0,0,-9,-17,-10,-17,-10,-16,-10,-19,-10,-17,-10,-18,-11,-18,-10,-17,-11,-17,-10,-16,-12,-18,-13,-18,-13,-17,-13,-17,-12,-17,-14,-17,-14,-16,-13,-16,-14,-16,-13,-17,-11,-16,-12,-16,-11,-16,-13,-14,-13,-15,-13,-14,0,0,-12,-14,-12,-14,-12,-14,-11,-13,-11,-12,-10,-13,-10,-12,-9,-12,-10,-11,-9,-11,-9,-11,-8,-11,-8,-11,-6,-10,-6,-11,-7,-11,-6,-10,-5,-10,-5,-10,-2,-10,-3,-10,-1,-10,-1,-10,0,-12,0,-10,2,-11,0,0]"
CSI_DATA: 873,5,194,194,199,193,208,0,-23,-23,80968.27,80977.267,111.763,81275.248,323.399,151.248,"[10,10,10,10,11,9,11,10,11,10,10,9,10,9,10,9,10,9,10,8,11,9,11,8,11,8,11,8,11,9,12,8,11,7,11,7,11,7,11,7,11,8,11,7,11,7,12,6,12,7,13,6,0,0,12,6,13,6,13,6,13,5,13,6,14,6,13,6,13,6,13,6,13,6,14,6,13,6,13,6,13,7,13,6,13,6,14,7,13,6,13,7,13,7,12,7,12,8,12,8,13,8,11,9,11,9,0,0,-8,11,-8,12,-6,12,-8,13,-7,12,-7,13,-7,12,-7,12,-7,12,-6,12,-7,13,-6,13,-6,13,-6,13,-7,13,-5,15,-5,14,-5,13,-5,14,-6,14,-6,14,-6,15,-6,14,-4,15,-6,16,-5,16,0,0,-5,16,-5,16,-5,17,-4,16,-5,16,-5,16,-6,16,-5,16,-5,17,-5,16,-5,17,-5,16,-5,16,-6,17,-5,17,-6,18,-5,17,-6,18,-6,17,-6,17,-8,17,-8,16,-8,16,-8,17,-10,17,-10,16,0,0]"
CSI_DATA: 874,6,181,181,187,180,208,0,-25,-18,80578.948,80980.427,167.109,81336.10,384.161,212.10,"[4,10,5,10,6,9,6,11,6,11,6,11,6,11,7,11,6,11,7,11,7,13,8,12,7,12,7,12,8,12,9,12,9,11,9,12,9,11,9,12,9,13,10,12,9,12,10,11,11,13,11,12,0,0,11,12,12,13,12,12,12,12,12,13,12,13,12,13,12,13,12,13,12,13,12,13,11,13,11,13,12,13,12,13,12,13,11,14,12,13,12,13,11,13,10,14,10,14,10,15,10,14,10,15,9,15,0,0,-11,-8,-12,-8,-12,-7,-13,-8,-13,-7,-13,-8,-13,-8,-13,-8,-14,-8,-13,-8,-15,-8,-15,-8,-15,-7,-15,-7,-15,-8,-16,-6,-16,-6,-16,-6,-16,-5,-17,-6,-17,-6,-18,-5,-17,-5,-18,-3,-19,-5,-21,-3,0,0,-21,-3,-21,-4,-22,-3,-21,-2,-22,-3,-22,-3,-23,-4,-23,-3,-23,-3,-23,-2,-25,-2,-24,-3,-24,-3,-25,-4,-25,-4,-26,-3,-26,-4,-26,-4,-26,-5,-25,-5,-26,-6,-26,-7,-26,-7,-26,-7,-26,-9,-26,-9,0,0]"
CSI_DATA: 875,7,174,174,177,174,208,0,-29,-19,80886.199,80895.439,211.502,81403.141,451.292,279.141,"[3,12,3,11,4,12,4,12,3,11,4,11,4,10,4,10,4,10,5,10,6,11,6,10,5,11,5,10,5,11,6,9,5,8,5,8,6,9,5,8,5,8,6,7,6,7,7,6,7,6,8,5,0,0,9,4,9,4,9,3,10,3,11,3,12,3,12,3,13,2,14,2,14,1,16,1,15,2,16,1,17,1,18,1,19,1,20,1,20,2,21,2,21,3,23,4,23,5,24,6,25,5,25,7,25,8,0,0,4,19,4,20,5,18,5,21,4,20,4,20,3,19,3,19,2,19,2,17,2,18,3,17,3,16,3,15,3,15,5,15,6,14,5,14,7,14,6,14,6,15,7,15,6,15,9,14,9,16,9,16,0,0,9,15,9,15,10,16,9,15,9,16,9,16,9,16,9,16,9,16,9,16,10,16,8,16,8,16,8,16,8,16,9,17,8,16,8,17,7,16,7,16,7,17,6,16,6,16,6,16,5,17,5,16,0,0]"
CSI_DATA: 876,3,177,177,204,176,209,0,-22,-33,81355.532,81357.196,11.802,81530.598,127.457,16.598,"[13,1,13,1,13,0,14,1,13,0,13,0,13,0,13,0,13,0,13,-1,14,-1,14,-2,14,-2,14,-2,14,-2,14,-3,13,-3,13,-3,14,-4,14,-4,14,-4,14,-5,14,-4,14,-6,15,-6,15,-7,0,0,15,-7,15,-8,16,-8,15,-8,16,-8,16,-9,17,-9,16,-9,16,-9,16,-9,17,-10,17,-9,18,-9,18,-10,18,-10,19,-10,19,-10,19,-10,20,-10,20,-9,21,-8,21,-8,21,-7,22,-8,22,-6,22,-6,0,0,-12,-10,-13,-10,-12,-10,-13,-12,-12,-11,-12,-12,-11,-12,-11,-12,-11,-12,-10,-11,-11,-12,-11,-11,-11,-11,-10,-11,-10,-12,-11,-11,-11,-11,-10,-11,-10,-11,-10,-12,-9,-12,-10,-12,-9,-11,-10,-11,-10,-12,-10,-11,0,0,-10,-10,-9,-10,-10,-11,-9,-9,-9,-10,-9,-10,-8,-10,-8,-9,-9,-9,-9,-8,-9,-8,-9,-8,-9,-7,-10,-7,-10,-6,-11,-6,-11,-6,-12,-6,-12,-6,-12,-6,-13,-7,-12,-7,-13,-7,-14,-7,-14,-9,-15,-9,0,0]"
CSI_DATA: 877,4,182,182,203,181,209,0,-26,-44,81352.554,81354.218,57.655,81590.314,187.173,76.314,"[-3,-13,-4,-13,-4,-13,-4,-14,-4,-13,-4,-13,-5,-13,-4,-12,-5,-13,-4,-12,-5,-13,-5,-13,-5,-13,-5,-12,-5,-13,-6,-12,-6,-11,-6,-11,-7,-11,-6,-11,-6,-12,-7,-11,-7,-11,-8,-10,-8,-11,-8,-11,0,0,-9,-11,-9,-11,-10,-11,-10,-10,-10,-11,-10,-11,-10,-11,-10,-10,-11,-11,-11,-11,-11,-12,-10,-12,-11,-12,-11,-12,-11,-13,-11,-13,-11,-13,-11,-13,-10,-14,-9,-14,-9,-15,-8,-15,-8,-15,-8,-15,-6,-16,-6,-15,0,0,-9,-7,-9,-7,-10,-7,-11,-8,-10,-7,-10,-8,-10,-7,-10,-8,-11,-7,-11,-7,-12,-7,-12,-7,-12,-7,-13,-7,-13,-8,-14,-7,-13,-6,-12,-7,-13,-7,-13,-8,-12,-8,-12,-7,-11,-7,-12,-6,-12,-8,-12,-7,0,0,-11,-7,-11,-6,-11,-7,-9,-6,-10,-6,-9,-6,-8,-6,-8,-5,-7,-6,-6,-5,-7,-5,-6,-5,-5,-5,-6,-5,-4,-5,-4,-4,-4,-4,-4,-4,-4,-5,-3,-4,-3,-5,-3,-5,-3,-5,-3,-5,-2,-6,-2,-6,0,0]"
CSI_DATA: 878,5,195,195,200,194,209,0,-36,-20,81355.588,81357.252,102.254,81663.329,260.188,149.329,"[22,5,22,5,22,4,22,5,21,5,20,5,19,6,18,5,18,6,17,5,19,5,18,5,17,5,17,5,16,5,17,4,15,4,15,4,15,4,14,5,14,5,13,4,12,4,12,3,12,4,12,3,0,0,11,3,10,3,10,2,9,2,9,2,8,2,8,2,7,1,7,1,6,1,6,0,5,0,5,0,4,-1,4,-1,4,-2,3,-2,3,-3,3,-4,3,-4,3,-5,3,-5,2,-6,3,-7,3,-7,3,-7,0,0,-4,13,-4,14,-2,13,-3,15,-3,14,-3,14,-3,14,-3,14,-2,14,-2,13,-2,15,-1,15,-1,15,0,15,-1,15,1,16,1,15,1,15,1,15,1,15,1,16,1,16,1,15,3,16,2,17,3,17,0,0,3,17,3,17,4,18,4,17,4,18,4,18,3,18,4,18,5,18,4,18,6,19,4,18,4,19,4,19,4,19,5,20,4,19,4,21,3,20,3,20,2,21,2,20,1,20,2,21,0,22,-1,22,0,0]"
CSI_DATA: 879,6,182,182,188,181,209,0,-32,-19,81358.748,81360.412,157.592,81719.567,316.426,205.567,"[-5,-4,-5,-3,-5,-3,-5,-3,-6,-2,-6,-2,-6,-1,-7,-1,-7,-1,-7,0,-8,0,-8,0,-8,1,-9,1,-9,1,-10,2,-9,2,-10,2,-10,3,-11,3,-11,2,-11,3,-12,3,-11,3,-13,3,-12,4,0,0,-12,4,-14,4,-13,5,-14,5,-14,5,-15,5,-14,5,-14,5,-15,5,-15,5,-16,5,-15,5,-16,5,-16,5,-16,5,-16,6,-17,6,-17,5,-17,5,-17,4,-18,4,-17,4,-18,3,-18,3,-18,2,-18,2,0,0,-7,12,-7,13,-6,13,-8,13,-7,13,-7,13,-7,13,-7,13,-8,13,-6,13,-7,14,-6,14,-6,14,-6,14,-6,14,-5,15,-4,14,-4,14,-4,14,-4,15,-5,15,-4,15,-4,15,-2,16,-3,17,-2,17,0,0,-2,17,-2,18,-2,18,-1,18,-2,18,-2,18,-2,19,-2,18,-2,19,-1,19,-1,20,-1,19,-2,19,-2,20,-2,20,-2,20,-2,20,-2,21,-3,20,-4,20,-4,21,-4,20,-5,20,-4,20,-6,20,-6,20,0,0]"
CSI_DATA: 880,7,175,175,177,175,209,0,-29,-18,80886.199,81275.425,201.877,81783.697,380.556,269.697,"[3,12,3,11,4,12,4,12,3,11,4,11,4,10,4,10,4,10,5,10,6,11,6,10,5,11,5,10,5,11,6,9,5,8,5,8,6,9,5,8,5,8,6,7,6,7,7,6,7,6,8,5,0,0,9,4,9,4,9,3,10,3,11,3,12,3,12,3,13,2,14,2,14,1,16,1,15,2,16,1,17,1,18,1,19,1,20,1,20,2,21,2,21,3,23,4,23,5,24,6,25,5,25,7,25,8,0,0,11,12,11,12,12,11,12,13,11,12,11,13,11,12,11,12,10,13,10,11,10,13,10,12,10,11,10,10,10,10,12,9,11,8,11,9,12,8,12,9,12,9,13,8,12,9,13,7,14,9,14,9,0,0,14,8,14,8,15,8,15,8,15,9,15,9,15,9,14,9,14,9,14,9,15,9,14,9,14,9,14,9,14,9,14,9,14,9,14,10,13,10,13,10,13,11,12,10,12,10,13,10,11,11,11,12,0,0]"
CSI_DATA: 881,3,178,178,205,177,210,0,-20,-36,81745.737,81747.263,11.879,81917.244,133.547,13.244,"[11,7,12,6,12,5,13,6,12,6,12,6,12,6,12,6,12,6,12,5,13,5,14,5,14,5,14,4,13,5,15,4,14,3,13,4,14,3,14,4,15,4,15,3,14,4,15,2,16,3,16,2,0,0,16,2,17,2,17,2,17,1,17,2,18,2,18,2,18,2,18,2,18,2,19,1,19,2,19,2,19,2,19,3,20,2,20,3,20,3,20,4,19,4,19,6,20,6,20,6,20,6,19,7,18,8,0,0,-4,-14,-4,-15,-5,-14,-4,-15,-3,-15,-3,-15,-3,-14,-2,-14,-2,-14,-3,-13,-3,-14,-3,-13,-3,-13,-3,-13,-3,-13,-4,-13,-4,-12,-3,-12,-4,-12,-3,-11,-3,-12,-4,-11,-3,-11,-4,-11,-4,-11,-5,-12,0,0,-4,-11,-5,-11,-5,-11,-5,-11,-5,-11,-4,-11,-4,-10,-4,-10,-4,-10,-4,-10,-5,-10,-4,-9,-3,-9,-3,-9,-3,-9,-3,-9,-3,-8,-3,-8,-3,-7,-2,-7,-2,-7,-2,-6,-2,-6,-2,-6,-1,-5,-1,-5,0,0]"
CSI_DATA: 882,5,196,196,201,195,210,0,-33,-22,81745.794,81747.320,102.242,82007.535,223.838,103.535,"[-13,8,-13,8,-12,9,-13,10,-13,9,-13,9,-13,9,-12,9,-12,10,-11,10,-12,11,-11,12,-12,12,-11,12,-12,12,-11,13,-10,13,-10,13,-10,15,-11,14,-11,15,-10,15,-11,15,-9,17,-10,17,-10,17,0,0,-9,18,-9,18,-9,19,-8,18,-9,20,-9,20,-9,20,-9,20,-9,20,-9,20,-9,21,-9,20,-10,21,-9,21,-9,20,-10,21,-11,21,-10,21,-11,20,-12,19,-13,19,-13,19,-13,18,-13,18,-14,16,-14,16,0,0,-5,13,-5,13,-3,13,-5,14,-4,13,-4,14,-5,14,-5,14,-5,14,-4,13,-4,15,-3,16,-2,16,-2,16,-4,16,-2,17,-1,17,-2,16,-1,18,-3,18,-3,18,-2,18,-3,18,0,19,-2,20,0,20,0,0,-1,20,-1,20,-1,21,-1,21,-1,21,-2,21,-2,21,-2,21,-2,22,-1,21,0,23,-1,21,-1,21,-2,22,-2,22,-1,24,-2,23,-2,24,-3,23,-4,23,-5,23,-5,22,-5,23,-4,24,-6,24,-7,24,0,0]"
CSI_DATA: 883,7,176,176,178,176,210,0,-20,-21,81663.968,81665.494,201.877,82107.273,323.576,203.273,"[-9,-15,-9,-15,-10,-14,-9,-15,-9,-14,-8,-14,-8,-14,-8,-14,-8,-14,-8,-13,-8,-14,-9,-13,-9,-13,-8,-13,-8,-13,-9,-13,-9,-12,-8,-11,-9,-12,-8,-12,-8,-12,-9,-11,-8,-11,-10,-11,-10,-12,-10,-11,0,0,-10,-10,-11,-11,-11,-11,-11,-10,-11,-10,-11,-10,-12,-11,-11,-10,-12,-10,-12,-10,-13,-10,-12,-11,-13,-11,-13,-11,-14,-11,-14,-11,-14,-12,-14,-12,-14,-13,-13,-13,-13,-14,-13,-14,-13,-15,-14,-15,-12,-17,-12,-17,0,0,12,-12,12,-13,11,-13,13,-13,12,-12,13,-13,13,-13,13,-12,13,-11,12,-11,13,-12,12,-12,11,-11,10,-11,10,-11,9,-13,8,-13,8,-13,8,-14,8,-14,9,-14,8,-14,8,-14,7,-16,9,-16,8,-17,0,0,8,-17,9,-17,8,-17,8,-17,10,-17,10,-17,10,-16,10,-16,10,-17,10,-16,10,-17,10,-15,10,-15,10,-16,10,-15,10,-16,10,-15,10,-15,10,-14,10,-13,11,-13,11,-12,10,-12,10,-12,10,-11,10,-11,0,0]"
CSI_DATA: 884,3,179,179,206,178,211,0,-20,-37,82135.531,82138.362,12.968,82308.309,201.36,14.309,"[-15,-1,-16,-1,-15,1,-16,0,-16,0,-16,0,-16,0,-15,0,-16,0,-16,1,-17,1,-16,2,-17,2,-16,2,-17,2,-17,3,-16,3,-16,3,-17,4,-17,3,-17,3,-17,4,-17,3,-17,5,-18,5,-18,6,0,0,-18,6,-19,6,-19,6,-18,6,-19,6,-20,6,-20,6,-19,6,-19,7,-19,7,-20,7,-20,6,-21,6,-21,7,-21,7,-22,7,-22,7,-22,6,-22,6,-22,5,-23,4,-23,3,-23,3,-24,4,-24,2,-24,2,0,0,9,3,8,2,8,2,8,2,7,2,6,2,6,1,6,1,5,0,5,0,5,-1,4,-1,4,0,4,-1,3,-1,3,-2,3,-2,2,-2,1,-2,1,-2,1,-2,0,-3,0,-2,0,-2,-1,-3,-2,-3,0,0,-2,-3,-3,-3,-3,-3,-4,-3,-4,-3,-4,-3,-5,-4,-5,-4,-6,-4,-6,-4,-7,-4,-7,-4,-7,-5,-8,-4,-9,-6,-9,-6,-9,-6,-9,-6,-10,-7,-9,-7,-10,-8,-9,-8,-9,-8,-9,-8,-9,-9,-8,-10,0,0]"
CSI_DATA: 885,4,183,183,204,182,211,0,-28,-33,82132.555,82135.386,57.681,82359.282,252.09,65.282,"[5,7,5,7,6,6,6,8,6,8,7,8,7,7,7,7,7,8,8,7,8,7,9,7,9,7,9,7,9,7,10,6,10,6,10,6,10,6,11,6,10,6,11,5,11,6,12,4,13,5,13,5,0,0,14,4,14,4,15,4,14,3,15,4,15,4,15,4,15,3,16,3,16,3,17,3,16,3,16,4,17,3,17,4,19,4,18,4,19,4,18,5,17,5,18,7,17,6,18,7,18,6,17,9,17,9,0,0,1,-15,1,-15,0,-15,1,-16,1,-15,1,-15,0,-15,0,-14,0,-14,0,-14,-1,-15,-1,-15,-1,-14,-1,-14,0,-14,-2,-14,-3,-13,-2,-13,-3,-12,-3,-12,-3,-13,-4,-12,-4,-12,-6,-12,-6,-12,-7,-12,0,0,-8,-12,-8,-12,-9,-12,-10,-12,-10,-12,-10,-13,-11,-13,-11,-13,-12,-13,-12,-13,-14,-14,-13,-14,-13,-14,-14,-15,-14,-15,-15,-16,-15,-16,-15,-17,-15,-18,-15,-18,-14,-20,-13,-20,-13,-20,-14,-21,-13,-22,-12,-23,0,0]"
CSI_DATA: 886,6,183,183,189,182,211,0,-21,-17,82138.749,82141.580,157.729,82453.116,345.843,159.116,"[5,5,5,4,5,4,5,4,5,4,5,4,5,4,5,4,5,4,6,3,6,3,6,3,6,3,6,3,6,3,7,2,6,2,6,2,7,2,7,2,7,2,7,2,7,2,7,1,8,2,8,1,0,0,8,1,8,1,9,1,9,1,9,1,9,1,9,1,9,1,10,1,10,1,10,1,10,1,10,1,10,1,10,2,11,2,11,2,10,2,10,2,10,3,10,3,10,4,10,4,10,4,10,5,9,5,0,0,4,-14,4,-14,3,-14,5,-15,4,-15,4,-15,4,-15,4,-15,4,-15,3,-15,4,-16,3,-16,3,-16,2,-16,3,-16,1,-17,1,-16,1,-16,0,-16,0,-17,1,-17,0,-17,0,-17,-2,-17,-2,-19,-3,-19,0,0,-3,-19,-3,-20,-4,-20,-4,-20,-4,-20,-3,-21,-4,-21,-3,-21,-4,-22,-5,-22,-6,-23,-5,-23,-4,-23,-4,-24,-4,-24,-4,-24,-4,-24,-4,-25,-3,-25,-3,-25,-2,-26,-1,-25,-1,-26,-1,-26,0,-27,2,-27,0,0]"
CSI_DATA: 887,7,177,177,179,177,211,0,-22,-19,82053.763,82056.594,211.886,82507.362,400.89,213.362,"[4,14,5,14,6,13,5,15,5,14,5,14,4,13,4,13,4,13,4,12,5,13,5,13,5,13,5,12,4,13,5,12,5,11,5,11,6,11,5,12,5,12,6,11,5,11,7,10,7,12,7,11,0,0,7,10,7,11,8,11,8,10,8,11,8,11,8,11,8,11,9,11,9,11,10,11,9,11,9,11,10,12,9,11,10,12,10,13,10,13,10,13,9,13,9,15,9,15,9,15,9,15,8,16,8,16,0,0,-18,-5,-18,-4,-19,-4,-19,-5,-19,-5,-19,-5,-19,-5,-18,-5,-18,-5,-17,-5,-18,-5,-18,-4,-18,-4,-17,-3,-16,-4,-17,-2,-16,-1,-16,-1,-17,0,-17,-1,-18,-1,-18,0,-17,0,-18,2,-19,1,-19,2,0,0,-19,2,-20,2,-20,2,-20,2,-19,2,-21,1,-20,1,-20,1,-20,1,-20,1,-21,1,-20,1,-20,0,-20,0,-20,0,-20,0,-20,0,-19,0,-19,-2,-18,-2,-19,-2,-18,-3,-18,-3,-18,-2,-17,-3,-17,-4,0,0]"
CSI_DATA: 888,3,180,180,207,179,212,0,-20,-31,82525.546,82527.276,11.687,82697.327,189.965,13.328,"[0,6,0,6,1,6,1,7,1,6,1,6,1,6,1,6,1,6,1,6,2,7,2,7,2,7,2,7,2,7,2,7,2,7,2,6,3,7,3,7,3,7,3,7,2,7,3,7,3,7,4,7,0,0,4,7,4,7,4,8,4,7,4,8,4,8,4,8,4,8,4,8,4,7,5,8,4,8,4,8,5,8,4,8,5,9,4,8,4,9,4,9,4,9,4,9,4,9,3,9,3,9,2,9,2,9,0,0,4,3,4,4,4,4,4,4,4,5,4,5,4,5,4,6,4,6,4,6,5,7,5,7,5,7,5,7,5,7,6,7,6,7,5,7,6,7,6,8,6,8,6,8,6,8,8,7,8,8,9,8,0,0,8,8,9,8,10,8,10,8,10,8,10,9,10,9,10,9,11,9,11,9,12,9,11,9,11,8,12,9,12,9,13,9,12,9,12,10,12,10,11,10,11,11,10,10,11,10,11,10,10,10,9,11,0,0]"
CSI_DATA: 889,4,184,184,205,183,212,0,-32,-26,82522.571,82524.301,57.468,82743.145,235.783,59.146,"[-1,5,-1,6,0,6,0,7,0,7,0,7,1,7,1,7,1,8,1,7,2,8,2,8,3,8,3,9,3,9,5,8,5,8,5,8,6,9,6,9,6,9,7,9,7,9,8,9,9,10,10,9,0,0,11,9,11,9,12,10,12,9,13,10,13,10,13,10,14,10,15,10,14,10,16,10,15,11,16,11,17,11,16,11,18,11,17,12,18,12,18,13,17,13,17,14,17,15,16,16,17,16,15,17,15,17,0,0,-1,-15,-1,-15,-2,-15,-2,-16,-2,-15,-2,-15,-2,-15,-2,-14,-2,-14,-2,-14,-3,-15,-3,-14,-3,-14,-4,-14,-3,-14,-5,-14,-5,-13,-5,-13,-5,-13,-5,-13,-5,-13,-6,-12,-5,-13,-7,-12,-7,-13,-8,-13,0,0,-8,-12,-9,-13,-10,-12,-11,-12,-10,-13,-10,-13,-10,-13,-10,-13,-11,-13,-12,-13,-13,-14,-11,-14,-12,-14,-12,-15,-13,-14,-14,-15,-14,-15,-14,-16,-13,-17,-12,-17,-12,-18,-11,-18,-11,-19,-12,-19,-10,-20,-9,-20,0,0]"
CSI_DATA: 890,5,198,198,203,197,212,0,-25,-19,82525.604,82527.334,102.52,82802.381,295.19,118.382,"[-3,-17,-3,-17,-4,-17,-3,-17,-3,-17,-2,-16,-3,-16,-2,-16,-2,-16,-2,-16,-3,-16,-3,-15,-2,-16,-3,-15,-2,-15,-4,-15,-3,-14,-3,-14,-4,-14,-3,-15,-3,-14,-4,-14,-3,-14,-4,-14,-4,-14,-5,-14,0,0,-5,-14,-5,-14,-6,-14,-6,-13,-5,-13,-6,-14,-5,-14,-5,-14,-5,-13,-5,-13,-6,-14,-5,-14,-5,-14,-5,-14,-5,-14,-6,-14,-5,-15,-5,-14,-4,-14,-4,-14,-4,-14,-3,-15,-3,-15,-3,-15,-2,-15,-1,-14,0,0,-7,-13,-7,-13,-8,-12,-8,-13,-8,-12,-8,-13,-8,-12,-8,-13,-8,-12,-8,-12,-9,-12,-10,-12,-10,-12,-10,-11,-9,-12,-11,-12,-11,-11,-11,-11,-11,-11,-11,-12,-11,-12,-12,-12,-11,-12,-13,-11,-13,-12,-14,-12,0,0,-13,-11,-14,-12,-15,-11,-15,-11,-14,-11,-15,-12,-14,-12,-14,-12,-15,-12,-15,-12,-17,-12,-15,-12,-16,-12,-16,-13,-17,-13,-17,-13,-17,-13,-17,-14,-17,-15,-16,-16,-16,-17,-15,-16,-15,-17,-16,-17,-14,-18,-14,-19,0,0]"
CSI_DATA: 891,6,184,184,190,183,212,0,-22,-19,82528.766,82530.496,157.404,82879.581,372.219,195.582,"[-4,-4,-4,-4,-5,-3,-5,-4,-5,-4,-5,-4,-5,-3,-5,-3,-5,-3,-5,-3,-6,-4,-6,-3,-6,-3,-6,-3,-6,-3,-6,-3,-6,-3,-6,-3,-6,-2,-6,-3,-6,-3,-6,-2,-6,-3,-7,-2,-7,-2,-7,-2,0,0,-7,-1,-8,-2,-8,-1,-8,-1,-8,-1,-8,-1,-8,-1,-8,-1,-8,-1,-8,-1,-9,-1,-9,-2,-9,-2,-9,-1,-9,-2,-9,-1,-9,-2,-9,-2,-9,-2,-9,-2,-9,-2,-9,-3,-9,-3,-9,-3,-9,-3,-9,-4,0,0,-5,13,-5,13,-4,14,-6,15,-5,15,-6,15,-6,15,-6,14,-6,15,-6,15,-6,16,-5,16,-5,16,-4,16,-5,15,-4,17,-3,15,-4,16,-3,16,-3,17,-4,17,-3,17,-3,18,0,18,-2,19,0,19,0,0,-1,19,0,20,0,20,0,21,0,21,0,22,-1,21,0,21,0,22,0,22,1,23,0,23,0,22,-1,23,-1,24,0,25,0,25,-1,25,-2,25,-3,24,-4,26,-4,24,-4,26,-4,26,-6,26,-7,25,0,0]"
CSI_DATA: 892,7,178,178,180,178,212,0,-18,-20,82443.780,82445.510,201.680,82943.147,435.785,259.148,"[14,7,15,7,15,6,15,8,14,7,14,7,14,6,13,6,13,6,13,6,14,7,14,6,14,6,13,5,13,6,14,4,13,4,13,4,14,4,13,4,14,5,13,4,13,4,14,3,14,4,15,3,0,0,14,2,14,2,15,2,15,1,15,2,16,2,15,2,15,2,16,1,16,1,17,1,16,2,16,2,17,2,17,1,18,1,18,2,18,2,18,3,18,3,18,4,18,4,19,5,19,5,18,6,18,7,0,0,-13,14,-13,14,-12,15,-14,15,-14,14,-14,14,-14,14,-14,14,-14,13,-13,13,-14,14,-13,14,-13,13,-12,13,-12,13,-11,15,-10,14,-10,14,-9,15,-10,15,-11,15,-10,16,-10,15,-8,17,-10,17,-9,18,0,0,-9,17,-10,18,-9,19,-9,19,-10,18,-10,19,-10,18,-10,17,-10,18,-10,18,-10,19,-11,17,-10,17,-11,18,-11,18,-11,18,-10,18,-11,17,-12,17,-12,16,-13,16,-12,14,-13,14,-13,15,-14,13,-13,13,0,0]"
CSI_DATA: 893,3,181,181,208,180,213,0,-24,-32,82915.848,82917.214,8.98,83087.180,144.33,13.180,"[-15,-7,-15,-7,-15,-6,-16,-7,-15,-6,-16,-6,-16,-6,-15,-6,-16,-6,-15,-5,-17,-6,-17,-5,-17,-5,-17,-5,-17,-6,-17,-5,-17,-5,-16,-4,-17,-4,-17,-5,-17,-5,-18,-4,-17,-5,-18,-3,-19,-4,-19,-3,0,0,-18,-3,-19,-3,-20,-3,-19,-2,-19,-3,-20,-3,-20,-3,-19,-2,-20,-3,-19,-2,-21,-2,-20,-3,-20,-3,-21,-3,-20,-3,-21,-4,-21,-3,-21,-4,-21,-4,-20,-4,-21,-5,-21,-6,-21,-6,-21,-6,-20,-7,-20,-8,0,0,2,-6,2,-6,2,-6,3,-7,3,-6,4,-7,4,-7,4,-7,4,-7,4,-7,5,-9,5,-9,5,-9,5,-9,6,-9,5,-10,5,-10,5,-10,5,-10,6,-10,6,-10,6,-10,6,-10,4,-12,6,-12,5,-12,0,0,5,-13,5,-13,4,-13,4,-13,5,-14,5,-14,5,-14,5,-14,5,-15,4,-14,4,-16,5,-15,4,-15,4,-15,4,-16,4,-17,4,-16,5,-17,5,-16,5,-16,6,-16,6,-15,6,-16,5,-16,7,-16,8,-16,0,0]"
CSI_DATA: 894,4,185,185,206,184,213,0,-33,-27,82912.874,82914.240,53.942,83143.820,200.673,69.820,"[0,0,0,0,0,0,-1,-1,-1,-1,-1,-2,-1,-2,-2,-3,-2,-3,-2,-3,-3,-4,-4,-4,-4,-4,-4,-4,-5,-4,-5,-4,-6,-4,-6,-4,-7,-4,-7,-4,-8,-4,-8,-4,-9,-4,-10,-3,-11,-3,-12,-2,0,0,-13,-2,-14,-2,-15,-1,-15,0,-16,-1,-17,0,-18,0,-18,0,-19,1,-20,2,-22,3,-21,2,-23,3,-25,3,-24,3,-26,4,-27,5,-28,5,-28,4,-29,4,-31,3,-31,2,-32,3,-33,4,-34,2,-34,2,0,0,7,12,7,13,7,12,7,13,7,13,7,13,7,13,7,12,7,12,7,12,8,13,8,12,8,12,8,12,7,12,8,11,8,10,7,10,8,10,8,10,7,11,8,10,8,10,9,9,9,10,10,9,0,0,10,9,10,9,11,8,11,8,11,8,12,9,11,9,12,8,13,8,13,8,14,8,13,8,14,8,14,8,15,8,16,8,15,9,16,10,16,10,16,11,16,12,15,12,15,13,16,13,16,15,15,16,0,0]"
CSI_DATA: 895,5,199,199,204,198,213,0,-22,-21,82915.907,82917.273,98.526,83204.679,261.532,130.679,"[-12,-12,-12,-12,-12,-11,-13,-13,-13,-12,-13,-12,-12,-12,-12,-11,-13,-11,-12,-10,-13,-11,-14,-10,-14,-10,-13,-10,-14,-11,-14,-9,-14,-9,-13,-8,-14,-9,-14,-9,-14,-9,-15,-9,-14,-8,-15,-7,-16,-8,-16,-8,0,0,-16,-7,-17,-8,-18,-8,-16,-6,-17,-8,-17,-8,-17,-8,-17,-8,-18,-8,-17,-7,-19,-7,-18,-8,-18,-8,-19,-9,-17,-9,-19,-9,-18,-9,-18,-10,-18,-10,-17,-10,-17,-11,-16,-12,-16,-12,-16,-12,-15,-13,-15,-13,0,0,2,4,2,5,3,4,3,5,3,5,3,5,3,5,3,5,3,5,3,4,3,5,4,5,4,5,4,5,4,5,4,5,4,5,4,5,4,5,4,5,4,5,4,5,4,5,5,4,5,5,5,5,0,0,5,5,5,5,6,5,6,5,6,5,6,6,6,5,6,5,6,5,6,5,6,5,6,5,6,5,6,5,6,6,7,6,6,6,6,6,6,6,6,6,6,7,5,7,5,7,6,7,5,7,5,8,0,0]"
CSI_DATA: 896,7,179,179,181,179,213,0,-18,-20,82834.84,82835.449,198.138,83277.315,334.168,203.315,"[8,-6,8,-6,8,-7,9,-7,8,-7,8,-7,8,-6,8,-6,8,-6,7,-6,8,-7,7,-7,7,-7,7,-7,7,-6,7,-7,6,-7,6,-7,6,-7,6,-7,7,-7,6,-7,6,-7,5,-8,6,-8,6,-8,0,0,5,-8,5,-9,5,-9,5,-9,5,-9,5,-10,5,-10,5,-9,5,-10,5,-10,5,-11,6,-10,5,-11,6,-11,6,-11,6,-12,6,-12,6,-11,7,-11,7,-11,8,-11,8,-11,8,-11,8,-12,9,-11,9,-11,0,0,2,-19,2,-19,1,-18,2,-20,2,-19,2,-19,3,-19,3,-18,3,-18,3,-17,3,-18,2,-17,2,-17,2,-16,2,-16,1,-16,0,-16,0,-15,-1,-15,0,-16,0,-16,-1,-16,0,-16,-3,-16,-2,-17,-3,-17,0,0,-3,-17,-2,-17,-3,-18,-3,-17,-2,-17,-2,-17,-2,-17,-1,-17,-2,-17,-2,-17,-2,-17,-1,-16,-1,-16,-1,-17,-1,-16,-2,-17,-2,-16,-1,-16,0,-16,0,-15,0,-16,0,-15,0,-15,-1,-15,1,-15,1,-15,0,0]"
CSI_DATA: 897,3,182,182,209,181,214,0,-26,-30,83305.986,83307.189,11.789,83477.222,199.907,13.224,"[18,0,18,-1,18,-1,20,-1,18,0,19,0,18,0,18,0,18,1,17,0,19,0,19,-1,19,0,19,0,19,1,19,0,18,0,17,0,19,-1,18,0,19,0,18,0,17,0,18,-2,19,-1,19,-2,0,0,19,-2,19,-1,20,-2,18,-2,19,-1,19,-1,19,-1,18,-2,18,-1,17,-2,19,-3,18,-1,19,-2,19,-3,18,-1,19,-2,18,-2,19,-2,19,-1,18,-1,19,-1,19,0,18,0,20,-1,19,1,19,1,0,0,-4,9,-4,9,-4,10,-5,11,-5,11,-5,11,-5,11,-5,11,-5,11,-5,11,-5,13,-5,13,-5,13,-5,13,-6,13,-5,14,-4,14,-5,14,-4,14,-5,15,-5,15,-4,15,-5,14,-3,15,-4,16,-3,17,0,0,-3,16,-3,17,-2,17,-2,17,-2,18,-3,18,-3,18,-3,17,-2,18,-2,18,-2,19,-2,17,-2,17,-3,18,-3,18,-3,19,-3,18,-3,18,-4,18,-4,17,-5,17,-5,16,-5,16,-4,17,-6,16,-6,16,0,0]"
CSI_DATA: 898,5,200,200,205,199,214,0,-27,-21,83306.45,83307.249,102.244,83567.681,290.366,103.683,"[-4,16,-4,17,-3,17,-4,18,-4,17,-4,18,-4,17,-3,16,-3,17,-2,17,-2,18,-1,18,-1,18,-1,18,-2,18,0,18,0,18,0,17,1,19,0,19,0,19,1,19,0,18,3,19,2,21,3,20,0,0,3,20,2,20,3,22,3,20,2,22,2,21,2,22,2,21,2,22,2,21,3,23,2,22,2,22,1,23,1,21,1,23,1,22,0,23,-1,22,-2,21,-2,22,-3,21,-3,21,-3,21,-4,20,-5,20,0,0,-6,0,-6,0,-6,1,-7,0,-6,1,-6,1,-6,1,-6,1,-6,1,-6,1,-6,1,-6,2,-6,1,-6,2,-6,1,-6,2,-6,2,-6,2,-6,2,-7,2,-7,2,-7,3,-7,2,-7,3,-7,3,-7,3,0,0,-7,3,-7,3,-7,4,-7,4,-7,4,-8,4,-7,4,-7,3,-7,4,-7,4,-8,5,-7,4,-7,4,-8,4,-8,4,-8,5,-8,5,-8,5,-9,4,-9,4,-9,4,-9,4,-9,3,-9,4,-10,3,-10,3,0,0]"
CSI_DATA: 899,6,186,186,192,185,214,0,-23,-18,83309.207,83310.411,157.612,83623.98,345.783,159.100,"[-7,9,-7,10,-6,10,-7,12,-6,11,-6,12,-6,11,-6,12,-6,12,-5,12,-5,13,-4,13,-5,14,-4,14,-5,14,-4,14,-4,14,-4,14,-3,15,-4,15,-4,16,-3,16,-3,15,-2,16,-3,17,-1,18,0,0,-2,18,-2,17,-2,19,-1,17,-2,19,-2,19,-2,19,-2,19,-3,19,-2,18,-1,20,-3,20,-2,20,-2,20,-3,19,-3,21,-3,20,-3,20,-4,20,-4,19,-5,19,-5,19,-6,19,-5,20,-6,18,-7,19,0,0,13,0,14,0,14,-1,15,0,14,0,15,0,15,0,14,0,15,0,14,0,16,-1,15,-2,15,-1,15,-2,15,-1,15,-4,14,-4,14,-3,14,-4,15,-4,15,-4,15,-5,15,-5,15,-8,16,-7,16,-8,0,0,16,-8,16,-9,16,-10,17,-10,17,-10,18,-10,18,-10,18,-10,18,-11,18,-12,19,-14,19,-12,19,-12,20,-12,20,-12,21,-13,21,-12,22,-13,22,-11,22,-10,23,-10,23,-10,24,-9,24,-10,24,-9,25,-8,0,0]"
CSI_DATA: 900,7,180,180,182,180,214,0,-19,-20,83224.222,83225.426,201.879,83680.247,402.932,216.249,"[-6,15,-6,15,-5,15,-6,16,-5,14,-6,15,-5,14,-5,13,-5,14,-5,13,-5,14,-5,14,-4,14,-4,13,-5,14,-3,13,-3,13,-3,12,-2,14,-3,13,-3,13,-2,13,-2,12,-1,13,-1,14,-1,14,0,0,0,14,0,14,1,15,1,13,1,15,1,15,1,15,1,14,2,15,2,14,2,15,1,15,2,15,2,17,2,16,3,17,3,17,2,18,2,18,1,17,1,18,0,18,0,18,0,20,-2,19,-2,20,0,0,16,3,16,3,16,2,17,4,16,4,16,4,16,4,15,4,15,4,14,4,15,4,14,3,14,3,13,2,13,2,14,0,13,-1,13,0,14,-1,14,-1,15,0,15,-1,14,-1,15,-3,16,-2,16,-2,0,0,16,-2,16,-3,17,-3,16,-3,17,-2,17,-2,17,-2,17,-1,17,-2,16,-2,18,-2,17,-1,16,-1,17,-1,17,-2,17,-2,17,-1,17,-1,17,0,16,0,16,1,16,1,16,1,16,1,15,2,15,2,0,0]"
CSI_DATA: 901,4,186,186,208,185,216,0,-22,-23,84082.533,84084.276,57.595,84303.81,622.834,59.75,"[10,4,11,4,11,3,12,3,12,3,12,3,12,3,12,2,12,3,12,1,13,2,13,1,13,1,13,1,14,1,14,0,13,0,13,0,14,-1,14,0,14,0,14,-1,14,0,14,-2,15,-2,15,-3,0,0,15,-3,15,-3,16,-4,15,-3,16,-3,17,-3,17,-3,16,-3,17,-3,16,-4,17,-4,17,-4,17,-4,18,-4,17,-3,18,-3,18,-3,18,-2,18,-2,18,-1,18,-1,18,0,18,1,18,0,17,2,17,2,0,0,-15,7,-15,8,-14,9,-16,8,-15,8,-16,8,-15,8,-15,8,-15,8,-14,9,-15,10,-15,10,-15,10,-14,10,-14,10,-14,11,-13,11,-13,10,-13,11,-14,11,-14,11,-13,12,-13,11,-12,13,-13,13,-13,14,0,0,-12,14,-12,15,-12,15,-11,15,-12,15,-12,16,-13,16,-12,15,-12,17,-12,16,-12,18,-12,17,-12,17,-13,18,-13,18,-14,19,-14,19,-15,19,-15,19,-16,18,-17,18,-17,17,-17,17,-18,18,-19,16,-19,16,0,0]"
CSI_DATA: 902,5,201,201,207,200,216,0,-25,-22,84085.566,84087.308,102.180,84357.936,677.689,113.930,"[10,-14,11,-15,9,-14,11,-15,10,-14,11,-14,10,-13,10,-13,10,-13,9,-13,10,-14,10,-14,9,-14,9,-14,10,-13,8,-13,8,-13,8,-12,8,-13,8,-13,8,-13,8,-13,8,-12,7,-13,8,-14,7,-14,0,0,6,-14,7,-14,6,-14,6,-14,7,-14,6,-15,7,-14,7,-14,7,-14,6,-14,6,-15,7,-14,7,-15,7,-15,7,-14,7,-15,7,-14,8,-15,9,-14,9,-14,9,-14,9,-14,9,-13,9,-13,10,-12,10,-12,0,0,-17,-3,-18,-3,-17,-2,-19,-3,-18,-3,-18,-4,-18,-3,-18,-4,-18,-3,-17,-3,-19,-2,-19,-1,-19,-1,-19,-1,-19,-2,-20,-1,-19,0,-19,0,-20,0,-20,-1,-21,-2,-20,-1,-20,-1,-20,1,-22,0,-22,1,0,0,-22,1,-22,1,-23,2,-22,2,-22,1,-23,1,-23,0,-22,0,-23,1,-22,1,-24,2,-23,1,-24,2,-25,1,-24,1,-25,1,-25,2,-26,1,-26,0,-25,-1,-26,-2,-26,-2,-26,-2,-26,-1,-27,-4,-26,-5,0,0]"
CSI_DATA: 903,6,187,187,194,186,216,0,-23,-18,84088.729,84090.471,157.634,84426.270,746.23,182.264,"[-12,1,-12,2,-11,3,-13,2,-12,3,-12,3,-12,3,-11,3,-12,3,-12,4,-12,4,-12,5,-12,5,-12,5,-13,5,-12,6,-11,5,-11,5,-12,6,-12,7,-12,6,-12,7,-12,6,-12,8,-13,8,-12,8,0,0,-13,8,-13,9,-13,9,-13,9,-13,9,-14,9,-13,9,-13,10,-14,9,-13,9,-14,10,-14,9,-14,9,-15,10,-15,9,-15,10,-15,9,-16,9,-16,9,-16,8,-17,7,-16,7,-17,7,-17,7,-17,5,-17,5,0,0,14,-1,14,-1,14,-1,16,-1,15,-1,15,-1,15,-1,15,-1,15,-1,15,-1,16,-2,16,-2,15,-2,15,-3,15,-2,16,-4,15,-5,15,-4,15,-5,15,-5,16,-4,15,-5,15,-5,15,-8,16,-7,16,-9,0,0,16,-9,17,-9,17,-10,17,-10,17,-10,18,-10,18,-10,18,-10,18,-11,18,-11,19,-13,19,-11,19,-11,20,-11,20,-11,21,-12,20,-11,21,-12,22,-11,22,-10,23,-9,22,-8,23,-9,23,-10,24,-8,24,-7,0,0]"
CSI_DATA: 904,7,181,181,184,181,216,0,-20,-21,84003.745,84005.487,201.888,84492.998,812.751,248.992,"[-13,7,-14,8,-12,8,-14,8,-13,8,-13,8,-13,8,-12,8,-12,8,-11,8,-12,9,-12,9,-12,9,-11,9,-12,9,-11,9,-11,9,-10,9,-10,10,-11,10,-10,10,-10,10,-10,9,-8,11,-10,12,-9,13,0,0,-9,12,-9,13,-9,14,-8,13,-9,14,-9,15,-9,15,-8,15,-9,15,-8,15,-9,17,-9,16,-9,17,-10,18,-10,17,-10,19,-11,19,-11,19,-12,19,-13,18,-14,19,-15,18,-15,19,-15,19,-17,18,-18,18,0,0,-10,-16,-10,-16,-10,-15,-10,-18,-10,-16,-9,-17,-9,-17,-8,-16,-8,-17,-8,-16,-8,-17,-8,-16,-8,-15,-8,-14,-7,-14,-9,-14,-9,-13,-9,-12,-10,-12,-9,-13,-9,-13,-10,-12,-9,-12,-12,-11,-12,-13,-12,-13,0,0,-12,-13,-12,-13,-13,-13,-12,-13,-12,-13,-12,-13,-11,-14,-11,-13,-11,-14,-11,-13,-12,-13,-10,-13,-10,-13,-11,-13,-10,-13,-10,-13,-10,-13,-10,-13,-9,-13,-8,-13,-8,-13,-7,-13,-7,-13,-8,-12,-7,-13,-7,-12,0,0]"
CSI_DATA: 905,3,184,184,211,183,217,0,-28,-24,84475.507,84477.203,11.838,84647.244,154.246,13.244,"[-7,13,-7,14,-6,13,-8,14,-7,13,-7,13,-7,13,-6,12,-7,12,-5,12,-6,13,-5,13,-5,12,-5,12,-6,12,-4,12,-4,12,-4,11,-3,12,-4,12,-4,12,-3,12,-3,11,-2,11,-3,12,-2,13,0,0,-1,12,-1,12,-1,13,0,12,0,13,0,13,0,13,0,13,-1,14,0,13,1,14,0,14,0,14,0,15,-1,14,0,16,0,15,-1,16,-1,16,-2,16,-3,16,-3,16,-3,16,-3,17,-5,16,-5,16,0,0,-19,2,-18,3,-18,4,-20,3,-19,3,-19,3,-19,3,-18,3,-19,3,-18,3,-20,3,-19,4,-19,4,-19,4,-19,3,-19,5,-18,5,-18,4,-18,5,-19,5,-18,4,-18,5,-18,3,-17,6,-19,5,-19,6,0,0,-18,6,-18,6,-18,7,-18,7,-18,6,-18,6,-18,6,-18,6,-18,6,-18,7,-18,7,-17,6,-17,6,-18,5,-18,6,-18,6,-18,6,-18,6,-18,5,-18,4,-18,3,-18,3,-18,2,-18,3,-18,1,-18,0,0,0]"
CSI_DATA: 906,6,188,188,195,187,217,0,-21,-18,84478.732,84480.427,157.715,84793.212,300.214,159.212,"[9,3,10,3,10,2,11,2,10,2,10,2,11,2,10,1,11,1,10,0,12,0,11,0,11,-1,12,-1,12,-1,12,-1,12,-2,11,-2,12,-2,12,-2,12,-2,12,-3,12,-2,13,-4,13,-4,14,-5,0,0,14,-5,14,-5,15,-5,14,-5,15,-5,15,-5,15,-6,15,-5,16,-6,15,-6,16,-6,16,-6,16,-6,17,-6,17,-5,18,-6,17,-5,18,-5,18,-4,18,-4,18,-3,18,-2,18,-2,18,-3,19,-2,18,-1,0,0,-5,11,-4,11,-4,11,-5,12,-4,12,-5,13,-4,13,-4,12,-4,13,-4,13,-4,14,-3,14,-3,14,-2,14,-3,14,-1,14,-1,14,-1,14,0,14,0,15,0,15,0,15,0,15,3,16,2,17,4,18,0,0,3,17,3,18,4,19,4,18,4,19,4,20,4,20,4,20,5,21,5,21,6,23,5,22,4,22,4,23,5,23,5,24,4,24,4,25,3,25,3,25,2,26,1,25,1,25,1,26,-1,26,-2,26,0,0]"
CSI_DATA: 907,3,185,185,212,184,218,0,-26,-25,84865.495,84867.237,11.869,85037.217,244.05,13.214,"[12,6,13,6,13,5,14,6,13,6,13,6,12,6,12,6,12,5,12,5,13,5,13,5,13,4,13,4,13,5,13,4,12,3,12,3,13,3,13,3,13,4,13,3,12,3,13,1,13,2,14,1,0,0,13,1,14,1,14,0,14,-1,15,0,15,0,15,0,15,0,15,-1,15,-1,16,-1,16,-1,17,-1,17,0,16,0,17,-1,18,0,17,0,18,1,17,2,18,3,18,3,18,3,19,3,18,5,18,5,0,0,17,-2,17,-2,17,-4,18,-3,18,-3,17,-2,17,-3,17,-2,17,-2,17,-3,18,-3,17,-3,17,-4,17,-4,17,-2,18,-4,16,-4,17,-3,16,-4,16,-3,17,-3,17,-4,16,-3,16,-5,17,-4,17,-5,0,0,17,-4,17,-5,16,-5,17,-5,16,-4,17,-4,17,-4,16,-4,16,-4,17,-5,17,-5,16,-4,16,-4,16,-4,16,-3,16,-3,16,-3,16,-3,16,-2,15,-1,15,-1,15,0,15,0,14,0,14,1,14,2,0,0]"
CSI_DATA: 908,4,187,187,209,186,218,0,-22,-24,84862.526,84864.267,57.684,85086.369,293.157,62.366,"[0,14,1,14,2,13,1,15,2,14,2,14,2,14,2,13,2,14,3,13,3,14,4,14,4,14,5,14,4,14,5,14,5,13,5,13,6,13,6,14,6,13,7,13,6,13,8,12,9,14,10,13,0,0,10,13,10,13,11,14,11,13,11,14,12,14,12,14,12,14,12,14,12,14,14,15,12,15,13,15,13,16,12,16,13,17,13,17,12,18,12,18,11,18,10,19,9,19,9,19,9,19,7,20,6,20,0,0,-1,12,-1,12,0,12,-1,13,0,13,0,12,0,13,0,12,0,13,0,12,1,14,1,13,1,13,1,13,0,13,2,13,3,13,2,13,3,13,2,13,2,14,3,13,2,13,4,13,4,14,5,14,0,0,5,13,6,14,6,14,6,14,6,14,6,15,6,14,6,15,7,15,7,15,9,16,7,15,7,16,7,16,8,17,8,17,8,17,7,18,7,18,6,18,5,19,5,18,4,19,4,19,3,19,2,19,0,0]"
CSI_DATA: 909,5,202,202,208,201,218,0,-26,-22,84865.557,84867.299,102.269,85144.181,350.969,120.178,"[-12,12,-11,13,-10,13,-12,13,-11,13,-11,12,-11,12,-11,11,-11,12,-10,11,-11,12,-10,12,-10,12,-10,12,-10,11,-9,12,-9,11,-9,11,-9,12,-10,12,-9,11,-8,12,-9,11,-7,12,-8,12,-8,12,0,0,-8,12,-8,12,-8,12,-7,12,-7,12,-8,12,-8,12,-7,12,-7,13,-7,12,-7,13,-7,12,-7,13,-7,13,-7,13,-7,13,-7,14,-8,14,-8,13,-8,12,-9,13,-9,12,-10,12,-9,13,-10,12,-11,12,0,0,-12,-14,-12,-14,-13,-13,-13,-15,-13,-14,-13,-14,-13,-14,-13,-14,-13,-14,-13,-13,-14,-14,-14,-13,-14,-13,-15,-12,-14,-13,-17,-13,-15,-12,-15,-12,-16,-11,-16,-13,-16,-14,-16,-13,-16,-13,-18,-11,-18,-13,-19,-12,0,0,-18,-12,-20,-12,-19,-12,-19,-12,-18,-12,-20,-13,-19,-13,-19,-13,-20,-12,-20,-12,-22,-12,-20,-12,-20,-12,-21,-12,-21,-13,-21,-13,-22,-13,-21,-13,-21,-14,-21,-15,-21,-16,-20,-16,-21,-16,-22,-16,-21,-18,-20,-19,0,0]"
CSI_DATA: 910,6,189,189,195,188,218,0,-21,-17,84478.732,84870.463,157.616,85219.701,426.489,195.698,"[9,3,10,3,10,2,11,2,10,2,10,2,11,2,10,1,11,1,10,0,12,0,11,0,11,-1,12,-1,12,-1,12,-1,12,-2,11,-2,12,-2,12,-2,12,-2,12,-3,12,-2,13,-4,13,-4,14,-5,0,0,14,-5,14,-5,15,-5,14,-5,15,-5,15,-5,15,-6,15,-5,16,-6,15,-6,16,-6,16,-6,16,-6,17,-6,17,-5,18,-6,17,-5,18,-5,18,-4,18,-4,18,-3,18,-2,18,-2,18,-3,19,-2,18,-1,0,0,-13,-10,-13,-9,-14,-9,-14,-10,-14,-10,-14,-9,-14,-10,-15,-9,-15,-10,-15,-9,-16,-10,-16,-9,-16,-9,-16,-8,-16,-9,-17,-7,-16,-7,-17,-7,-17,-6,-18,-6,-18,-7,-18,-6,-18,-6,-20,-4,-21,-5,-21,-3,0,0,-21,-4,-22,-4,-22,-4,-22,-3,-22,-3,-23,-4,-23,-4,-23,-3,-24,-4,-24,-3,-26,-3,-25,-3,-25,-4,-26,-4,-26,-5,-26,-4,-26,-4,-26,-4,-26,-6,-26,-6,-26,-7,-26,-8,-26,-8,-26,-8,-26,-10,-25,-10,0,0]"
CSI_DATA: 911,7,182,182,185,182,218,0,-21,-20,84783.738,84785.480,201.988,85288.655,495.443,264.652,"[-15,-6,-15,-6,-15,-5,-16,-6,-15,-6,-15,-6,-15,-6,-14,-5,-14,-5,-14,-5,-15,-5,-15,-4,-15,-5,-15,-5,-15,-5,-15,-4,-15,-4,-14,-4,-15,-3,-15,-4,-14,-4,-15,-3,-14,-4,-15,-2,-15,-3,-15,-2,0,0,-15,-1,-15,-1,-16,-1,-16,0,-16,-1,-16,0,-17,-1,-16,0,-17,0,-16,0,-18,1,-17,0,-18,0,-19,0,-18,0,-20,1,-20,0,-20,0,-20,-1,-20,-2,-21,-2,-21,-3,-21,-3,-22,-3,-22,-5,-22,-6,0,0,-17,8,-17,8,-17,9,-19,8,-18,8,-18,8,-18,8,-17,7,-18,7,-17,7,-18,7,-17,7,-16,7,-15,7,-15,7,-14,9,-13,9,-13,9,-13,10,-14,9,-14,10,-14,10,-14,10,-13,12,-14,12,-14,13,0,0,-14,12,-14,13,-14,13,-14,13,-14,12,-15,13,-15,12,-15,12,-15,12,-14,12,-15,13,-15,11,-15,11,-15,11,-15,11,-15,12,-15,12,-15,11,-15,11,-15,10,-15,10,-15,9,-15,9,-15,9,-15,8,-15,8,0,0]"
CSI_DATA: 912,4,188,188,210,187,219,0,-23,-28,85252.500,85254.215,57.715,85473.118,184.463,59.119,"[-3,-13,-4,-13,-4,-13,-4,-15,-5,-13,-5,-14,-5,-14,-5,-13,-5,-13,-5,-13,-6,-14,-7,-13,-7,-13,-7,-13,-7,-13,-8,-13,-8,-12,-8,-12,-9,-12,-9,-13,-9,-13,-9,-12,-9,-12,-10,-11,-10,-12,-11,-12,0,0,-11,-12,-12,-12,-13,-12,-12,-11,-13,-12,-13,-12,-13,-12,-13,-12,-14,-12,-13,-12,-15,-13,-14,-13,-14,-13,-15,-14,-14,-13,-15,-14,-15,-14,-15,-15,-14,-16,-13,-16,-13,-17,-12,-17,-12,-18,-12,-18,-10,-19,-9,-19,0,0,-12,5,-11,5,-11,6,-12,6,-12,7,-11,6,-12,7,-11,6,-12,7,-11,7,-12,8,-11,8,-11,9,-11,9,-11,8,-11,9,-10,9,-10,9,-9,10,-9,9,-10,10,-9,11,-9,10,-8,12,-8,12,-8,13,0,0,-6,13,-7,14,-6,14,-6,15,-6,15,-6,16,-7,16,-7,17,-6,18,-7,18,-6,19,-7,18,-7,20,-7,20,-8,21,-8,20,-8,22,-9,21,-10,21,-10,21,-12,21,-12,20,-14,21,-13,21,-15,19,-15,19,0,0]"
CSI_DATA: 913,5,203,203,209,202,219,0,-24,-21,85255.531,85257.246,102.317,85534.335,245.680,120.336,"[-16,4,-17,5,-15,6,-17,5,-16,5,-16,5,-16,5,-15,5,-15,5,-14,5,-16,5,-15,6,-15,6,-14,6,-15,6,-14,7,-14,7,-13,6,-13,8,-14,7,-13,7,-13,8,-13,7,-12,9,-13,9,-12,9,0,0,-12,10,-12,10,-13,11,-11,10,-12,11,-13,11,-13,11,-12,11,-13,12,-12,11,-13,13,-13,12,-13,12,-14,13,-13,12,-14,14,-14,13,-15,13,-15,12,-15,12,-17,11,-16,11,-17,10,-17,11,-18,9,-19,9,0,0,-17,-4,-16,-3,-17,-3,-17,-3,-18,-3,-17,-3,-17,-3,-17,-3,-17,-3,-17,-3,-18,-2,-17,-2,-18,-1,-17,-1,-17,-2,-19,0,-17,1,-18,1,-18,1,-19,0,-19,0,-19,1,-19,1,-19,2,-20,1,-20,3,0,0,-19,3,-20,3,-19,4,-20,4,-19,3,-21,4,-21,4,-20,4,-20,5,-21,5,-22,5,-21,4,-21,4,-21,5,-23,5,-22,6,-24,6,-23,5,-23,5,-23,4,-24,4,-24,3,-25,2,-26,3,-25,0,-25,0,0,0]"
CSI_DATA: 914,6,190,190,196,189,219,0,-23,-18,85258.695,85260.410,157.750,85602.595,313.940,188.596,"[7,10,7,10,8,9,8,10,8,9,8,10,8,10,8,9,8,9,9,9,9,10,9,9,9,9,10,9,9,9,10,9,10,8,10,8,11,8,10,8,10,9,11,8,11,8,11,7,11,8,12,7,0,0,12,7,12,7,13,7,13,7,13,7,13,8,13,7,14,7,14,7,14,7,15,7,14,7,14,8,15,8,15,8,16,8,15,8,16,8,16,9,15,9,15,10,15,10,15,11,15,11,14,12,14,13,0,0,11,6,12,6,12,5,13,6,13,6,13,6,13,6,13,6,13,6,13,5,14,6,14,5,14,5,14,5,14,5,15,3,14,2,14,3,15,2,15,2,16,3,16,2,16,2,17,0,18,1,18,-1,0,0,18,-1,19,-1,19,-2,19,-2,20,-2,21,-1,20,-1,21,-2,21,-2,22,-2,23,-3,22,-2,21,-2,22,-2,23,-2,23,-2,23,-2,23,-2,23,0,23,0,24,1,23,1,24,2,24,1,24,3,23,4,0,0]"
CSI_DATA: 915,7,183,183,186,183,219,0,-20,-20,85173.713,85175.428,201.911,85659.879,371.224,245.880,"[0,15,0,15,1,15,0,16,0,15,0,15,0,15,0,14,0,14,1,14,1,15,2,15,2,15,2,14,2,15,3,14,3,13,3,13,4,14,3,14,4,14,4,14,4,13,6,13,5,14,6,14,0,0,6,13,7,14,8,14,8,13,8,15,8,15,8,15,9,14,9,15,9,14,11,15,9,16,10,16,10,17,10,16,11,17,11,18,11,18,10,18,10,18,9,19,9,20,9,21,9,22,8,22,7,22,0,0,3,-19,3,-19,2,-19,3,-20,3,-19,4,-19,4,-19,4,-19,5,-18,4,-17,5,-19,4,-18,3,-17,3,-16,3,-16,1,-17,1,-16,1,-16,0,-16,0,-17,1,-17,0,-17,1,-17,-1,-17,0,-18,-1,-19,0,0,-1,-18,-1,-19,-2,-19,-2,-18,-1,-19,0,-19,0,-19,0,-18,0,-19,0,-18,-1,-20,1,-18,1,-18,1,-18,1,-18,0,-19,1,-18,1,-18,2,-18,2,-17,3,-17,3,-16,3,-16,2,-17,4,-16,4,-16,0,0]"
CSI_DATA: 916,3,186,186,213,185,220,0,-31,-21,85645.474,85647.221,11.863,85817.292,157.413,13.292,"[4,-7,4,-8,4,-8,5,-9,4,-8,5,-8,5,-8,5,-8,5,-8,5,-8,6,-9,5,-9,6,-9,6,-9,6,-9,6,-10,6,-10,6,-9,6,-10,6,-10,6,-10,6,-10,6,-10,5,-11,6,-12,6,-12,0,0,5,-12,5,-13,5,-14,4,-13,5,-14,5,-14,5,-15,4,-15,5,-15,4,-15,4,-17,4,-17,4,-18,4,-19,4,-18,4,-20,3,-20,4,-21,4,-21,5,-21,6,-22,6,-22,6,-22,5,-23,7,-23,8,-23,0,0,-15,-4,-15,-4,-15,-3,-16,-5,-16,-4,-16,-4,-16,-4,-16,-4,-16,-4,-16,-3,-18,-3,-17,-3,-17,-3,-17,-3,-17,-4,-18,-2,-17,-2,-17,-2,-17,-1,-18,-2,-18,-3,-17,-2,-17,-3,-17,0,-19,-1,-19,-1,0,0,-18,-1,-19,-1,-19,0,-19,0,-19,-1,-19,-1,-19,-1,-18,-1,-19,-1,-19,0,-20,0,-19,-1,-19,-1,-19,-1,-20,-1,-20,-1,-20,-1,-20,-2,-20,-2,-19,-3,-20,-4,-18,-4,-19,-4,-19,-4,-19,-6,-18,-6,0,0]"
CSI_DATA: 917,4,189,189,211,188,220,0,-22,-23,85642.506,85644.253,57.692,85873.685,213.806,69.685,"[8,-9,8,-10,7,-10,9,-11,8,-10,8,-11,7,-11,7,-10,7,-11,6,-11,7,-12,6,-12,6,-13,6,-12,7,-13,5,-13,5,-13,5,-13,5,-14,5,-14,5,-14,4,-14,5,-14,3,-15,4,-16,3,-16,0,0,2,-16,3,-16,2,-18,2,-16,2,-18,2,-18,2,-18,2,-18,2,-18,2,-18,2,-20,3,-19,3,-19,3,-20,3,-19,3,-21,3,-20,4,-21,4,-20,5,-20,6,-20,6,-19,7,-19,6,-20,8,-18,8,-18,0,0,1,-13,0,-13,-1,-14,0,-15,0,-14,0,-14,-1,-14,-1,-14,-1,-14,-2,-14,-2,-15,-3,-15,-3,-15,-3,-15,-3,-15,-4,-15,-5,-14,-4,-14,-5,-14,-5,-15,-5,-15,-6,-14,-6,-14,-8,-14,-8,-15,-9,-15,0,0,-10,-14,-10,-15,-11,-15,-11,-14,-11,-15,-12,-16,-12,-16,-12,-16,-13,-16,-13,-16,-15,-17,-13,-17,-14,-17,-14,-18,-15,-18,-16,-19,-15,-19,-15,-20,-14,-21,-14,-21,-13,-22,-12,-21,-12,-22,-13,-23,-11,-23,-10,-24,0,0]"
CSI_DATA: 918,5,204,204,210,203,220,0,-28,-21,85645.537,85647.284,102.262,85944.578,284.699,140.578,"[7,13,8,13,8,12,8,13,7,12,8,12,8,12,8,12,8,11,8,10,9,11,9,11,9,11,10,10,9,11,10,10,10,10,10,10,11,10,10,10,10,9,11,9,10,9,12,8,12,9,13,9,0,0,13,8,13,8,14,8,13,7,14,9,14,8,14,8,14,8,15,8,14,8,16,8,15,9,15,9,16,9,15,9,16,10,16,10,16,10,15,10,14,11,14,12,14,12,13,12,14,12,12,13,12,13,0,0,-6,13,-6,13,-5,13,-6,14,-6,13,-6,14,-5,14,-5,13,-5,14,-5,13,-5,14,-4,14,-4,14,-4,14,-4,14,-3,15,-2,15,-3,14,-2,15,-3,15,-3,16,-2,16,-3,15,-1,16,-2,17,-1,17,0,0,-1,17,-1,17,-1,18,0,18,-1,18,-1,19,-1,18,-1,18,-1,19,-1,19,0,20,-1,19,-1,19,-1,20,-1,20,-1,21,-1,21,-2,21,-2,22,-3,21,-4,22,-4,21,-5,22,-5,22,-7,22,-8,22,0,0]"
CSI_DATA: 919,6,191,191,197,190,220,0,-22,-19,85648.702,85650.449,157.611,86006.329,346.450,202.329,"[-5,-12,-6,-13,-6,-11,-6,-13,-7,-12,-7,-13,-7,-13,-7,-12,-7,-13,-7,-12,-8,-13,-9,-13,-9,-13,-9,-13,-9,-14,-9,-12,-10,-12,-9,-12,-10,-12,-10,-13,-10,-13,-10,-12,-10,-12,-12,-12,-12,-13,-12,-13,0,0,-12,-13,-12,-13,-13,-13,-13,-12,-14,-13,-13,-13,-13,-14,-13,-13,-14,-14,-14,-13,-15,-14,-14,-14,-14,-15,-14,-15,-14,-14,-15,-16,-14,-15,-15,-16,-14,-16,-13,-16,-13,-17,-11,-17,-12,-17,-12,-17,-11,-18,-11,-18,0,0,1,-15,0,-16,0,-16,1,-17,0,-16,0,-17,0,-17,0,-17,0,-17,0,-16,-1,-18,-1,-17,-1,-17,-2,-17,-1,-17,-3,-18,-4,-17,-3,-17,-4,-17,-4,-18,-4,-18,-5,-18,-5,-18,-8,-18,-7,-20,-9,-20,0,0,-8,-20,-9,-20,-10,-21,-10,-20,-9,-21,-9,-22,-9,-22,-9,-22,-10,-23,-11,-23,-12,-24,-11,-24,-10,-23,-10,-25,-10,-25,-10,-26,-10,-25,-10,-26,-8,-26,-8,-26,-7,-27,-6,-26,-6,-26,-7,-26,-5,-27,-4,-27,0,0]"
CSI_DATA: 920,7,184,184,187,184,220,0,-19,-20,85563.720,85565.467,201.884,86083.427,423.548,279.427,"[-9,1,-9,1,-8,2,-10,2,-9,2,-9,2,-9,2,-9,2,-9,2,-8,2,-9,2,-9,3,-9,3,-8,3,-9,3,-8,3,-8,3,-8,3,-8,4,-8,3,-8,3,-8,4,-8,3,-7,4,-8,4,-8,5,0,0,-8,5,-8,5,-8,6,-7,6,-8,6,-8,6,-8,6,-8,7,-8,7,-8,7,-8,7,-8,7,-8,7,-9,8,-8,7,-9,8,-9,8,-10,8,-10,8,-10,8,-11,7,-11,7,-11,7,-12,8,-12,7,-13,6,0,0,14,8,14,8,15,8,15,9,14,9,14,9,14,9,14,9,13,9,13,8,14,9,13,8,13,8,13,7,12,7,14,6,13,5,13,5,14,5,14,5,14,5,14,4,14,5,15,3,16,5,16,4,0,0,16,4,16,4,17,4,16,4,16,4,17,5,16,5,16,5,16,5,16,5,17,5,15,5,15,5,15,5,15,6,15,5,15,5,14,6,14,6,13,6,13,7,12,6,12,7,12,6,11,7,11,7,0,0]"
CSI_DATA: 921,3,187,187,214,186,221,0,-32,-20,86035.465,86037.171,11.853,86207.145,123.718,13.146,"[10,1,11,1,11,0,12,0,11,0,11,0,11,0,11,0,11,0,11,-1,12,-1,12,-1,12,-1,12,-1,12,0,12,-1,11,-1,11,0,12,-1,11,0,11,0,11,0,11,0,11,-1,11,-1,11,-2,0,0,11,-2,11,-2,12,-2,10,-2,11,-2,11,-2,11,-2,11,-3,11,-3,11,-3,12,-4,12,-4,12,-4,13,-4,12,-4,13,-4,13,-3,13,-4,13,-3,13,-3,14,-2,14,-1,15,-1,15,-1,15,0,15,0,0,0,-6,14,-6,14,-5,14,-6,15,-5,14,-5,15,-5,14,-5,14,-5,14,-4,14,-5,15,-4,15,-4,15,-4,15,-5,15,-3,16,-3,15,-3,15,-3,15,-3,15,-3,15,-3,16,-3,15,-1,16,-2,16,-1,16,0,0,-1,16,-1,17,-1,17,0,16,-1,17,-1,17,-1,17,-1,17,-1,17,-1,17,0,18,-1,17,-1,17,-1,17,-1,18,-1,18,-1,18,-1,18,-2,18,-2,17,-4,18,-4,17,-4,17,-4,18,-5,17,-6,17,0,0]"
CSI_DATA: 922,4,190,190,212,189,221,0,-27,-26,86032.498,86034.205,57.731,86259.77,175.650,65.78,"[3,-9,3,-10,2,-10,3,-11,2,-10,1,-11,1,-11,1,-10,0,-11,0,-10,0,-12,-1,-12,-1,-12,-1,-11,-1,-12,-2,-12,-3,-12,-3,-11,-4,-12,-4,-12,-4,-12,-4,-12,-5,-12,-6,-11,-6,-13,-7,-12,0,0,-8,-12,-8,-12,-9,-13,-9,-12,-9,-13,-10,-13,-10,-13,-10,-13,-11,-13,-11,-13,-13,-14,-12,-14,-12,-14,-13,-15,-12,-14,-13,-16,-13,-16,-13,-16,-12,-17,-11,-17,-11,-18,-10,-18,-10,-19,-11,-20,-9,-20,-8,-21,0,0,13,-2,14,-2,13,-3,15,-3,13,-3,14,-3,13,-3,13,-3,13,-3,12,-4,14,-4,13,-4,13,-5,13,-4,13,-4,13,-5,13,-5,12,-5,13,-5,13,-6,13,-5,12,-5,12,-5,12,-7,13,-6,13,-7,0,0,12,-7,12,-7,12,-8,12,-8,13,-8,13,-8,13,-8,13,-8,13,-8,13,-8,13,-9,13,-8,13,-8,13,-8,13,-8,14,-9,14,-9,15,-8,15,-8,15,-7,16,-7,15,-6,15,-6,16,-7,16,-5,16,-5,0,0]"
CSI_DATA: 923,5,205,205,211,204,221,0,-24,-21,86035.529,86037.235,102.317,86328.847,245.420,134.848,"[9,10,9,10,10,10,10,11,10,11,10,10,10,10,9,9,9,10,9,8,11,10,10,9,10,9,10,8,10,9,11,8,11,8,10,7,11,8,11,8,11,8,11,8,10,7,12,7,12,7,13,7,0,0,12,6,13,7,14,7,13,6,14,7,14,7,13,7,13,7,13,7,14,6,15,7,14,7,14,7,15,8,14,7,15,8,14,8,15,8,14,9,14,9,13,10,13,10,13,10,13,10,12,11,12,11,0,0,-4,-14,-5,-14,-6,-13,-5,-15,-5,-14,-6,-15,-6,-14,-5,-14,-6,-14,-6,-13,-7,-14,-7,-14,-8,-14,-8,-13,-8,-14,-9,-14,-9,-13,-9,-13,-10,-13,-9,-13,-9,-14,-10,-14,-9,-14,-11,-13,-11,-14,-12,-14,0,0,-12,-13,-13,-14,-14,-14,-13,-13,-13,-14,-14,-14,-13,-14,-13,-14,-14,-14,-14,-14,-16,-15,-14,-15,-14,-15,-15,-15,-15,-16,-16,-16,-16,-16,-16,-17,-15,-17,-15,-18,-14,-19,-14,-19,-14,-19,-15,-20,-13,-21,-12,-22,0,0]"
CSI_DATA: 924,6,192,192,198,191,221,0,-24,-20,86038.694,86040.400,157.654,86397.247,313.820,203.248,"[7,-10,7,-11,6,-11,8,-12,6,-11,6,-11,6,-11,6,-11,6,-11,5,-12,6,-12,5,-12,6,-13,5,-13,6,-13,4,-13,5,-13,4,-13,4,-14,4,-13,5,-14,4,-14,4,-13,3,-14,4,-15,3,-15,0,0,3,-15,3,-15,3,-16,2,-15,3,-17,3,-17,3,-17,3,-17,3,-17,3,-17,3,-18,4,-18,3,-18,3,-19,3,-18,3,-19,4,-19,4,-19,5,-19,5,-18,6,-19,7,-19,7,-19,7,-20,8,-19,9,-19,0,0,-1,15,0,16,0,15,0,16,0,16,-1,16,-1,16,0,16,-1,16,0,16,0,17,0,17,1,16,1,16,0,16,2,16,2,15,2,15,4,16,3,16,3,16,4,17,4,16,7,16,6,17,8,17,0,0,8,18,8,18,8,19,9,18,9,19,9,19,9,19,9,19,9,20,10,20,11,21,10,20,10,21,9,22,9,22,10,23,10,22,10,23,8,23,8,23,7,25,7,23,7,24,7,24,5,25,4,25,0,0]"
CSI_DATA: 925,7,185,185,188,185,221,0,-20,-20,85953.712,85955.419,201.922,86458.403,374.976,264.404,"[4,12,5,12,5,11,5,13,5,12,5,12,5,12,5,11,5,11,6,11,6,12,7,11,7,11,7,11,7,11,7,11,7,10,7,10,8,10,7,10,8,10,8,10,8,9,9,9,10,9,10,9,0,0,11,9,11,9,12,9,11,8,12,9,13,9,13,9,13,9,13,9,13,8,15,8,14,9,15,9,15,10,15,10,17,11,16,11,17,11,16,12,15,12,16,14,15,14,16,15,16,15,15,16,15,17,0,0,14,8,15,9,15,8,16,10,14,9,15,9,14,9,14,9,13,10,13,9,14,10,13,9,13,8,12,7,12,8,13,7,13,6,12,6,13,5,13,6,14,6,14,5,13,6,14,4,15,5,15,5,0,0,15,5,15,5,16,5,15,5,16,6,15,6,15,6,15,6,15,6,14,6,16,6,14,6,14,6,15,6,13,7,14,7,13,6,14,7,13,7,12,7,12,7,12,7,11,7,12,7,10,8,11,8,0,0]"
CSI_DATA: 926,4,191,191,213,190,222,0,-23,-27,86422.508,86424.224,57.711,86643.146,184.743,59.147,"[7,9,7,9,8,8,8,10,8,9,8,9,9,9,9,9,8,9,9,8,10,8,10,8,10,8,10,8,10,8,11,7,11,6,11,7,12,7,11,7,12,7,12,6,11,6,13,5,13,6,14,5,0,0,14,5,14,5,15,5,14,4,15,5,15,5,15,5,15,5,15,5,15,4,17,5,16,5,16,5,17,5,16,5,18,5,17,5,17,6,17,7,16,7,17,8,16,8,16,9,17,9,15,10,15,11,0,0,0,-16,0,-16,-1,-16,0,-17,0,-17,0,-16,0,-16,0,-16,-1,-16,-1,-16,-1,-18,-2,-17,-1,-18,-1,-17,0,-17,-2,-18,-2,-16,-2,-16,-2,-16,-1,-17,-1,-17,-2,-16,-1,-16,-3,-16,-2,-16,-3,-16,0,0,-3,-16,-4,-16,-4,-17,-5,-16,-4,-16,-5,-17,-4,-16,-5,-16,-5,-16,-6,-16,-7,-17,-5,-17,-5,-17,-6,-17,-7,-18,-7,-18,-7,-18,-7,-18,-6,-19,-6,-19,-5,-20,-4,-19,-4,-20,-5,-21,-3,-21,-3,-20,0,0]"
CSI_DATA: 927,5,206,206,212,205,222,0,-24,-20,86425.539,86427.254,102.290,86695.423,237.20,111.424,"[7,12,7,12,8,11,8,13,7,11,8,11,8,10,7,10,7,10,8,10,8,10,9,10,9,10,9,9,8,10,9,9,9,8,9,8,10,8,9,9,9,9,9,9,9,8,11,7,11,9,11,8,0,0,11,7,11,7,12,7,11,7,12,8,12,7,12,7,12,7,12,7,12,7,14,7,13,8,13,8,14,8,12,8,14,8,13,9,13,9,13,9,12,9,12,10,12,11,11,11,12,11,11,11,11,11,0,0,15,-3,15,-3,15,-4,16,-3,15,-3,15,-4,15,-4,14,-4,15,-4,14,-4,16,-5,15,-6,15,-6,15,-6,15,-5,16,-8,14,-8,15,-8,15,-8,15,-8,16,-8,15,-8,16,-8,15,-10,16,-10,16,-11,0,0,15,-11,16,-11,16,-12,15,-13,16,-12,16,-12,16,-12,16,-12,16,-13,16,-13,17,-15,17,-13,17,-14,17,-14,17,-15,18,-15,18,-15,19,-15,19,-14,19,-14,21,-13,20,-13,21,-13,22,-13,22,-11,23,-11,0,0]"
CSI_DATA: 928,6,193,193,199,192,222,0,-24,-17,86428.704,86430.420,157.635,86758.09,299.606,174.10,"[-4,-11,-5,-11,-5,-10,-5,-12,-6,-11,-6,-11,-7,-11,-7,-11,-7,-11,-6,-10,-7,-11,-8,-11,-8,-11,-8,-11,-8,-11,-9,-11,-9,-10,-9,-10,-9,-10,-9,-10,-9,-11,-10,-10,-9,-11,-11,-10,-11,-11,-11,-11,0,0,-12,-10,-12,-11,-12,-11,-12,-10,-12,-11,-13,-11,-12,-11,-13,-11,-13,-12,-13,-11,-14,-12,-12,-13,-12,-13,-13,-13,-12,-12,-13,-13,-13,-13,-12,-13,-12,-13,-11,-13,-11,-14,-10,-14,-10,-15,-10,-14,-9,-14,-9,-15,0,0,-15,-1,-15,0,-15,0,-17,0,-16,0,-16,0,-17,0,-16,0,-16,0,-16,1,-17,1,-17,2,-16,1,-16,2,-16,1,-17,3,-16,4,-16,3,-16,4,-17,4,-17,4,-17,4,-17,4,-16,7,-18,6,-18,8,0,0,-17,7,-18,8,-18,8,-18,9,-18,9,-20,9,-19,9,-19,9,-19,9,-20,10,-20,11,-20,10,-20,9,-20,9,-21,10,-21,11,-22,10,-22,11,-22,9,-22,9,-23,8,-22,7,-24,7,-24,8,-24,6,-24,5,0,0]"
CSI_DATA: 929,7,186,186,189,186,222,0,-20,-20,86343.723,86345.439,201.918,86830.349,371.946,246.350,"[12,6,13,5,12,4,14,5,13,5,13,5,13,4,12,4,12,4,12,3,13,3,13,3,13,3,13,3,13,3,14,1,13,1,12,1,13,1,13,1,13,1,13,0,13,0,13,-1,14,-1,14,-2,0,0,14,-2,14,-3,15,-3,14,-3,15,-3,16,-4,16,-4,16,-4,16,-5,16,-4,18,-6,17,-5,17,-5,18,-5,18,-5,19,-6,19,-5,20,-5,20,-5,20,-4,21,-3,22,-3,22,-2,23,-3,23,-1,23,0,0,0,-15,8,-15,8,-14,9,-16,9,-15,8,-15,8,-15,8,-15,7,-15,7,-14,7,-15,8,-14,8,-13,7,-13,8,-13,7,-12,9,-11,9,-11,9,-11,10,-12,9,-12,9,-12,10,-12,9,-11,11,-12,11,-12,12,0,0,-11,11,-12,11,-12,12,-12,12,-12,11,-13,11,-13,11,-13,10,-13,11,-12,11,-13,12,-12,10,-12,9,-12,9,-12,10,-12,10,-13,10,-12,10,-13,9,-13,8,-13,8,-12,7,-12,7,-13,8,-12,7,-12,6,0,0]"
CSI_DATA: 930,3,188,188,215,187,223,0,-32,-26,86815.465,86817.216,11.902,86987.275,156.926,13.278,"[-2,-12,-2,-13,-3,-12,-2,-13,-3,-13,-3,-13,-3,-13,-3,-12,-3,-13,-3,-12,-3,-13,-4,-13,-4,-13,-4,-12,-3,-13,-4,-13,-4,-12,-4,-12,-4,-12,-4,-12,-4,-12,-5,-12,-4,-12,-5,-12,-5,-13,-6,-12,0,0,-6,-12,-7,-12,-7,-13,-7,-12,-7,-12,-7,-12,-7,-13,-8,-13,-8,-13,-8,-12,-9,-13,-8,-14,-8,-13,-9,-14,-8,-14,-9,-15,-10,-15,-9,-15,-8,-15,-8,-16,-7,-17,-7,-17,-7,-17,-8,-18,-6,-18,-6,-18,0,0,13,-9,14,-10,13,-10,15,-10,13,-10,14,-10,14,-9,13,-9,14,-9,13,-9,14,-10,14,-11,14,-11,13,-10,14,-10,13,-11,13,-11,12,-10,12,-11,12,-11,12,-10,12,-11,12,-10,11,-12,11,-12,11,-13,0,0,11,-13,11,-13,11,-14,10,-13,10,-13,10,-13,10,-13,10,-13,10,-14,9,-13,10,-15,10,-13,10,-14,10,-15,10,-13,11,-15,10,-14,11,-14,12,-13,12,-12,12,-12,12,-12,12,-11,12,-12,13,-10,13,-10,0,0]"
CSI_DATA: 931,4,192,192,214,191,223,0,-26,-24,86812.500,86814.251,57.717,87049.447,219.98,75.450,"[3,9,4,9,5,8,5,10,5,9,5,9,5,9,6,9,6,10,6,8,8,9,8,9,8,9,8,9,8,10,9,9,9,8,9,8,10,8,10,9,10,9,11,8,10,8,12,7,13,8,13,8,0,0,14,8,14,8,15,7,15,7,15,7,15,8,16,8,16,8,17,8,16,7,18,8,17,8,18,8,18,9,17,9,19,9,18,9,19,10,18,11,17,12,18,13,17,13,16,13,17,13,16,15,15,15,0,0,-4,-13,-5,-13,-5,-12,-5,-13,-5,-12,-5,-13,-6,-12,-5,-12,-6,-12,-6,-11,-7,-12,-8,-12,-7,-12,-7,-11,-7,-12,-9,-11,-9,-10,-8,-10,-9,-10,-9,-11,-9,-11,-10,-10,-9,-10,-11,-9,-11,-10,-12,-10,0,0,-12,-9,-13,-9,-13,-9,-13,-9,-14,-10,-14,-10,-14,-10,-14,-10,-15,-10,-15,-10,-17,-10,-15,-10,-16,-10,-16,-11,-16,-11,-17,-11,-16,-11,-17,-12,-16,-13,-15,-13,-16,-14,-15,-14,-15,-14,-15,-14,-15,-15,-14,-15,0,0]"
CSI_DATA: 932,5,207,207,213,206,223,0,-29,-19,86815.530,86817.281,102.320,87115.679,285.330,141.682,"[-13,-6,-14,-6,-14,-5,-14,-6,-14,-6,-14,-6,-14,-6,-13,-5,-13,-5,-13,-5,-14,-5,-14,-4,-14,-4,-14,-4,-14,-4,-14,-4,-14,-3,-13,-3,-14,-3,-14,-3,-14,-3,-14,-3,-14,-3,-15,-2,-15,-3,-15,-2,0,0,-15,-2,-15,-2,-16,-3,-15,-2,-16,-3,-16,-2,-16,-3,-16,-3,-16,-2,-15,-2,-16,-3,-15,-4,-16,-4,-16,-4,-15,-3,-16,-3,-16,-4,-15,-4,-15,-4,-15,-5,-15,-5,-14,-6,-14,-6,-15,-6,-14,-7,-14,-6,0,0,12,4,13,4,13,3,14,3,13,3,14,3,13,3,13,2,14,2,13,1,14,1,15,0,15,0,15,0,15,0,16,-1,15,-2,15,-1,16,-2,16,-1,16,-1,17,-2,16,-1,17,-4,18,-3,18,-4,0,0,18,-4,17,-5,19,-5,17,-5,19,-5,19,-5,19,-5,19,-5,19,-6,18,-6,20,-7,19,-6,20,-7,21,-7,20,-6,22,-7,21,-7,22,-7,22,-6,22,-5,23,-4,22,-4,22,-4,24,-5,24,-3,24,-2,0,0]"
CSI_DATA: 933,6,194,194,200,193,223,0,-22,-17,86818.696,86820.447,157.653,87183.765,353.416,209.768,"[-5,11,-5,12,-4,12,-5,13,-4,12,-4,13,-5,12,-4,12,-4,13,-4,13,-4,14,-3,13,-4,14,-3,14,-4,14,-3,14,-3,14,-3,14,-2,14,-3,14,-3,15,-2,15,-3,14,-1,15,-2,16,-1,15,0,0,-1,16,-1,16,-1,17,-1,15,-1,17,-1,17,-2,17,-1,17,-1,16,-1,16,-1,17,-2,17,-2,17,-2,18,-2,17,-2,18,-2,18,-3,18,-3,17,-3,16,-4,17,-5,17,-5,17,-5,17,-6,16,-6,16,0,0,11,9,11,9,12,8,13,9,12,9,12,9,12,9,12,9,12,9,12,9,13,10,13,9,13,9,13,8,13,9,15,7,14,7,14,7,15,6,15,7,15,8,15,7,15,7,16,5,17,6,18,5,0,0,18,5,18,5,19,5,19,5,19,5,20,6,20,6,19,6,20,5,20,5,22,5,21,5,20,5,21,6,22,6,22,6,22,7,22,7,22,8,22,8,22,9,21,9,21,10,23,10,21,11,21,12,0,0]"
CSI_DATA: 934,7,187,187,190,187,223,0,-20,-20,86733.716,86735.466,201.928,87244.429,414.80,270.432,"[-13,7,-13,7,-12,8,-14,7,-13,7,-13,7,-13,7,-12,7,-12,7,-12,7,-12,8,-12,8,-11,8,-11,8,-11,8,-11,9,-10,8,-10,8,-10,9,-10,9,-10,9,-9,9,-9,9,-8,10,-9,11,-9,11,0,0,-8,11,-8,11,-8,12,-8,12,-8,12,-8,13,-8,13,-8,13,-8,13,-7,14,-8,15,-8,14,-8,15,-8,16,-8,15,-8,17,-9,17,-10,17,-10,17,-11,16,-12,17,-12,17,-13,17,-13,18,-15,17,-15,16,0,0,0,-17,0,-17,-1,-17,0,-18,0,-17,0,-18,0,-17,1,-17,1,-17,0,-15,0,-17,-1,-16,-1,-15,-1,-14,-1,-15,-3,-15,-3,-15,-3,-14,-5,-15,-4,-15,-3,-15,-4,-15,-4,-15,-6,-15,-6,-17,-6,-17,0,0,-6,-17,-6,-17,-7,-18,-6,-17,-6,-18,-6,-18,-5,-18,-5,-17,-5,-18,-5,-17,-6,-18,-5,-17,-5,-17,-5,-18,-5,-17,-5,-18,-5,-17,-5,-18,-4,-18,-4,-17,-3,-18,-3,-16,-3,-16,-4,-17,-2,-17,-2,-17,0,0]"
CSI_DATA: 935,3,189,189,216,188,224,0,-28,-32,87205.814,87207.183,9.130,87377.193,132.764,13.195,"[0,-15,0,-15,-1,-15,-1,-16,-1,-16,-1,-16,-1,-16,-1,-15,-1,-15,-2,-15,-2,-16,-3,-16,-3,-16,-3,-16,-2,-16,-4,-16,-4,-16,-3,-15,-4,-16,-4,-16,-3,-17,-4,-16,-4,-16,-6,-16,-6,-18,-6,-17,0,0,-7,-17,-7,-18,-7,-18,-7,-17,-7,-18,-7,-18,-7,-19,-7,-18,-7,-19,-7,-18,-9,-19,-7,-19,-7,-19,-8,-20,-7,-20,-8,-20,-8,-20,-7,-20,-6,-20,-6,-20,-5,-21,-5,-20,-5,-21,-6,-20,-4,-21,-4,-21,0,0,7,-10,7,-11,6,-11,7,-11,7,-11,7,-11,8,-11,7,-11,8,-11,7,-11,8,-12,7,-12,7,-12,7,-12,8,-12,7,-13,7,-13,7,-12,7,-13,8,-13,7,-13,7,-14,7,-13,6,-14,7,-15,6,-15,0,0,5,-15,6,-16,5,-17,5,-16,5,-16,5,-17,5,-17,5,-17,5,-17,5,-18,4,-19,4,-18,5,-18,5,-19,5,-19,5,-20,5,-19,5,-19,5,-19,6,-19,7,-19,7,-18,7,-18,7,-18,8,-18,8,-18,0,0]"
CSI_DATA: 936,4,193,193,215,192,224,0,-36,-28,87202.850,87204.219,54.991,87435.110,190.681,71.112,"[2,-1,2,-2,2,-2,3,-2,3,-3,3,-3,3,-3,3,-3,3,-4,3,-5,3,-5,3,-5,3,-6,2,-6,2,-6,2,-7,1,-7,1,-7,1,-8,1,-8,1,-8,0,-9,0,-9,-1,-10,-1,-11,-2,-11,0,0,-3,-12,-3,-13,-4,-13,-4,-13,-4,-14,-4,-15,-5,-15,-5,-15,-5,-15,-5,-15,-6,-17,-6,-17,-6,-17,-7,-19,-7,-18,-7,-19,-8,-20,-7,-20,-7,-21,-6,-21,-6,-22,-5,-22,-5,-23,-6,-24,-3,-24,-3,-24,0,0,-12,-9,-13,-9,-12,-8,-13,-10,-12,-8,-13,-9,-12,-9,-12,-8,-12,-9,-12,-7,-13,-8,-13,-7,-13,-7,-13,-7,-13,-8,-13,-7,-13,-7,-12,-6,-12,-6,-12,-7,-12,-7,-12,-6,-12,-6,-12,-3,-13,-5,-14,-4,0,0,-13,-4,-13,-4,-14,-3,-13,-2,-14,-4,-14,-3,-14,-4,-14,-3,-15,-3,-14,-2,-16,-1,-15,-2,-15,-2,-17,-2,-16,-2,-18,-3,-17,-2,-18,-3,-18,-4,-17,-5,-18,-5,-17,-5,-17,-5,-18,-4,-18,-6,-18,-7,0,0]"
CSI_DATA: 937,5,208,208,214,207,224,0,-27,-20,87205.879,87207.248,99.581,87504.996,260.567,140.998,"[-15,12,-16,13,-13,13,-16,13,-15,13,-15,13,-15,13,-15,12,-15,13,-13,13,-14,14,-14,15,-14,15,-14,15,-15,15,-14,15,-13,15,-13,15,-13,16,-14,15,-14,15,-13,16,-13,14,-11,17,-13,18,-12,18,0,0,-12,18,-12,17,-12,19,-11,18,-12,18,-13,18,-13,18,-12,18,-13,19,-12,18,-12,20,-12,19,-12,19,-13,19,-13,18,-14,20,-13,19,-14,19,-14,18,-14,17,-16,17,-15,16,-15,16,-14,17,-16,16,-17,16,0,0,5,-16,5,-16,4,-15,5,-16,4,-16,4,-16,4,-16,4,-16,4,-16,3,-16,3,-17,2,-17,2,-17,2,-17,3,-17,1,-19,0,-18,1,-18,0,-18,1,-19,1,-19,0,-19,1,-19,-2,-19,0,-21,-2,-21,0,0,-2,-20,-2,-21,-2,-21,-2,-21,-2,-21,-2,-22,-1,-22,-2,-22,-2,-22,-2,-22,-3,-24,-2,-22,-2,-23,-2,-24,-2,-24,-3,-25,-2,-24,-2,-25,-1,-25,0,-25,1,-26,1,-25,2,-26,2,-25,4,-26,4,-25,0,0]"
CSI_DATA: 938,6,195,195,201,194,224,0,-24,-18,87209.46,87210.415,154.942,87576.62,331.633,212.64,"[-1,-9,-2,-10,-2,-9,-2,-11,-3,-10,-3,-10,-3,-10,-4,-10,-4,-10,-4,-10,-5,-11,-6,-10,-6,-11,-6,-11,-6,-11,-7,-10,-7,-10,-7,-10,-8,-10,-8,-11,-8,-11,-9,-11,-8,-10,-10,-10,-10,-11,-11,-10,0,0,-11,-11,-12,-11,-12,-11,-12,-10,-12,-11,-12,-12,-12,-12,-12,-12,-13,-12,-13,-12,-14,-12,-13,-13,-13,-13,-14,-13,-13,-13,-13,-14,-13,-13,-13,-14,-12,-14,-11,-14,-11,-15,-10,-15,-10,-15,-11,-14,-10,-15,-9,-15,0,0,-8,15,-8,15,-7,15,-9,16,-8,15,-9,16,-9,15,-8,15,-9,15,-8,15,-9,16,-8,16,-8,16,-7,15,-8,15,-6,16,-6,15,-6,15,-5,16,-6,16,-5,16,-5,17,-5,17,-3,17,-4,18,-3,19,0,0,-3,18,-3,19,-3,19,-2,19,-2,20,-2,20,-3,20,-2,20,-2,21,-2,21,-2,22,-2,21,-3,21,-3,22,-3,22,-3,23,-3,23,-3,23,-4,23,-5,23,-6,23,-6,22,-7,23,-6,23,-8,23,-9,23,0,0]"
CSI_DATA: 939,7,188,188,191,188,224,0,-20,-19,87124.65,87125.434,199.197,87647.194,402.765,283.196,"[4,-17,4,-17,3,-17,5,-18,4,-17,4,-17,4,-16,4,-16,4,-16,3,-16,3,-17,2,-17,3,-17,3,-17,3,-17,2,-17,2,-16,2,-15,1,-16,2,-16,2,-16,1,-16,2,-15,0,-16,0,-17,0,-17,0,0,-1,-16,-1,-17,-2,-17,-2,-16,-1,-17,-1,-17,-2,-18,-2,-17,-2,-18,-2,-17,-3,-18,-3,-18,-3,-19,-3,-20,-3,-19,-3,-20,-3,-20,-3,-20,-2,-21,-1,-21,-1,-22,0,-22,0,-22,-1,-23,1,-23,2,-23,0,0,18,-7,18,-7,17,-8,19,-8,18,-7,19,-7,18,-7,18,-6,18,-6,17,-6,18,-6,17,-7,16,-7,15,-7,15,-6,15,-9,14,-8,14,-8,14,-9,15,-9,15,-9,15,-10,15,-9,14,-11,16,-11,15,-13,0,0,15,-12,16,-12,16,-13,15,-13,16,-12,17,-12,17,-12,16,-11,17,-12,16,-12,17,-13,16,-11,16,-11,17,-11,17,-11,17,-11,17,-11,17,-11,17,-10,17,-9,17,-9,17,-8,17,-8,17,-8,17,-7,17,-7,0,0]"
CSI_DATA: 940,4,194,194,216,193,225,0,-31,-32,87593.573,87594.226,57.351,87813.61,165.867,59.62,"[7,-6,6,-6,6,-7,7,-7,7,-8,6,-8,6,-8,6,-8,6,-9,6,-9,6,-10,6,-10,6,-11,5,-11,5,-11,4,-12,3,-12,3,-12,3,-13,3,-13,3,-14,2,-14,2,-14,1,-15,1,-17,0,-16,0,0,-1,-17,-1,-19,-2,-19,-3,-19,-2,-19,-3,-20,-3,-21,-4,-21,-4,-22,-4,-22,-5,-24,-4,-24,-4,-25,-5,-25,-5,-25,-5,-26,-5,-28,-5,-27,-4,-28,-3,-27,-3,-29,-2,-29,-1,-30,-1,-30,1,-31,2,-30,0,0,-14,-6,-14,-6,-14,-5,-15,-6,-15,-5,-15,-6,-15,-5,-14,-5,-14,-5,-13,-5,-15,-5,-14,-5,-14,-5,-14,-4,-13,-5,-14,-4,-13,-3,-13,-3,-13,-3,-13,-3,-12,-3,-12,-2,-12,-2,-12,-1,-13,-1,-13,0,0,0,-13,1,-13,1,-13,2,-13,3,-13,3,-13,3,-13,3,-13,4,-14,4,-14,5,-15,6,-15,5,-15,5,-16,6,-16,6,-17,7,-17,8,-18,7,-19,6,-19,6,-20,5,-20,5,-21,5,-22,6,-23,4,-23,3,0,0]"
CSI_DATA: 941,5,209,209,215,208,225,0,-25,-19,87596.602,87597.255,101.939,87870.183,222.989,116.184,"[-12,-9,-13,-9,-13,-8,-13,-9,-13,-8,-13,-8,-13,-8,-12,-8,-12,-8,-12,-8,-13,-8,-13,-7,-13,-8,-13,-7,-13,-7,-14,-7,-13,-6,-13,-6,-14,-6,-14,-7,-13,-7,-14,-6,-13,-6,-14,-5,-15,-7,-15,-5,0,0,-15,-5,-15,-5,-15,-5,-15,-5,-15,-5,-16,-5,-16,-5,-15,-5,-16,-5,-15,-5,-16,-5,-16,-6,-16,-6,-16,-6,-16,-6,-17,-6,-17,-6,-16,-6,-16,-7,-15,-7,-15,-8,-15,-8,-15,-9,-15,-9,-14,-10,-14,-9,0,0,-6,-5,-6,-5,-7,-5,-7,-5,-7,-5,-7,-5,-7,-5,-7,-5,-7,-5,-7,-5,-8,-5,-8,-5,-8,-5,-8,-5,-8,-5,-9,-4,-8,-4,-8,-4,-9,-4,-9,-4,-9,-5,-9,-4,-8,-4,-9,-4,-9,-4,-10,-4,0,0,-10,-4,-10,-4,-10,-4,-10,-3,-10,-4,-10,-4,-10,-4,-10,-4,-10,-4,-10,-4,-11,-4,-10,-4,-10,-4,-10,-4,-11,-4,-11,-4,-11,-4,-11,-4,-11,-5,-10,-5,-10,-5,-10,-5,-10,-5,-11,-5,-10,-6,-10,-6,0,0]"
CSI_DATA: 942,6,196,196,202,195,225,0,-22,-18,87599.769,87600.422,157.294,87941.640,294.446,187.641,"[-10,-5,-10,-5,-11,-4,-11,-5,-11,-4,-12,-4,-11,-4,-11,-3,-12,-3,-11,-2,-12,-3,-12,-2,-12,-2,-12,-1,-12,-2,-12,0,-12,0,-12,0,-13,1,-13,0,-13,1,-13,1,-13,1,-13,2,-14,2,-14,3,0,0,-14,3,-15,4,-15,4,-15,4,-15,4,-16,5,-16,4,-16,4,-17,5,-16,5,-17,5,-17,4,-18,4,-18,5,-18,4,-19,4,-19,4,-19,4,-20,3,-19,2,-20,2,-19,1,-20,1,-20,1,-20,-1,-20,-1,0,0,-15,-5,-15,-5,-15,-4,-16,-6,-16,-5,-16,-5,-16,-5,-15,-5,-16,-5,-15,-5,-17,-5,-16,-4,-16,-4,-16,-3,-16,-4,-17,-2,-16,-2,-16,-2,-16,-1,-17,-1,-17,-2,-18,-1,-17,-1,-17,2,-19,1,-20,2,0,0,-19,3,-20,2,-20,3,-20,4,-21,3,-22,3,-22,3,-21,4,-22,3,-22,4,-23,5,-23,4,-23,4,-24,4,-25,4,-25,4,-25,4,-25,4,-26,3,-25,2,-26,1,-26,0,-27,0,-27,1,-27,-2,-27,-2,0,0]"
CSI_DATA: 943,7,189,189,192,189,225,0,-21,-19,87514.789,87515.442,201.564,88010.128,362.934,256.129,"[-9,14,-8,14,-7,15,-8,15,-8,14,-8,13,-8,13,-8,13,-8,13,-7,13,-7,13,-6,13,-6,13,-6,13,-6,13,-5,13,-4,12,-5,12,-4,13,-5,13,-5,13,-4,13,-4,13,-2,13,-3,14,-2,14,0,0,-2,14,-2,15,-1,15,-1,14,-1,15,-1,16,-1,16,-1,16,0,16,0,16,0,17,-1,17,-1,17,0,18,0,18,0,19,-1,20,-1,19,-2,20,-2,20,-3,21,-4,21,-4,22,-4,22,-6,22,-7,22,0,0,9,-4,9,-5,9,-5,10,-5,9,-5,9,-4,9,-5,9,-4,9,-4,8,-4,9,-4,8,-5,8,-4,8,-5,7,-4,7,-6,6,-6,7,-6,7,-6,7,-6,7,-6,7,-7,7,-6,7,-7,8,-7,8,-8,0,0,7,-8,8,-8,7,-8,7,-9,8,-8,8,-8,8,-8,8,-7,8,-8,8,-8,8,-9,8,-7,8,-7,8,-7,8,-8,8,-8,9,-8,8,-7,9,-7,9,-7,9,-6,9,-6,9,-6,9,-6,9,-5,9,-5,0,0]"
CSI_DATA: 944,4,195,195,217,194,226,0,-30,-34,87982.497,87984.230,57.687,88203.105,192.977,59.107,"[7,-9,6,-10,5,-11,7,-11,6,-11,6,-11,6,-11,6,-11,5,-11,5,-12,5,-13,5,-13,5,-13,4,-13,5,-13,3,-13,3,-13,3,-13,2,-14,2,-14,2,-14,2,-14,2,-14,0,-14,1,-15,0,-15,0,0,-1,-15,-1,-16,-2,-17,-2,-16,-1,-17,-2,-18,-2,-18,-2,-18,-2,-18,-2,-19,-3,-20,-2,-20,-2,-20,-2,-21,-2,-21,-2,-22,-1,-22,-1,-22,-1,-22,0,-22,1,-23,2,-22,3,-23,3,-23,5,-22,5,-22,0,0,3,-13,3,-13,2,-13,3,-14,2,-14,3,-14,2,-14,2,-14,2,-14,2,-14,2,-15,2,-15,1,-15,2,-14,2,-14,1,-15,0,-14,0,-14,-1,-13,-1,-14,-1,-14,-2,-15,-1,-14,-3,-14,-3,-15,-4,-15,0,0,-5,-15,-5,-16,-5,-16,-6,-16,-5,-16,-6,-17,-7,-18,-7,-17,-8,-18,-8,-18,-9,-19,-7,-19,-8,-20,-8,-21,-8,-22,-8,-21,-9,-22,-8,-22,-8,-23,-7,-23,-6,-24,-6,-24,-6,-25,-6,-25,-4,-26,-4,-26,0,0]"
CSI_DATA: 945,5,210,210,216,209,226,0,-27,-22,87985.526,87987.259,102.275,88261.203,251.75,117.205,"[14,-13,14,-14,13,-15,15,-14,14,-13,14,-13,14,-13,13,-13,13,-12,12,-12,13,-13,12,-13,12,-13,12,-13,12,-12,11,-14,11,-13,10,-13,10,-13,10,-13,11,-13,10,-13,10,-13,9,-14,10,-14,9,-14,0,0,9,-14,9,-15,9,-15,8,-15,9,-15,9,-15,9,-15,9,-14,10,-14,9,-15,10,-16,10,-14,10,-15,10,-15,10,-14,10,-15,11,-14,11,-13,11,-13,11,-12,12,-11,12,-11,12,-10,11,-10,12,-9,11,-8,0,0,8,9,9,9,10,8,10,10,9,9,10,9,10,9,10,9,10,9,10,8,11,9,12,9,12,8,12,8,12,9,13,9,13,8,12,8,13,8,13,8,14,9,14,8,13,9,14,7,15,9,16,8,0,0,16,8,16,9,16,8,16,8,16,8,16,8,17,9,16,8,17,8,16,8,18,8,16,8,17,8,17,9,17,9,18,9,18,9,18,10,17,10,17,10,17,11,16,11,17,11,17,11,16,13,16,14,0,0]"
CSI_DATA: 946,6,197,197,203,196,226,0,-24,-18,87988.693,87990.427,157.626,88325.470,315.342,181.472,"[-6,-8,-7,-8,-7,-7,-7,-8,-7,-8,-8,-7,-8,-7,-8,-7,-9,-7,-9,-6,-10,-6,-11,-6,-11,-5,-11,-5,-11,-6,-12,-5,-12,-4,-12,-4,-12,-3,-13,-4,-14,-4,-14,-3,-14,-3,-15,-1,-16,-3,-16,-1,0,0,-16,-2,-17,-2,-17,-1,-18,-1,-18,-1,-19,-2,-19,-2,-19,-1,-20,-1,-21,-1,-21,-1,-21,-1,-21,-2,-22,-2,-21,-2,-22,-2,-23,-2,-23,-2,-23,-3,-22,-4,-23,-5,-22,-6,-23,-6,-23,-6,-22,-7,-22,-7,0,0,15,-7,15,-7,14,-8,16,-8,15,-7,15,-7,15,-8,15,-8,16,-8,15,-8,16,-8,16,-8,16,-9,15,-9,15,-9,15,-11,14,-11,14,-11,13,-11,14,-12,15,-12,14,-12,14,-12,13,-14,15,-14,14,-16,0,0,14,-16,15,-16,14,-17,14,-17,14,-17,15,-17,15,-18,14,-18,15,-19,15,-19,16,-20,16,-19,16,-19,16,-19,17,-20,17,-20,17,-20,17,-20,17,-20,18,-20,19,-20,19,-19,20,-19,20,-18,22,-17,22,-17,0,0]"
CSI_DATA: 947,7,190,190,193,190,226,0,-19,-18,87903.714,87905.447,201.892,88397.251,387.123,253.253,"[16,-10,16,-11,15,-11,17,-11,15,-11,16,-10,15,-10,15,-10,14,-10,14,-10,15,-11,14,-11,14,-11,14,-11,14,-11,13,-13,12,-12,12,-11,12,-13,13,-12,13,-12,12,-13,12,-12,11,-14,13,-14,12,-14,0,0,11,-15,11,-15,11,-16,11,-15,12,-16,11,-16,12,-16,11,-16,11,-16,11,-17,11,-18,12,-17,12,-18,12,-18,12,-18,12,-19,12,-19,13,-19,13,-19,14,-18,15,-18,15,-18,16,-18,16,-19,18,-17,18,-17,0,0,4,-18,4,-18,3,-18,4,-19,4,-18,4,-18,3,-18,4,-17,4,-18,3,-16,4,-18,3,-17,3,-16,2,-16,3,-16,1,-17,1,-16,1,-15,0,-15,0,-16,1,-16,0,-17,1,-16,-1,-16,0,-18,-2,-18,0,0,-2,-18,-1,-18,-2,-18,-2,-18,-1,-17,-1,-18,-1,-18,-1,-17,-1,-18,-1,-18,-2,-19,-1,-18,-1,-18,-1,-18,0,-18,-1,-18,-1,-18,0,-18,0,-18,0,-17,1,-18,1,-17,1,-17,1,-17,3,-17,3,-17,0,0]"
CSI_DATA: 948,4,196,196,218,195,227,0,-28,-41,88372.490,88374.214,57.753,88597.387,200.136,63.388,"[9,2,9,1,10,0,10,1,10,1,10,1,10,0,10,0,10,0,10,-1,11,-1,11,-1,11,-2,11,-2,11,-2,11,-3,11,-3,10,-3,11,-4,11,-4,11,-4,11,-5,11,-4,11,-6,12,-6,12,-7,0,0,11,-8,12,-8,12,-9,12,-8,13,-9,13,-10,13,-10,13,-10,13,-10,13,-10,14,-11,14,-10,14,-10,14,-11,14,-10,16,-11,16,-11,16,-10,16,-10,17,-9,17,-8,17,-8,18,-8,19,-7,18,-5,18,-5,0,0,-10,-3,-10,-3,-10,-2,-11,-3,-11,-3,-11,-3,-11,-3,-11,-2,-11,-2,-10,-2,-11,-2,-11,-2,-10,-2,-10,-2,-9,-2,-9,-1,-8,-1,-8,0,-7,0,-7,0,-6,1,-6,1,-5,1,-5,3,-5,3,-4,4,0,0,-3,5,-3,6,-2,7,-2,7,-1,8,-1,9,-1,9,0,10,0,11,1,11,2,13,1,12,2,14,2,15,2,16,3,17,3,18,3,19,3,20,2,20,1,22,1,21,1,23,2,25,0,26,-1,27,0,0]"
CSI_DATA: 949,5,211,211,217,210,227,0,-30,-19,88375.519,88377.243,102.337,88649.552,252.301,115.553,"[1,-22,1,-23,-1,-23,1,-24,1,-22,1,-23,0,-22,0,-21,0,-21,0,-20,0,-22,-1,-21,-1,-21,-1,-21,-1,-21,-2,-21,-3,-19,-2,-19,-3,-20,-3,-21,-2,-20,-3,-20,-2,-19,-5,-19,-4,-20,-4,-20,0,0,-5,-19,-5,-20,-6,-20,-5,-19,-5,-20,-5,-20,-5,-20,-5,-20,-5,-19,-4,-19,-5,-20,-4,-20,-3,-20,-4,-20,-3,-19,-3,-20,-3,-20,-2,-19,-1,-19,-1,-18,1,-18,1,-18,2,-17,2,-18,4,-16,3,-16,0,0,-9,8,-9,9,-8,9,-10,10,-9,10,-9,10,-9,10,-9,10,-9,10,-8,10,-9,11,-8,12,-8,12,-8,12,-8,12,-7,13,-7,13,-7,12,-7,13,-8,13,-8,13,-8,13,-8,13,-6,14,-7,15,-7,16,0,0,-6,15,-7,15,-6,16,-6,16,-7,16,-7,16,-7,16,-7,16,-7,17,-6,17,-6,18,-7,17,-7,17,-7,18,-7,18,-7,18,-7,18,-8,19,-8,18,-9,18,-10,18,-10,17,-10,17,-10,18,-12,17,-12,16,0,0]"
CSI_DATA: 950,6,198,198,204,197,227,0,-21,-18,88378.686,88380.411,157.787,88718.134,320.883,184.135,"[-3,-12,-4,-12,-4,-11,-4,-13,-5,-12,-5,-12,-5,-12,-5,-12,-5,-12,-6,-12,-7,-12,-7,-12,-7,-12,-8,-12,-8,-12,-9,-11,-9,-11,-9,-11,-10,-11,-10,-12,-10,-12,-10,-11,-10,-11,-12,-10,-12,-12,-13,-11,0,0,-14,-10,-14,-11,-15,-11,-14,-10,-15,-11,-15,-12,-15,-11,-15,-11,-16,-11,-16,-11,-17,-11,-16,-12,-16,-12,-17,-12,-16,-12,-17,-12,-17,-13,-17,-13,-17,-14,-16,-14,-16,-15,-15,-16,-15,-16,-16,-15,-14,-16,-14,-16,0,0,-17,-3,-18,-2,-17,-2,-19,-3,-18,-2,-19,-3,-19,-2,-18,-2,-19,-2,-18,-2,-20,-2,-19,-2,-20,-2,-19,-1,-19,-2,-20,0,-19,1,-18,1,-19,1,-20,1,-20,0,-20,1,-19,1,-20,4,-21,2,-21,4,0,0,-21,4,-22,4,-22,5,-21,5,-22,5,-23,5,-23,4,-22,5,-23,5,-23,5,-24,7,-24,5,-24,5,-24,5,-25,5,-25,6,-25,5,-26,5,-26,4,-25,3,-26,3,-26,2,-26,1,-26,2,-27,0,-27,-1,0,0]"
CSI_DATA: 951,7,191,191,194,191,227,0,-20,-19,88293.707,88295.432,201.941,88791.752,394.501,257.753,"[-11,-15,-11,-15,-12,-14,-12,-16,-11,-15,-11,-15,-11,-14,-10,-14,-11,-14,-10,-14,-11,-15,-11,-14,-11,-14,-11,-14,-10,-14,-11,-13,-11,-12,-11,-12,-11,-12,-11,-13,-11,-13,-11,-12,-10,-12,-12,-11,-12,-12,-12,-12,0,0,-12,-11,-13,-11,-13,-11,-13,-10,-13,-11,-14,-11,-13,-10,-13,-10,-14,-10,-13,-9,-15,-10,-14,-10,-14,-10,-15,-10,-15,-9,-16,-10,-16,-11,-16,-11,-16,-11,-16,-11,-16,-12,-15,-12,-16,-13,-17,-14,-15,-15,-15,-15,0,0,9,-16,9,-16,8,-16,10,-17,9,-16,10,-16,10,-16,10,-15,10,-15,9,-14,10,-16,9,-15,9,-15,8,-15,9,-14,7,-16,6,-15,6,-15,6,-16,7,-16,7,-16,6,-16,7,-15,5,-17,6,-17,6,-18,0,0,6,-18,6,-18,6,-18,5,-18,6,-18,6,-18,7,-18,7,-17,7,-18,6,-17,6,-19,7,-17,7,-17,7,-17,7,-17,7,-18,7,-17,7,-17,7,-16,8,-16,8,-16,8,-15,8,-15,8,-15,9,-14,9,-14,0,0]"
CSI_DATA: 952,4,197,197,219,196,228,0,-22,-40,88762.500,88765.524,57.741,88983.76,191.324,59.77,"[2,-16,1,-16,0,-16,1,-17,1,-16,1,-16,1,-16,1,-15,1,-16,0,-15,0,-17,0,-16,0,-16,0,-16,0,-16,-1,-17,-1,-15,-1,-15,-2,-16,-1,-16,-1,-16,-1,-16,-1,-15,-2,-15,-2,-16,-3,-17,0,0,-3,-16,-3,-17,-3,-17,-3,-16,-3,-16,-3,-17,-2,-17,-3,-16,-3,-17,-3,-17,-4,-18,-2,-17,-2,-17,-3,-18,-2,-17,-2,-18,-2,-17,-2,-18,-1,-18,0,-17,0,-17,1,-17,1,-17,1,-17,2,-17,2,-16,0,0,15,-9,15,-9,15,-10,17,-9,16,-8,16,-8,16,-8,16,-7,17,-7,16,-7,17,-7,17,-7,17,-7,17,-6,17,-5,17,-6,16,-5,15,-4,15,-5,15,-4,16,-4,15,-4,14,-3,14,-5,14,-5,15,-5,0,0,13,-5,13,-5,13,-5,11,-5,12,-5,11,-5,11,-5,11,-5,10,-5,10,-5,9,-6,9,-5,9,-5,9,-6,9,-6,8,-6,8,-6,7,-6,7,-6,7,-5,7,-6,6,-5,6,-5,5,-6,5,-5,5,-6,0,0]"
CSI_DATA: 953,5,212,212,218,211,228,0,-37,-21,88765.529,88768.552,112.330,89037.783,246.31,113.784,"[-9,1,-9,1,-9,2,-10,1,-10,2,-11,1,-10,1,-10,1,-10,2,-10,2,-10,2,-10,3,-10,3,-10,4,-10,4,-10,5,-9,5,-9,5,-10,6,-10,6,-10,6,-10,8,-10,7,-9,9,-10,10,-10,10,0,0,-10,10,-10,11,-10,12,-10,12,-11,12,-11,13,-11,13,-11,13,-11,13,-10,13,-11,14,-11,14,-11,14,-12,14,-12,13,-12,15,-13,15,-13,14,-13,13,-13,13,-14,12,-14,12,-14,12,-14,13,-15,11,-15,10,0,0,14,2,14,1,14,0,16,1,15,1,15,1,15,1,14,0,15,1,14,0,16,0,16,-1,16,-1,16,-2,16,-1,17,-3,17,-3,16,-2,17,-3,17,-3,17,-2,17,-3,17,-2,17,-5,19,-4,19,-5,0,0,18,-5,18,-5,19,-5,18,-6,19,-5,19,-5,19,-5,19,-5,19,-6,18,-6,20,-7,19,-6,19,-6,20,-7,19,-6,21,-7,21,-7,21,-7,21,-6,21,-6,22,-5,21,-4,21,-4,22,-5,23,-3,23,-3,0,0]"
CSI_DATA: 954,7,192,192,195,192,228,0,-20,-20,88683.718,88686.742,211.925,89138.333,346.581,214.334,"[-4,-17,-4,-17,-5,-17,-4,-18,-4,-17,-4,-17,-4,-16,-3,-15,-4,-16,-4,-15,-4,-16,-5,-16,-5,-16,-5,-15,-4,-16,-6,-15,-6,-14,-5,-14,-6,-15,-6,-15,-5,-15,-6,-15,-5,-14,-7,-14,-7,-15,-7,-15,0,0,-8,-14,-8,-15,-8,-15,-8,-14,-8,-15,-9,-15,-9,-15,-8,-15,-9,-15,-9,-15,-10,-16,-9,-16,-10,-16,-10,-17,-10,-16,-11,-17,-10,-17,-10,-18,-10,-18,-9,-18,-9,-19,-8,-19,-8,-20,-9,-21,-7,-21,-7,-21,0,0,4,18,4,18,5,17,4,19,4,18,4,18,3,18,3,17,2,17,3,16,3,17,3,16,3,16,3,14,3,14,5,14,5,13,5,13,6,12,6,13,6,13,7,13,7,13,8,12,8,14,9,14,0,0,10,14,10,14,10,14,10,14,9,14,10,15,10,15,9,15,9,15,9,15,10,15,9,15,9,15,9,15,8,15,9,16,8,15,8,15,7,16,7,15,6,15,6,14,6,14,6,15,5,15,4,15,0,0]"
CSI_DATA: 955,3,190,190,221,189,229,0,-22,-29,89155.443,89157.185,11.775,89327.299,188.966,13.301,"[8,12,8,13,9,11,9,13,9,12,9,13,9,13,9,12,9,13,9,12,10,13,10,13,10,13,11,12,10,13,11,12,11,12,11,12,12,12,11,12,11,13,11,12,11,12,13,11,13,12,14,12,0,0,14,11,14,11,15,11,14,11,15,12,15,12,15,12,15,11,15,12,16,11,18,11,17,12,17,12,17,12,17,12,18,13,18,13,18,13,18,14,17,15,17,16,17,15,17,16,18,16,17,17,16,18,0,0,9,9,9,9,10,9,10,10,9,10,9,10,9,10,9,10,9,11,9,11,10,12,9,11,10,11,9,11,9,12,10,11,10,10,9,11,10,11,9,11,9,12,10,11,9,11,10,10,10,11,11,11,0,0,11,11,11,11,11,11,11,10,11,11,11,11,11,11,10,11,11,11,11,11,11,11,10,10,10,11,10,11,10,10,11,10,11,11,10,10,10,10,9,10,9,11,8,10,8,10,9,10,8,10,8,10,0,0]"
CSI_DATA: 956,5,213,213,219,212,229,0,-34,-22,89155.511,89157.253,102.332,89418.369,280.36,104.371,"[-21,3,-22,3,-20,4,-22,4,-21,4,-21,4,-20,4,-19,3,-20,4,-18,4,-20,4,-19,5,-19,5,-18,5,-19,4,-18,5,-17,5,-16,5,-17,6,-17,5,-16,5,-16,5,-15,4,-15,6,-16,5,-16,6,0,0,-15,5,-14,5,-14,5,-13,5,-13,4,-13,4,-13,3,-13,3,-12,3,-11,3,-12,3,-11,2,-11,1,-11,1,-10,0,-10,0,-9,-1,-9,-1,-8,-2,-6,-3,-6,-3,-5,-4,-5,-4,-4,-5,-2,-5,-1,-6,0,0,17,3,17,3,17,2,18,3,17,3,17,2,17,2,16,2,16,2,16,1,18,1,17,0,17,0,17,0,17,1,18,-1,17,-2,17,-1,17,-1,17,-1,18,0,18,-1,17,-1,17,-3,18,-2,18,-3,0,0,18,-3,18,-4,19,-4,18,-5,18,-4,19,-4,19,-4,19,-4,19,-5,19,-5,20,-6,19,-5,19,-6,20,-5,20,-6,22,-6,21,-6,22,-6,22,-4,22,-4,23,-3,23,-3,23,-2,24,-3,24,-1,24,0,0,0]"
CSI_DATA: 957,6,200,200,205,199,229,0,-26,-18,88768.697,89160.422,157.693,89476.963,338.630,162.965,"[-9,-6,-9,-5,-9,-5,-10,-5,-9,-4,-10,-4,-10,-4,-10,-3,-10,-3,-10,-2,-11,-2,-11,-1,-12,-1,-12,-1,-12,-1,-12,0,-12,0,-12,0,-13,1,-13,1,-14,1,-13,2,-13,1,-14,3,-15,2,-15,3,0,0,-15,3,-15,3,-16,4,-16,4,-16,3,-17,4,-17,4,-17,4,-17,4,-17,4,-18,4,-18,3,-18,3,-19,3,-18,3,-19,3,-20,2,-19,2,-19,1,-19,1,-19,0,-19,-1,-19,-1,-19,-1,-18,-2,-18,-3,0,0,-2,-14,-2,-14,-3,-14,-2,-15,-3,-15,-2,-14,-3,-15,-3,-14,-3,-15,-3,-15,-4,-15,-4,-15,-5,-15,-5,-14,-4,-15,-6,-15,-6,-14,-6,-14,-7,-14,-7,-15,-7,-15,-8,-15,-8,-15,-10,-14,-10,-16,-11,-15,0,0,-11,-15,-12,-16,-12,-16,-13,-16,-12,-16,-13,-17,-13,-17,-13,-17,-14,-17,-14,-17,-15,-18,-14,-17,-14,-18,-14,-18,-15,-19,-16,-19,-16,-19,-15,-20,-14,-21,-14,-21,-14,-22,-13,-22,-13,-23,-14,-23,-12,-24,-11,-24,0,0]"
CSI_DATA: 958,3,191,191,222,190,230,0,-22,-32,89545.418,89547.221,11.921,89719.415,242.452,15.412,"[8,10,8,10,9,9,10,10,9,10,9,10,10,9,9,9,9,10,10,9,11,9,11,9,12,9,11,9,11,9,12,9,12,8,12,8,13,8,13,8,13,8,14,8,13,8,15,7,15,8,16,7,0,0,16,7,16,7,17,7,17,7,17,7,18,7,18,8,18,7,19,7,18,7,20,7,19,8,19,8,20,8,19,8,21,9,20,9,21,10,20,10,20,11,20,11,20,12,19,13,20,12,19,14,19,15,0,0,-16,3,-16,4,-17,4,-18,4,-18,4,-18,4,-18,4,-18,3,-19,3,-18,3,-19,3,-19,4,-19,3,-18,3,-18,3,-19,5,-17,5,-18,5,-17,5,-19,5,-19,4,-18,5,-18,4,-17,7,-19,6,-18,7,0,0,-18,7,-19,7,-18,7,-18,7,-18,7,-19,7,-19,6,-18,6,-18,7,-18,6,-18,6,-17,4,-17,5,-16,5,-17,5,-17,5,-16,5,-16,4,-15,4,-14,3,-14,2,-12,2,-12,2,-12,2,-11,2,-11,1,0,0]"
CSI_DATA: 959,4,198,198,221,197,230,0,-26,-41,89542.459,89544.262,57.640,89769.543,292.580,65.540,"[-5,-11,-6,-11,-6,-10,-7,-11,-6,-10,-6,-11,-7,-10,-6,-10,-7,-10,-7,-10,-7,-11,-7,-10,-7,-10,-7,-10,-7,-10,-9,-10,-8,-9,-8,-9,-8,-9,-9,-9,-8,-9,-9,-9,-8,-9,-9,-8,-9,-9,-10,-9,0,0,-10,-9,-10,-8,-11,-8,-11,-8,-11,-9,-11,-9,-11,-9,-11,-9,-11,-9,-11,-9,-11,-9,-11,-10,-11,-10,-11,-10,-11,-10,-11,-10,-12,-10,-11,-10,-10,-11,-10,-11,-10,-12,-9,-12,-9,-12,-9,-12,-8,-13,-8,-13,0,0,-2,-13,-3,-12,-3,-12,-3,-12,-3,-12,-3,-11,-4,-11,-3,-10,-3,-10,-3,-10,-3,-11,-3,-10,-3,-10,-3,-9,-2,-9,-3,-9,-3,-8,-3,-9,-3,-8,-2,-8,-2,-8,-2,-8,-1,-8,-2,-8,-1,-8,-2,-8,0,0,-1,-8,-1,-8,-2,-8,-1,-8,-1,-8,-1,-9,-1,-8,-1,-8,-2,-8,-1,-8,-1,-9,-1,-8,-2,-9,-2,-9,-2,-9,-2,-10,-2,-10,-2,-10,-2,-10,-2,-11,-2,-11,-2,-11,-2,-12,-2,-12,-1,-12,-1,-12,0,0]"
CSI_DATA: 960,5,214,214,219,213,230,0,-34,-24,89155.511,89547.290,102.335,89840.656,363.693,136.653,"[-21,3,-22,3,-20,4,-22,4,-21,4,-21,4,-20,4,-19,3,-20,4,-18,4,-20,4,-19,5,-19,5,-18,5,-19,4,-18,5,-17,5,-16,5,-17,6,-17,5,-16,5,-16,5,-15,4,-15,6,-16,5,-16,6,0,0,-15,5,-14,5,-14,5,-13,5,-13,4,-13,4,-13,3,-13,3,-12,3,-11,3,-12,3,-11,2,-11,1,-11,1,-10,0,-10,0,-9,-1,-9,-1,-8,-2,-6,-3,-6,-3,-5,-4,-5,-4,-4,-5,-2,-5,-1,-6,0,0,-12,-13,-12,-13,-13,-12,-13,-13,-12,-13,-12,-12,-12,-13,-12,-12,-12,-12,-12,-11,-14,-12,-14,-11,-13,-11,-14,-11,-14,-12,-16,-11,-15,-10,-15,-11,-15,-11,-16,-11,-15,-12,-16,-11,-15,-11,-16,-10,-17,-11,-17,-11,0,0,-16,-10,-17,-10,-17,-10,-17,-10,-17,-10,-17,-11,-17,-11,-16,-11,-17,-10,-17,-11,-18,-10,-17,-10,-17,-10,-18,-11,-18,-10,-19,-11,-18,-10,-18,-11,-18,-11,-17,-12,-18,-13,-17,-12,-17,-13,-18,-13,-17,-14,-17,-15,0,0]"
CSI_DATA: 961,6,201,201,206,200,230,0,-31,-18,89548.656,89550.459,157.684,89914.430,437.467,210.427,"[4,4,4,3,5,2,6,3,6,2,6,2,7,2,7,2,7,2,7,1,9,1,9,1,9,1,9,0,10,0,11,-1,10,-1,10,0,11,-1,12,-1,12,-1,12,-1,13,-1,13,-2,14,-2,14,-2,0,0,15,-3,15,-3,15,-3,16,-3,16,-3,16,-3,17,-3,17,-3,17,-3,17,-4,18,-3,18,-3,18,-3,18,-3,18,-3,18,-3,18,-3,19,-2,18,-2,18,-2,19,-1,19,-1,19,-1,19,-1,18,0,18,0,0,0,-13,4,-13,4,-13,5,-14,5,-14,5,-14,5,-14,5,-14,5,-15,5,-14,5,-15,5,-15,6,-15,6,-14,6,-15,5,-15,7,-14,7,-14,7,-13,8,-15,8,-15,8,-14,9,-15,8,-13,11,-15,10,-15,12,0,0,-15,12,-15,12,-15,13,-15,13,-16,13,-16,13,-16,13,-16,13,-16,14,-17,14,-17,15,-17,14,-17,14,-17,14,-18,14,-18,15,-18,15,-19,15,-19,14,-19,13,-21,13,-20,12,-21,12,-21,12,-23,11,-22,11,0,0]"
CSI_DATA: 962,7,194,194,197,194,230,0,-22,-20,89463.678,89465.481,201.952,89978.913,501.950,274.910,"[12,-10,11,-11,10,-12,12,-11,11,-11,11,-11,10,-11,10,-10,10,-10,10,-10,11,-11,10,-11,10,-11,10,-10,9,-10,9,-11,8,-10,8,-10,8,-11,8,-11,8,-11,7,-11,7,-10,6,-12,7,-12,6,-12,0,0,5,-12,5,-13,4,-13,4,-13,4,-13,4,-14,4,-14,4,-14,4,-15,4,-15,4,-16,4,-15,4,-16,4,-17,4,-17,4,-18,4,-18,5,-18,5,-18,5,-18,6,-18,7,-19,8,-19,8,-20,10,-18,10,-18,0,0,9,16,9,16,10,16,9,18,9,17,8,17,8,17,7,16,7,17,6,15,6,16,6,15,6,14,7,13,6,13,8,12,8,11,8,11,9,11,10,11,9,11,10,11,9,12,11,10,11,12,12,11,0,0,12,11,12,12,12,12,12,11,12,12,12,12,11,12,11,12,11,12,11,12,12,12,10,12,10,11,11,12,11,12,11,12,11,11,10,11,10,12,9,12,9,12,9,11,9,12,9,11,8,12,8,12,0,0]"
CSI_DATA: 963,3,192,192,223,191,231,0,-20,-32,89935.445,89937.687,12.388,90107.972,129.59,13.968,"[1,-14,1,-15,0,-14,1,-16,0,-15,0,-15,0,-15,0,-15,0,-15,-1,-15,-1,-16,-2,-16,-1,-16,-2,-16,-1,-16,-3,-16,-3,-15,-3,-15,-4,-15,-3,-16,-3,-16,-4,-16,-3,-16,-5,-16,-4,-17,-6,-17,0,0,-6,-17,-6,-18,-7,-17,-7,-17,-7,-18,-7,-18,-6,-19,-7,-18,-7,-18,-7,-19,-8,-19,-7,-19,-7,-19,-7,-19,-7,-20,-7,-20,-7,-21,-7,-20,-6,-21,-5,-21,-5,-21,-4,-21,-4,-22,-5,-22,-3,-22,-2,-22,0,0,10,-13,10,-14,9,-14,11,-14,10,-14,11,-14,11,-14,11,-13,11,-13,10,-13,11,-14,10,-14,11,-14,10,-14,11,-13,10,-15,9,-14,9,-14,9,-14,10,-14,10,-14,10,-14,9,-13,8,-15,9,-15,9,-16,0,0,8,-15,9,-15,8,-15,8,-15,9,-15,9,-14,9,-14,9,-14,9,-14,9,-13,8,-14,8,-12,8,-12,8,-12,8,-11,8,-11,7,-10,7,-10,7,-9,7,-8,7,-8,6,-7,5,-6,4,-6,5,-5,4,-5,0,0]"
CSI_DATA: 964,4,199,199,222,198,231,0,-24,-37,89932.487,89934.730,57.724,90166.341,187.428,72.337,"[3,13,3,13,4,12,4,14,4,14,4,13,4,13,4,13,4,13,4,13,5,14,5,13,5,13,5,13,4,13,6,13,6,12,6,12,6,12,6,12,6,12,6,12,6,12,8,11,8,13,8,12,0,0,9,12,9,12,9,12,9,11,9,12,9,12,9,12,10,12,10,13,10,12,11,12,9,12,10,12,10,13,10,13,10,13,11,14,10,13,10,14,9,14,9,15,8,15,8,15,8,15,7,16,6,15,0,0,6,-3,7,-3,7,-3,8,-3,7,-3,8,-3,8,-3,8,-2,9,-3,9,-3,10,-3,10,-4,10,-3,10,-3,11,-3,12,-4,11,-4,11,-3,12,-4,12,-3,13,-3,12,-4,12,-3,12,-5,13,-5,13,-5,0,0,13,-6,13,-6,14,-7,13,-7,14,-7,14,-7,14,-7,14,-7,14,-8,13,-8,14,-10,14,-9,14,-9,14,-9,14,-9,15,-10,15,-10,16,-10,16,-10,16,-9,17,-9,17,-9,17,-9,18,-10,19,-9,19,-8,0,0]"
CSI_DATA: 965,5,215,215,220,214,231,0,-28,-23,89935.515,89937.757,112.330,90226.891,247.978,132.887,"[-12,-15,-12,-15,-12,-14,-13,-15,-12,-14,-12,-14,-11,-14,-11,-14,-11,-14,-11,-13,-12,-14,-12,-14,-12,-14,-12,-13,-12,-14,-13,-13,-12,-12,-12,-12,-12,-12,-12,-13,-12,-13,-12,-13,-12,-13,-13,-12,-13,-13,-13,-13,0,0,-13,-12,-13,-13,-13,-13,-13,-12,-12,-12,-13,-13,-12,-13,-12,-13,-13,-12,-12,-12,-13,-12,-12,-12,-12,-12,-12,-13,-12,-12,-12,-12,-13,-12,-12,-12,-12,-12,-11,-12,-11,-13,-11,-13,-11,-13,-11,-13,-10,-13,-10,-14,0,0,3,13,4,13,5,12,5,14,5,13,5,14,4,13,4,13,4,13,5,12,6,13,6,13,6,13,7,13,6,13,8,13,8,13,7,12,8,13,7,13,7,14,8,13,7,13,10,12,9,14,10,14,0,0,10,13,10,13,11,14,11,13,10,14,10,14,10,14,10,14,11,14,11,14,12,14,11,14,11,14,11,15,11,15,12,15,11,15,11,16,10,16,10,16,9,17,9,16,9,17,10,17,8,18,8,18,0,0]"
CSI_DATA: 966,6,202,202,207,201,231,0,-29,-17,89938.684,89940.927,157.663,90298.230,319.317,204.226,"[-7,-4,-7,-3,-8,-3,-9,-3,-9,-3,-9,-3,-9,-3,-9,-3,-10,-3,-10,-2,-11,-3,-11,-2,-12,-2,-11,-1,-12,-2,-12,-1,-12,-1,-12,-1,-13,0,-13,-1,-13,-1,-14,0,-14,-2,-14,0,-15,0,-14,0,0,0,-15,0,-16,0,-16,0,-16,1,-16,0,-17,0,-17,0,-16,0,-17,-1,-17,0,-18,1,-17,0,-18,0,-17,0,-17,-1,-18,0,-18,0,-18,-1,-17,-2,-17,-2,-17,-3,-17,-2,-17,-2,-18,-2,-17,-4,-17,-4,0,0,4,-13,3,-13,3,-13,4,-14,3,-14,4,-14,3,-14,3,-14,3,-15,3,-14,3,-16,2,-16,2,-16,2,-15,2,-16,1,-17,0,-16,0,-16,0,-16,0,-17,0,-17,-1,-17,0,-17,-3,-17,-2,-19,-3,-19,0,0,-3,-19,-4,-19,-4,-20,-5,-20,-4,-20,-4,-21,-4,-21,-4,-21,-5,-22,-5,-21,-6,-23,-5,-22,-6,-23,-5,-23,-5,-24,-6,-25,-6,-24,-5,-25,-4,-26,-3,-25,-3,-27,-2,-26,-2,-26,-2,-27,0,-27,1,-27,0,0]"
CSI_DATA: 967,7,195,195,198,195,231,0,-26,-19,89853.707,89855.949,211.934,90367.538,388.625,273.534,"[14,-1,14,-1,14,-2,15,-1,14,-1,14,-1,13,-1,13,-1,13,-1,12,-1,13,-1,13,-2,12,-2,12,-2,12,-1,12,-2,11,-2,11,-2,11,-3,11,-2,11,-2,10,-3,10,-3,10,-4,10,-4,10,-5,0,0,9,-5,9,-6,9,-6,9,-7,9,-6,9,-7,10,-7,10,-7,10,-8,10,-8,10,-9,10,-9,10,-9,11,-10,11,-10,12,-11,12,-11,12,-11,13,-10,14,-10,15,-10,15,-10,16,-10,16,-10,17,-8,18,-8,0,0,-2,17,-2,17,-1,17,-2,18,-2,17,-3,18,-3,17,-3,17,-4,17,-3,16,-3,17,-2,16,-2,16,-2,15,-2,15,0,15,0,15,0,14,1,15,0,15,0,15,1,16,0,15,3,15,2,17,2,17,0,0,2,17,2,17,2,17,3,17,2,17,1,17,1,17,1,17,1,17,1,16,2,18,1,16,1,16,1,17,0,16,1,17,1,16,0,16,0,16,-1,16,-1,16,-1,15,-2,15,-1,15,-2,15,-2,15,0,0]"
CSI_DATA: 968,4,200,200,223,199,232,0,-25,-37,90322.479,90324.230,57.748,90543.179,175.641,59.179,"[-1,14,0,14,1,14,0,15,0,14,0,14,0,14,1,14,0,14,1,13,1,15,2,14,1,14,2,14,1,14,3,14,2,13,2,13,3,13,3,13,2,14,3,13,3,13,4,12,4,14,5,14,0,0,5,13,5,14,6,13,6,13,5,13,5,14,5,13,6,13,6,14,6,13,7,14,5,14,5,14,6,14,6,14,6,15,6,15,5,14,5,14,4,14,3,15,3,14,3,15,3,14,2,14,1,14,0,0,-3,3,-2,3,-1,2,-1,2,-1,2,-1,1,0,1,0,0,0,0,1,-1,2,-1,2,-2,2,-2,2,-3,3,-3,4,-4,3,-5,4,-5,4,-5,5,-6,5,-6,5,-7,6,-7,5,-9,6,-9,6,-10,0,0,6,-11,6,-11,6,-12,7,-12,7,-13,8,-13,8,-14,8,-13,8,-15,8,-15,8,-17,8,-15,8,-16,8,-16,9,-17,9,-18,9,-18,9,-19,10,-18,10,-18,11,-18,11,-18,12,-18,11,-20,13,-19,13,-18,0,0]"
CSI_DATA: 969,5,216,216,221,215,232,0,-27,-26,90325.506,90327.257,102.346,90590.595,223.57,106.595,"[-11,18,-11,18,-9,18,-11,19,-11,18,-11,17,-11,17,-10,17,-11,17,-9,17,-11,18,-10,17,-10,18,-9,17,-10,17,-9,18,-9,17,-9,16,-8,17,-9,17,-9,17,-8,17,-9,16,-7,17,-8,18,-8,18,0,0,-7,18,-8,18,-8,18,-7,17,-8,18,-8,18,-9,17,-8,17,-8,17,-8,16,-8,17,-8,16,-8,16,-8,17,-8,15,-8,16,-8,16,-8,16,-8,15,-8,14,-9,15,-8,14,-8,14,-8,15,-9,14,-9,14,0,0,-12,-14,-13,-14,-13,-13,-13,-14,-13,-13,-13,-13,-13,-13,-13,-13,-13,-13,-13,-12,-15,-13,-15,-12,-14,-12,-15,-12,-14,-12,-16,-12,-16,-11,-15,-12,-16,-11,-16,-12,-16,-13,-16,-12,-16,-12,-17,-10,-17,-12,-18,-11,0,0,-17,-11,-18,-12,-19,-12,-18,-11,-18,-12,-18,-13,-18,-12,-18,-12,-18,-12,-18,-11,-20,-12,-18,-12,-18,-12,-19,-12,-19,-12,-20,-12,-19,-13,-20,-13,-18,-14,-18,-14,-18,-15,-17,-15,-18,-15,-19,-15,-17,-17,-17,-17,0,0]"
CSI_DATA: 970,6,203,203,208,202,232,0,-31,-16,90328.676,90330.427,157.706,90665.421,297.883,181.421,"[4,4,5,4,5,3,6,3,6,3,7,3,7,3,7,3,8,2,8,2,9,2,9,2,10,2,9,2,10,2,10,1,10,1,11,1,11,0,11,1,12,1,12,0,12,0,13,-1,13,0,14,-1,0,0,14,-1,15,-1,15,-1,15,-1,16,-1,16,-1,16,-1,16,-1,17,-1,16,-1,18,-1,17,0,17,0,17,0,17,0,18,0,18,1,18,0,17,1,17,1,17,2,16,2,16,3,16,2,16,3,16,3,0,0,-6,-14,-7,-14,-7,-14,-7,-16,-7,-15,-7,-15,-7,-16,-7,-15,-7,-16,-7,-15,-8,-16,-9,-16,-9,-16,-9,-15,-8,-16,-10,-15,-10,-14,-10,-15,-11,-14,-11,-16,-11,-16,-12,-15,-11,-15,-14,-14,-14,-16,-15,-15,0,0,-14,-15,-14,-16,-16,-16,-15,-15,-16,-16,-16,-17,-16,-17,-15,-17,-16,-17,-16,-16,-18,-17,-17,-17,-16,-17,-17,-18,-17,-18,-17,-19,-17,-19,-17,-19,-16,-20,-16,-20,-15,-21,-14,-21,-15,-21,-16,-21,-14,-22,-13,-23,0,0]"
CSI_DATA: 971,7,196,196,199,196,232,0,-29,-19,90243.699,90245.450,201.969,90733.507,365.969,249.507,"[10,-6,11,-6,9,-6,11,-6,9,-6,10,-6,9,-6,9,-5,9,-5,8,-6,9,-6,9,-7,9,-6,9,-6,9,-5,8,-6,8,-6,8,-5,7,-6,7,-5,7,-5,7,-5,6,-5,6,-6,6,-6,6,-7,0,0,5,-6,5,-7,5,-8,4,-7,4,-8,4,-8,4,-9,4,-9,4,-9,4,-9,4,-10,4,-10,3,-11,4,-12,4,-11,4,-12,4,-13,5,-13,5,-13,5,-13,7,-14,7,-14,7,-15,8,-16,10,-15,10,-15,0,0,17,5,18,5,17,4,19,6,17,5,17,6,17,6,16,6,16,6,15,6,16,6,15,5,14,5,14,4,14,4,15,3,14,2,14,2,15,1,15,2,15,3,16,2,15,3,16,1,17,2,17,1,0,0,17,1,17,2,18,1,17,1,17,2,17,3,17,3,16,3,17,3,16,3,17,2,16,3,15,3,16,3,15,3,16,3,16,3,15,3,15,3,14,4,15,4,14,4,14,4,15,3,14,4,14,4,0,0]"
CSI_DATA: 972,3,193,193,225,192,233,0,-23,-22,90715.412,90717.192,11.811,90887.579,154.72,13.580,"[2,13,2,13,3,12,3,14,3,13,3,13,3,12,3,12,3,12,4,12,5,13,5,12,5,12,5,12,5,13,6,12,6,12,6,12,6,11,6,12,6,12,7,12,6,12,8,11,8,13,9,12,0,0,9,12,9,12,9,12,9,12,9,13,10,13,10,13,9,13,10,13,10,13,11,14,10,14,10,14,10,14,9,14,10,15,10,15,9,15,9,15,8,15,8,16,8,16,8,16,8,16,6,16,6,16,0,0,4,15,4,15,5,14,4,16,4,15,4,15,4,15,4,14,4,15,4,14,4,16,4,15,5,15,4,14,4,15,6,14,6,14,5,13,6,14,5,14,5,14,6,14,5,14,7,14,6,15,7,15,0,0,7,14,8,14,8,15,8,14,8,15,8,15,8,15,7,15,8,15,8,15,9,16,7,15,7,15,7,15,8,15,8,16,7,16,8,17,7,16,7,16,6,17,5,16,5,17,5,17,4,17,4,17,0,0]"
CSI_DATA: 973,4,201,201,224,200,233,0,-26,-43,90712.456,90714.236,57.751,90933.61,199.554,59.62,"[-14,-1,-13,0,-14,0,-15,0,-15,0,-14,0,-14,0,-14,0,-14,1,-14,1,-14,1,-14,1,-14,1,-14,1,-14,1,-14,3,-13,2,-13,2,-13,3,-14,3,-14,3,-14,3,-13,2,-13,4,-14,4,-14,4,0,0,-13,4,-14,5,-14,5,-14,5,-14,5,-14,5,-14,5,-14,5,-14,6,-14,5,-14,6,-14,5,-14,5,-14,5,-14,5,-14,5,-16,5,-15,5,-15,5,-15,4,-15,3,-16,3,-16,3,-16,2,-15,1,-15,1,0,0,-17,-3,-17,-2,-17,-1,-18,-2,-16,-2,-16,-2,-15,-2,-14,-3,-15,-2,-13,-1,-15,-2,-14,-2,-14,-1,-13,-1,-13,-2,-14,-1,-13,-1,-11,-1,-12,0,-12,-1,-11,-2,-10,-1,-10,-2,-9,-1,-9,-1,-9,-1,0,0,-7,-1,-6,0,-6,0,-5,0,-4,0,-4,1,-3,1,-2,2,-1,2,0,2,1,3,1,4,1,4,2,5,3,6,3,7,3,8,4,9,4,10,4,10,4,11,3,11,3,13,4,14,2,15,2,16,0,0]"
CSI_DATA: 974,5,217,217,222,216,233,0,-26,-29,90715.483,90717.263,102.361,90996.452,262.945,122.453,"[17,-1,18,-1,17,-2,19,-1,17,-1,18,-1,17,0,16,-1,16,-1,16,-1,17,-2,17,-2,17,-2,16,-2,17,-1,17,-2,16,-2,15,-2,16,-2,16,-1,16,-1,16,-2,15,-2,15,-4,16,-3,16,-4,0,0,16,-3,16,-4,16,-4,15,-4,16,-3,16,-3,16,-3,15,-3,15,-3,15,-3,16,-4,15,-4,15,-3,15,-3,15,-2,16,-3,15,-2,15,-3,15,-2,14,-2,15,-1,14,-1,14,-1,14,-2,14,-1,13,0,0,0,13,-15,13,-15,12,-15,14,-16,14,-15,14,-15,14,-15,14,-15,14,-15,13,-14,15,-16,14,-16,14,-16,14,-16,15,-15,14,-19,13,-18,14,-17,14,-17,15,-17,16,-17,15,-17,16,-16,14,-18,17,-18,16,-19,0,0,16,-18,16,-18,16,-19,16,-18,17,-18,17,-18,17,-17,17,-16,17,-17,17,-16,17,-17,17,-15,16,-15,16,-15,16,-15,16,-16,15,-15,15,-15,15,-15,15,-14,16,-14,15,-14,16,-14,16,-15,16,-14,16,-14,0,0]"
CSI_DATA: 975,3,194,194,226,193,234,0,-22,-22,91105.408,91107.150,11.48,91277.234,280.782,13.235,"[0,13,0,13,1,13,0,15,0,14,0,14,0,14,1,14,1,14,2,13,2,15,2,14,3,14,3,14,2,15,4,14,4,14,4,14,5,14,4,15,4,15,5,14,4,14,6,14,6,16,7,15,0,0,7,15,7,16,8,15,8,15,8,16,8,16,8,16,8,16,8,17,9,16,10,17,8,17,9,17,9,18,9,18,9,18,9,19,9,18,8,19,7,19,7,19,6,19,6,20,7,20,5,20,5,20,0,0,-3,-17,-3,-17,-4,-17,-4,-19,-4,-18,-3,-18,-3,-18,-3,-17,-3,-17,-4,-17,-4,-18,-5,-17,-5,-17,-5,-17,-4,-17,-5,-17,-6,-16,-5,-16,-6,-16,-5,-17,-5,-17,-5,-17,-5,-17,-7,-16,-7,-17,-8,-17,0,0,-8,-17,-8,-17,-9,-17,-8,-17,-8,-17,-8,-18,-7,-18,-8,-18,-8,-18,-8,-18,-10,-18,-8,-18,-9,-18,-9,-18,-9,-19,-9,-19,-9,-19,-8,-19,-8,-20,-7,-20,-7,-21,-6,-20,-6,-21,-7,-21,-5,-21,-5,-21,0,0]"
CSI_DATA: 976,5,218,218,223,217,234,0,-23,-26,91105.479,91107.222,101.813,91368.55,371.603,104.56,"[-9,-12,-10,-13,-10,-12,-10,-13,-10,-12,-10,-12,-9,-12,-9,-12,-9,-12,-9,-11,-10,-12,-10,-11,-10,-12,-10,-11,-10,-12,-11,-11,-10,-10,-10,-10,-11,-10,-11,-11,-10,-11,-11,-10,-10,-10,-12,-9,-12,-10,-12,-10,0,0,-12,-9,-12,-10,-13,-10,-12,-9,-12,-10,-13,-10,-13,-10,-13,-10,-13,-10,-13,-10,-13,-10,-13,-10,-13,-11,-13,-11,-13,-10,-13,-10,-13,-11,-13,-11,-12,-11,-11,-11,-11,-12,-11,-13,-11,-13,-11,-13,-10,-13,-9,-13,0,0,-1,-19,-2,-19,-3,-19,-1,-20,-1,-19,-1,-19,-1,-19,-1,-19,-1,-19,-2,-18,-2,-20,-2,-19,-2,-19,-2,-19,-1,-19,-3,-20,-3,-19,-3,-19,-3,-19,-2,-19,-2,-20,-2,-19,-1,-19,-4,-19,-3,-21,-4,-20,0,0,-4,-20,-3,-20,-4,-20,-4,-20,-3,-19,-3,-20,-3,-20,-3,-19,-3,-20,-3,-19,-4,-20,-2,-19,-3,-19,-3,-19,-3,-19,-3,-19,-3,-19,-3,-19,-2,-19,-2,-18,-2,-19,-1,-18,-2,-18,-2,-18,0,-18,0,-19,0,0]"
CSI_DATA: 977,6,204,204,209,203,234,0,-30,-17,91108.650,91110.393,156.980,91434.329,437.877,170.330,"[-5,-6,-5,-6,-6,-5,-6,-6,-7,-6,-7,-6,-8,-6,-8,-6,-8,-6,-8,-5,-9,-6,-9,-6,-10,-6,-10,-6,-10,-7,-10,-6,-10,-5,-10,-4,-10,-4,-11,-4,-11,-5,-11,-4,-11,-4,-12,-2,-13,-3,-14,-2,0,0,-14,-2,-15,-3,-16,-2,-15,-2,-16,-2,-16,-2,-17,-3,-17,-2,-18,-2,-17,-2,-19,-2,-18,-3,-19,-3,-19,-4,-19,-3,-20,-4,-19,-4,-19,-4,-19,-5,-19,-5,-19,-6,-18,-7,-18,-7,-19,-6,-18,-7,-18,-8,0,0,15,-2,15,-2,15,-3,16,-2,16,-2,15,-2,16,-2,15,-2,16,-2,15,-2,17,-3,16,-4,16,-3,15,-4,15,-3,16,-5,15,-5,15,-5,15,-6,15,-6,16,-5,16,-6,16,-6,15,-9,16,-9,16,-10,0,0,16,-9,17,-10,17,-10,17,-11,17,-10,18,-10,19,-10,19,-10,19,-11,19,-12,20,-13,20,-12,20,-11,20,-11,21,-11,21,-12,22,-11,22,-11,23,-10,23,-10,24,-9,24,-8,24,-8,24,-8,25,-7,25,-6,0,0]"
CSI_DATA: 978,7,198,198,201,198,234,0,-27,-21,91023.674,91025.417,201.135,91504.531,508.79,240.532,"[-6,8,-6,8,-5,9,-6,10,-6,10,-6,10,-6,10,-5,10,-6,11,-5,11,-6,12,-6,12,-6,12,-7,12,-7,11,-6,12,-6,11,-6,10,-5,11,-6,10,-6,10,-5,11,-5,10,-3,11,-3,12,-3,12,0,0,-2,12,-2,13,-2,14,-1,13,-1,14,-1,14,-1,15,0,15,-1,16,0,15,0,17,0,16,0,17,0,18,0,18,0,20,0,19,-1,20,-2,20,-2,20,-3,21,-3,21,-4,21,-4,22,-5,22,-6,22,0,0,-15,13,-15,13,-14,14,-17,14,-16,14,-16,14,-16,13,-16,13,-17,13,-16,12,-17,13,-16,13,-16,12,-15,11,-15,10,-13,12,-12,12,-12,12,-11,13,-12,13,-12,13,-12,14,-12,13,-10,15,-12,16,-11,17,0,0,-11,17,-12,16,-11,17,-11,17,-12,16,-13,17,-13,16,-13,16,-12,16,-12,16,-12,17,-13,15,-13,15,-13,15,-13,14,-13,14,-13,14,-13,13,-12,13,-13,12,-13,12,-12,10,-12,10,-12,11,-12,10,-12,9,0,0]"
CSI_DATA: 979,3,195,195,227,194,235,0,-21,-30,91495.775,91497.158,11.914,91668.645,164.114,14.645,"[10,-10,10,-11,9,-11,10,-12,10,-11,9,-11,9,-11,9,-11,9,-11,8,-11,9,-12,8,-12,8,-12,8,-12,8,-12,7,-13,7,-13,7,-13,6,-13,7,-13,7,-13,6,-13,6,-13,5,-14,6,-15,5,-15,0,0,5,-15,5,-16,5,-17,4,-16,5,-16,5,-17,5,-17,5,-17,5,-17,5,-17,5,-19,6,-18,6,-18,6,-19,5,-18,6,-19,6,-19,6,-19,7,-19,7,-18,8,-18,9,-18,9,-18,9,-18,10,-17,10,-17,0,0,17,-16,16,-16,16,-16,18,-16,17,-14,17,-14,17,-14,16,-13,16,-12,16,-12,17,-12,16,-12,16,-12,15,-11,16,-11,16,-13,14,-12,14,-11,14,-12,15,-11,15,-10,14,-11,14,-10,13,-11,14,-10,14,-11,0,0,13,-11,13,-11,13,-11,12,-11,12,-10,12,-10,11,-10,11,-10,10,-10,10,-10,10,-11,9,-10,9,-11,9,-11,8,-12,8,-13,8,-14,8,-14,8,-15,8,-15,9,-15,9,-15,10,-16,11,-17,13,-17,13,-17,0,0]"
CSI_DATA: 980,4,202,202,225,201,235,0,-26,-39,91102.453,91494.204,446.927,91726.633,222.102,72.633,"[-11,-9,-11,-9,-12,-8,-13,-9,-12,-9,-12,-8,-12,-8,-11,-8,-12,-8,-12,-7,-12,-8,-12,-7,-12,-7,-12,-7,-12,-7,-12,-7,-12,-6,-11,-6,-12,-5,-12,-6,-12,-6,-12,-5,-12,-5,-12,-4,-13,-4,-13,-4,0,0,-13,-3,-14,-3,-14,-3,-13,-2,-14,-3,-14,-2,-14,-2,-14,-2,-14,-2,-14,-2,-15,-2,-15,-2,-15,-3,-16,-2,-15,-3,-16,-2,-16,-3,-16,-3,-16,-4,-15,-4,-15,-5,-15,-6,-15,-6,-15,-6,-15,-7,-14,-7,0,0,-12,-6,-13,-6,-13,-4,-14,-6,-13,-5,-14,-5,-14,-5,-14,-5,-14,-5,-14,-5,-15,-6,-15,-5,-16,-5,-15,-5,-15,-6,-17,-5,-16,-4,-15,-5,-16,-4,-16,-5,-16,-5,-16,-5,-15,-6,-16,-4,-16,-5,-17,-5,0,0,-16,-4,-16,-5,-16,-4,-15,-4,-15,-4,-15,-4,-15,-5,-14,-5,-15,-4,-14,-4,-15,-4,-14,-4,-14,-4,-14,-4,-14,-3,-14,-3,-13,-3,-13,-3,-13,-3,-13,-4,-13,-4,-12,-5,-12,-5,-12,-4,-11,-5,-11,-5,0,0]"
CSI_DATA: 981,5,219,219,224,218,235,0,-31,-21,91495.847,91497.230,102.383,91800.259,295.728,146.259,"[22,8,21,8,21,7,22,9,21,8,20,9,20,9,19,9,19,9,18,8,19,9,19,9,18,9,18,8,17,9,19,7,17,7,16,7,16,7,16,7,16,8,16,7,15,7,15,5,16,6,16,5,0,0,15,4,16,3,15,3,15,2,15,3,15,3,16,3,15,2,16,2,16,2,17,1,16,2,16,1,16,1,16,0,17,0,18,1,18,1,18,1,18,2,18,2,18,2,19,3,19,2,19,3,19,4,0,0,-16,7,-16,7,-14,8,-16,8,-15,8,-16,8,-15,9,-15,8,-15,9,-15,8,-16,9,-15,10,-15,10,-15,9,-15,9,-15,11,-14,10,-15,11,-14,11,-15,11,-15,11,-15,12,-15,11,-15,12,-16,12,-15,13,0,0,-15,13,-16,13,-15,14,-15,13,-16,13,-16,14,-15,14,-15,13,-15,14,-15,14,-16,15,-16,13,-16,13,-16,14,-16,15,-17,15,-17,15,-18,15,-18,15,-18,15,-19,14,-19,13,-20,13,-21,13,-22,11,-22,11,0,0]"
CSI_DATA: 982,4,203,203,226,202,236,0,-20,-39,91882.455,91884.242,57.776,92103.99,302.840,59.99,"[9,9,10,8,10,7,11,8,10,8,11,8,10,8,10,8,10,8,10,7,12,7,12,7,12,7,12,6,11,7,12,5,11,5,11,5,12,5,12,6,12,6,12,5,12,5,13,3,14,4,14,4,0,0,14,3,14,3,15,3,14,3,15,3,15,4,15,4,15,3,15,3,15,3,16,3,15,3,16,3,16,4,16,4,17,4,17,4,16,5,16,5,15,6,15,7,15,7,15,7,16,7,14,8,14,8,0,0,-9,-12,-9,-13,-9,-12,-9,-14,-8,-13,-9,-14,-9,-14,-8,-13,-8,-13,-8,-12,-8,-14,-8,-13,-8,-13,-8,-12,-7,-12,-8,-12,-7,-11,-7,-10,-8,-9,-8,-9,-7,-9,-8,-8,-8,-7,-9,-6,-9,-6,-10,-5,0,0,-10,-3,-11,-3,-12,-2,-12,-1,-13,-1,-14,0,-14,0,-15,1,-15,2,-16,3,-18,4,-17,3,-18,3,-20,4,-20,4,-23,4,-22,4,-24,4,-24,4,-24,3,-26,2,-25,1,-26,1,-27,1,-27,-1,-27,-1,0,0]"
CSI_DATA: 983,5,220,220,225,219,236,0,-38,-20,91885.481,91887.268,102.285,92154.161,353.902,110.161,"[-17,-15,-16,-15,-17,-14,-17,-16,-16,-14,-16,-15,-16,-14,-15,-14,-15,-13,-15,-12,-16,-13,-16,-12,-16,-12,-16,-12,-15,-13,-16,-11,-15,-11,-15,-10,-15,-10,-15,-12,-15,-12,-14,-10,-14,-11,-15,-9,-14,-10,-15,-10,0,0,-14,-9,-13,-9,-14,-9,-12,-8,-12,-9,-12,-9,-12,-9,-10,-8,-11,-8,-10,-8,-11,-8,-10,-8,-9,-8,-9,-8,-8,-8,-8,-9,-7,-8,-7,-8,-6,-8,-5,-8,-4,-8,-4,-7,-3,-8,-3,-7,-1,-7,0,-7,0,0,6,10,6,9,8,9,8,10,8,10,8,10,8,10,8,9,8,10,9,9,10,10,10,9,11,9,11,9,10,9,12,9,12,8,12,8,12,8,12,9,13,9,13,8,13,9,15,7,15,8,16,8,0,0,16,8,16,8,17,8,17,8,17,8,17,9,17,9,17,8,18,9,18,8,19,9,18,8,18,8,19,9,19,10,19,10,19,9,19,10,19,11,18,11,19,12,18,12,19,12,19,12,18,14,18,14,0,0]"
CSI_DATA: 984,6,205,205,210,204,236,0,-32,-19,91888.653,91890.439,157.821,92220.565,420.306,176.565,"[5,-1,6,-2,6,-2,7,-2,6,-3,7,-3,7,-4,7,-4,7,-4,7,-5,8,-5,8,-6,8,-6,8,-6,9,-6,9,-6,8,-6,8,-6,9,-7,10,-7,10,-7,9,-7,10,-7,9,-8,11,-8,11,-9,0,0,11,-8,11,-9,11,-9,11,-9,12,-9,12,-9,12,-9,12,-9,12,-8,12,-8,13,-10,13,-9,13,-9,13,-9,12,-9,13,-9,13,-9,13,-8,13,-8,13,-7,14,-6,14,-7,13,-7,13,-7,13,-6,13,-6,0,0,7,-7,7,-8,7,-8,8,-8,8,-9,8,-9,8,-9,8,-9,8,-9,8,-10,8,-11,8,-11,7,-11,7,-11,8,-11,7,-12,6,-12,7,-12,6,-13,7,-13,7,-13,6,-13,6,-14,4,-15,5,-16,4,-17,0,0,5,-16,5,-17,5,-18,4,-18,5,-18,5,-19,5,-19,5,-19,5,-20,5,-20,4,-21,5,-21,5,-20,6,-21,6,-22,6,-22,6,-22,7,-22,8,-22,8,-21,9,-22,9,-20,10,-22,9,-22,11,-21,11,-21,0,0]"
CSI_DATA: 985,7,199,199,202,199,236,0,-23,-21,91803.678,91805.464,202.91,92283.183,482.924,239.183,"[-14,11,-14,12,-12,12,-14,12,-14,12,-13,11,-13,11,-13,11,-13,11,-12,11,-13,12,-12,12,-13,12,-12,12,-12,11,-12,12,-11,11,-11,11,-11,11,-11,11,-11,11,-10,11,-11,10,-9,12,-10,12,-9,12,0,0,-9,12,-8,13,-8,13,-7,13,-8,13,-8,14,-8,13,-7,14,-7,14,-7,14,-7,15,-7,15,-7,15,-7,16,-7,16,-7,17,-7,18,-8,17,-8,17,-9,17,-10,17,-10,17,-11,18,-11,18,-13,17,-13,17,0,0,8,3,8,3,8,3,9,4,8,3,8,4,8,3,7,4,7,4,7,3,7,4,7,3,7,3,6,3,6,3,7,2,6,2,6,2,7,2,7,2,7,2,7,2,6,2,7,1,8,2,8,1,0,0,7,1,8,2,8,1,7,1,8,2,8,2,7,2,7,2,7,2,7,2,8,2,7,2,7,2,7,2,7,2,7,2,6,2,7,2,6,3,6,3,6,2,5,3,5,3,6,2,5,3,5,3,0,0]"
CSI_DATA: 986,3,196,196,229,195,237,0,-20,-36,92275.424,92277.640,12.262,92447.793,164.610,13.795,"[8,-11,8,-11,7,-12,8,-13,7,-12,7,-12,7,-12,6,-12,6,-12,6,-13,7,-14,6,-13,6,-14,6,-14,6,-14,5,-15,5,-14,5,-14,5,-14,5,-14,5,-15,4,-15,5,-15,4,-15,5,-16,4,-16,0,0,3,-16,4,-17,3,-17,3,-17,3,-17,3,-18,3,-18,3,-18,3,-18,3,-18,3,-19,4,-19,4,-19,4,-19,4,-19,4,-20,5,-21,4,-20,5,-20,5,-19,6,-20,6,-20,7,-20,7,-20,8,-20,9,-20,0,0,12,6,12,7,12,6,12,7,12,7,11,8,11,8,10,8,10,8,10,8,11,8,10,8,10,7,10,7,9,7,10,7,9,6,9,6,9,6,9,6,9,6,9,6,9,6,10,5,10,5,11,5,0,0,10,4,11,4,11,4,10,4,10,4,10,4,10,4,10,4,10,4,10,4,11,4,10,3,9,3,10,3,9,4,9,4,10,3,8,4,8,4,7,4,8,4,7,4,7,4,7,4,5,4,5,4,0,0]"
CSI_DATA: 987,4,204,204,227,203,237,0,-26,-27,92272.471,92274.688,57.763,92495.122,211.939,61.124,"[-11,3,-11,3,-11,4,-12,4,-11,4,-11,4,-11,4,-10,4,-11,5,-10,5,-11,5,-10,6,-11,6,-10,6,-10,6,-10,7,-9,7,-9,7,-9,8,-9,8,-9,8,-9,9,-9,8,-8,9,-9,10,-8,10,0,0,-7,10,-8,11,-8,12,-7,12,-8,12,-8,12,-8,13,-8,12,-8,12,-8,13,-8,13,-9,13,-9,13,-9,13,-9,13,-9,13,-10,14,-10,13,-10,13,-10,12,-11,11,-11,11,-12,11,-12,10,-12,9,-12,9,0,0,-7,17,-7,16,-6,17,-7,17,-8,17,-7,16,-8,16,-7,15,-7,16,-7,16,-7,17,-6,17,-6,17,-6,16,-7,15,-5,17,-5,15,-5,15,-5,15,-6,15,-6,15,-5,15,-5,15,-3,15,-4,16,-3,16,0,0,-3,15,-3,16,-2,16,-2,17,-2,16,-3,17,-3,16,-2,16,-2,16,-1,17,-1,18,-2,16,-2,17,-2,17,-1,18,-1,18,-2,19,-2,18,-3,18,-3,17,-5,18,-4,17,-5,18,-4,18,-6,17,-6,17,0,0]"
CSI_DATA: 988,5,221,221,226,220,237,0,-36,-20,92275.497,92277.713,112.375,92559.933,276.750,125.935,"[11,0,10,0,11,-1,12,0,12,0,12,0,11,0,11,1,11,1,12,0,13,1,12,1,12,1,12,0,12,1,13,-1,12,0,12,0,13,-1,13,-1,14,0,14,-1,14,0,14,-1,15,-1,15,-2,0,0,14,-2,15,-2,15,-2,15,-2,15,-2,15,-2,15,-2,15,-2,15,-2,15,-2,16,-2,15,-2,15,-2,15,-2,15,-2,16,-2,16,-2,15,-2,15,-1,15,-1,15,0,15,0,15,0,15,0,14,1,14,2,0,0,0,-15,0,-15,-1,-15,-1,-16,-1,-16,-1,-16,-1,-16,-1,-16,-1,-16,-2,-15,-3,-17,-4,-16,-4,-16,-4,-16,-4,-17,-5,-17,-6,-16,-6,-17,-6,-17,-6,-17,-5,-18,-7,-18,-6,-18,-9,-17,-8,-19,-9,-19,0,0,-9,-19,-9,-19,-10,-19,-10,-19,-10,-19,-10,-20,-10,-20,-10,-20,-10,-20,-11,-20,-12,-21,-10,-20,-11,-20,-11,-21,-11,-21,-12,-22,-12,-22,-12,-23,-11,-23,-10,-23,-9,-24,-8,-23,-8,-24,-10,-24,-7,-25,-7,-26,0,0]"
CSI_DATA: 989,6,206,206,211,205,237,0,-25,-16,92278.669,92280.886,157.800,92628.634,345.451,194.636,"[-3,9,-2,9,-2,10,-2,10,-2,10,-1,10,-1,10,-1,10,-1,11,-1,11,0,12,0,12,0,12,0,12,0,12,2,12,1,12,2,12,2,13,2,13,2,13,3,13,2,13,3,13,3,15,4,14,0,0,4,14,5,15,5,15,5,14,5,15,6,16,5,15,6,16,5,16,6,15,6,16,5,16,5,16,6,16,6,16,6,17,6,18,6,17,6,17,5,17,5,17,4,18,3,18,4,18,3,18,2,18,0,0,-3,-17,-3,-16,-4,-17,-3,-18,-4,-17,-3,-17,-4,-18,-3,-17,-4,-17,-4,-17,-4,-19,-5,-18,-5,-18,-5,-17,-4,-17,-7,-18,-7,-16,-7,-17,-7,-17,-8,-18,-7,-18,-8,-17,-8,-18,-10,-17,-10,-18,-11,-18,0,0,-11,-18,-12,-18,-12,-18,-12,-18,-12,-19,-12,-19,-13,-19,-12,-19,-13,-19,-13,-20,-14,-21,-13,-20,-13,-20,-13,-21,-14,-21,-14,-21,-14,-22,-13,-22,-12,-23,-12,-22,-11,-24,-10,-23,-10,-24,-11,-24,-9,-24,-8,-24,0,0]"
CSI_DATA: 990,3,197,197,230,196,238,0,-21,-27,92665.413,92669.188,13.897,92839.266,210.632,15.268,"[-2,15,-1,16,0,15,-1,17,-1,16,-1,16,-1,16,-1,15,-1,15,0,15,0,16,0,16,0,16,0,16,0,17,1,16,1,16,1,15,1,16,1,16,1,16,1,16,0,15,3,16,2,17,2,17,0,0,3,17,2,17,3,17,3,16,3,17,2,17,2,17,3,17,3,17,3,17,4,18,3,17,3,17,3,18,2,17,3,19,3,18,2,18,2,18,1,18,1,18,1,18,1,19,1,19,-1,19,-1,19,0,0,-16,-9,-15,-9,-16,-8,-16,-9,-16,-9,-16,-9,-16,-10,-15,-10,-16,-10,-15,-9,-16,-10,-16,-10,-16,-10,-16,-9,-15,-10,-17,-9,-15,-9,-15,-9,-15,-8,-15,-9,-15,-9,-16,-9,-15,-9,-16,-7,-16,-9,-17,-8,0,0,-16,-7,-17,-8,-17,-7,-16,-8,-16,-8,-17,-8,-16,-8,-16,-8,-17,-8,-16,-8,-16,-8,-16,-8,-16,-8,-15,-8,-16,-9,-17,-8,-16,-8,-15,-8,-15,-9,-14,-9,-15,-9,-14,-9,-14,-9,-14,-9,-14,-10,-14,-10,0,0]"
CSI_DATA: 991,4,205,205,228,204,238,0,-30,-26,92662.462,92666.237,57.742,92894.943,266.309,70.945,"[-5,6,-5,7,-4,7,-5,8,-5,8,-5,9,-5,9,-4,9,-4,9,-3,9,-3,11,-3,11,-3,11,-2,11,-2,11,-1,12,0,11,0,11,1,12,0,12,1,13,2,13,2,12,4,13,4,14,5,14,0,0,6,14,7,15,8,16,8,14,8,16,9,17,9,17,9,17,10,17,11,17,12,18,12,18,12,19,12,20,12,19,13,21,13,21,13,22,12,22,11,22,10,23,10,24,10,24,10,25,8,25,7,25,0,0,-3,15,-3,14,-2,15,-3,15,-3,15,-2,14,-3,14,-2,14,-3,14,-2,14,-2,15,-1,15,-2,15,-2,15,-2,14,-1,15,-1,14,-1,14,-1,13,-2,14,-2,14,-1,14,-1,13,0,13,0,14,1,14,0,0,1,13,1,14,1,14,2,13,1,13,2,14,1,14,2,14,2,14,3,14,4,15,3,14,3,14,3,15,3,16,4,16,3,17,3,16,3,17,2,17,2,18,1,17,0,18,0,18,-1,19,-2,19,0,0]"
CSI_DATA: 992,6,207,207,212,206,238,0,-21,-17,92668.659,92672.435,157.668,92983.141,354.507,159.143,"[-3,12,-3,13,-2,13,-3,14,-2,13,-2,14,-2,13,-2,13,-2,13,-1,13,-1,14,-1,14,-1,14,-1,14,-1,15,0,14,0,14,0,14,0,14,0,14,0,15,0,15,0,14,1,14,1,16,2,15,0,0,2,15,2,16,2,16,2,15,2,17,2,17,1,16,2,16,2,16,2,16,2,17,1,17,1,17,1,18,1,16,1,18,1,18,0,17,0,17,-1,17,-1,17,-2,17,-2,17,-2,17,-3,17,-3,17,0,0,1,-16,1,-16,0,-16,1,-17,0,-17,1,-17,0,-17,0,-17,1,-17,0,-17,0,-18,-1,-17,-1,-17,-2,-17,-1,-17,-3,-18,-3,-16,-3,-16,-4,-17,-5,-17,-5,-17,-6,-18,-5,-18,-8,-17,-7,-19,-9,-19,0,0,-10,-18,-9,-19,-10,-19,-10,-19,-11,-19,-11,-20,-11,-20,-11,-20,-12,-20,-12,-20,-12,-21,-12,-21,-12,-22,-12,-22,-12,-22,-13,-24,-13,-23,-13,-24,-12,-24,-11,-24,-11,-26,-10,-24,-10,-26,-10,-25,-8,-27,-7,-27,0,0]"
CSI_DATA: 993,7,200,200,204,200,238,0,-20,-18,92583.685,92587.461,211.942,93039.836,411.202,215.838,"[14,7,14,7,14,6,14,8,13,8,13,8,13,7,12,7,12,8,12,7,13,7,13,7,12,7,12,7,12,7,13,6,12,5,11,5,12,5,12,6,12,6,12,5,11,6,12,4,12,5,12,4,0,0,12,4,12,4,13,3,12,3,12,3,13,3,13,3,13,3,13,3,13,2,14,2,13,3,14,2,14,2,14,2,15,2,15,2,15,3,15,3,16,3,16,4,16,4,16,5,17,5,17,6,17,7,0,0,-20,1,-20,1,-20,2,-21,1,-21,0,-20,0,-20,0,-19,0,-20,-1,-19,-1,-19,0,-19,0,-18,0,-17,1,-17,1,-18,3,-17,3,-17,3,-17,4,-17,3,-18,3,-18,4,-18,3,-17,5,-19,4,-19,5,0,0,-18,6,-20,5,-19,6,-19,6,-19,5,-20,5,-19,5,-19,5,-19,5,-19,5,-20,6,-19,4,-19,4,-20,4,-20,4,-20,5,-20,5,-19,4,-20,3,-19,3,-20,2,-19,2,-20,1,-20,2,-20,0,-20,0,0,0]"
CSI_DATA: 994,3,198,198,231,197,239,0,-34,-21,93055.401,93057.152,11.885,93227.293,187.457,13.295,"[12,-4,12,-4,12,-5,13,-5,12,-5,12,-5,11,-5,11,-5,11,-5,11,-6,12,-7,11,-7,11,-7,11,-8,11,-7,11,-9,11,-8,11,-9,12,-10,12,-9,12,-9,12,-9,12,-9,12,-10,13,-10,12,-10,0,0,12,-11,13,-11,13,-12,12,-11,13,-11,13,-12,13,-12,13,-11,13,-12,12,-12,13,-13,13,-12,13,-13,13,-13,13,-14,13,-15,14,-15,14,-15,14,-15,15,-15,17,-15,17,-15,18,-15,18,-16,20,-14,20,-14,0,0,-16,5,-17,6,-15,6,-17,6,-16,6,-17,6,-16,6,-16,6,-16,6,-15,6,-16,6,-16,7,-16,7,-15,7,-16,7,-15,8,-14,8,-14,7,-14,9,-14,8,-14,8,-14,9,-14,8,-13,10,-14,10,-14,10,0,0,-14,11,-14,11,-14,12,-13,11,-14,11,-14,12,-14,12,-14,11,-14,12,-14,12,-15,13,-15,11,-15,12,-16,12,-15,12,-16,12,-16,12,-16,12,-16,11,-16,10,-17,10,-17,9,-17,9,-17,9,-18,8,-18,7,0,0]"
CSI_DATA: 995,4,206,206,229,205,239,0,-30,-25,93052.451,93054.201,57.766,93285.559,245.723,71.561,"[4,-1,5,-1,6,-1,7,0,7,0,7,-1,8,-1,8,-1,9,-1,9,-1,10,-1,10,-1,11,-1,11,-1,11,-1,12,-3,11,-3,11,-3,12,-4,13,-3,13,-4,13,-4,13,-4,13,-6,14,-6,14,-8,0,0,14,-9,15,-9,15,-10,15,-11,16,-11,16,-11,16,-12,16,-12,17,-13,16,-14,17,-15,18,-14,18,-15,18,-16,18,-16,19,-17,19,-17,20,-17,20,-17,21,-16,22,-16,22,-15,23,-15,23,-16,24,-14,24,-13,0,0,-2,13,-1,13,0,13,-1,14,-1,13,0,13,0,13,0,13,0,13,1,12,1,14,2,13,2,13,2,13,1,13,3,13,3,13,3,12,3,12,3,13,3,13,4,12,4,12,5,12,5,13,7,13,0,0,7,13,7,13,8,14,8,12,8,13,9,14,8,14,9,14,10,14,10,14,11,15,10,15,10,15,10,16,10,16,11,17,10,17,11,18,10,18,10,18,9,20,8,19,8,20,8,20,6,22,6,22,0,0]"
CSI_DATA: 996,5,223,223,228,222,239,0,-23,-20,93055.475,93057.226,102.358,93348.238,308.402,134.240,"[-6,-16,-7,-16,-8,-16,-7,-17,-7,-16,-7,-16,-8,-16,-7,-15,-8,-15,-8,-15,-9,-16,-9,-15,-9,-15,-9,-15,-9,-15,-10,-14,-10,-13,-10,-13,-11,-13,-11,-14,-11,-14,-11,-14,-10,-14,-12,-13,-12,-14,-13,-14,0,0,-13,-13,-14,-14,-14,-14,-14,-13,-14,-14,-14,-14,-14,-14,-14,-14,-14,-13,-14,-14,-15,-14,-13,-15,-13,-15,-14,-15,-14,-14,-15,-15,-15,-16,-14,-15,-14,-15,-13,-15,-12,-17,-12,-16,-11,-17,-11,-17,-10,-17,-9,-17,0,0,-5,-15,-6,-16,-6,-15,-6,-17,-6,-15,-6,-16,-6,-15,-7,-15,-7,-15,-7,-14,-7,-16,-8,-15,-8,-15,-8,-15,-8,-16,-9,-15,-9,-15,-8,-14,-10,-15,-9,-15,-9,-15,-10,-15,-8,-15,-10,-14,-10,-16,-12,-16,0,0,-11,-15,-12,-15,-12,-15,-11,-14,-12,-15,-12,-15,-12,-15,-12,-15,-12,-15,-12,-15,-14,-16,-12,-15,-12,-15,-13,-16,-13,-16,-14,-17,-13,-16,-14,-17,-13,-17,-12,-17,-12,-18,-11,-18,-11,-18,-12,-19,-10,-19,-10,-20,0,0]"
CSI_DATA: 997,6,208,208,213,207,239,0,-24,-18,93058.649,93060.399,157.711,93428.08,388.172,214.10,"[-1,-13,-2,-13,-3,-13,-2,-14,-3,-14,-3,-14,-3,-13,-3,-13,-3,-14,-3,-14,-3,-15,-4,-14,-3,-14,-4,-14,-3,-14,-5,-14,-5,-13,-5,-14,-5,-14,-5,-14,-4,-14,-6,-14,-5,-14,-6,-13,-6,-15,-7,-14,0,0,-7,-14,-7,-15,-8,-14,-8,-14,-8,-15,-8,-15,-8,-15,-8,-15,-8,-14,-8,-15,-9,-15,-7,-16,-8,-15,-8,-16,-8,-15,-8,-16,-8,-16,-8,-16,-8,-16,-7,-16,-7,-16,-7,-17,-6,-18,-6,-17,-5,-17,-5,-17,0,0,10,9,11,9,11,8,12,10,12,9,12,9,12,9,12,9,12,9,12,8,13,9,13,8,14,8,13,7,14,8,14,6,15,6,14,6,16,5,15,5,16,6,16,5,16,4,17,2,18,4,20,2,0,0,20,2,20,2,21,2,20,2,22,2,22,2,22,2,22,2,23,2,23,1,25,1,24,2,24,2,25,2,25,3,27,3,25,3,27,3,26,4,26,5,27,5,26,6,26,6,27,6,27,8,27,9,0,0]"
CSI_DATA: 998,4,207,207,230,206,240,0,-25,-27,93442.453,93444.212,57.802,93663.195,235.187,59.196,"[9,3,9,3,9,2,11,3,10,2,11,2,10,2,10,1,10,2,10,1,11,1,11,0,12,0,11,-1,12,0,12,-2,11,-2,11,-2,12,-3,12,-3,12,-3,12,-3,11,-3,12,-5,13,-5,13,-5,0,0,13,-6,13,-6,13,-7,13,-7,14,-7,14,-7,14,-7,14,-8,15,-8,14,-8,15,-9,15,-8,16,-8,16,-9,16,-8,17,-9,17,-9,18,-8,18,-7,18,-7,18,-6,19,-5,19,-5,19,-5,19,-2,19,-2,0,0,10,10,10,10,11,9,10,10,10,10,11,10,11,11,11,11,12,11,11,10,13,11,13,10,13,10,12,10,12,11,14,11,13,9,13,10,13,9,13,10,13,10,13,10,13,10,15,8,15,9,15,9,0,0,15,8,16,8,16,7,17,7,17,8,17,8,17,8,17,8,18,8,18,8,20,7,18,8,18,8,19,8,20,8,20,8,21,9,21,9,20,10,20,11,20,12,19,11,19,13,20,12,19,14,18,14,0,0]"
CSI_DATA: 999,5,224,224,229,223,240,0,-27,-18,93445.477,93447.237,102.387,93713.380,285.372,109.381,"[11,9,11,9,12,8,13,10,11,10,11,10,11,9,11,9,11,9,11,8,12,8,12,8,12,8,12,8,12,8,13,7,12,7,12,7,13,6,12,7,13,8,13,7,12,7,14,6,14,7,15,6,0,0,14,5,14,6,15,5,14,5,15,5,16,6,15,6,15,6,16,6,15,5,17,5,16,6,16,6,16,6,15,7,17,7,17,7,16,7,16,8,15,8,15,9,14,9,14,9,15,9,14,10,13,10,0,0,10,11,10,10,11,10,11,11,11,10,11,10,11,10,11,10,11,10,11,9,12,10,12,9,13,9,12,9,12,10,14,9,13,8,13,8,14,8,14,9,14,9,15,8,14,9,15,7,16,9,16,8,0,0,16,7,17,8,17,7,17,7,17,7,17,8,17,8,17,7,18,7,18,7,19,7,18,8,18,8,18,8,19,8,20,8,20,8,19,9,19,10,19,10,19,11,18,11,19,12,19,12,18,14,17,14,0,0]"
CSI_DATA: 1000,6,209,209,214,208,240,0,-22,-20,93448.651,93450.411,157.731,93771.114,343.106,167.115,"[-3,9,-2,10,-2,10,-2,11,-2,11,-2,11,-2,11,-1,11,-1,11,-1,11,-1,13,0,12,0,13,1,13,0,13,1,13,1,12,1,13,2,13,1,14,1,14,2,14,2,13,4,14,3,15,4,15,0,0,4,15,4,15,5,16,5,15,4,16,5,16,4,17,5,17,5,17,5,16,7,17,5,17,6,17,6,18,5,18,6,19,5,19,5,19,5,19,4,19,4,20,3,20,3,20,3,20,2,20,2,20,0,0,-13,-7,-13,-7,-14,-6,-14,-8,-14,-8,-14,-8,-14,-8,-14,-7,-14,-7,-14,-7,-15,-8,-15,-7,-15,-7,-15,-6,-15,-7,-16,-5,-15,-4,-15,-5,-16,-4,-16,-4,-16,-5,-17,-3,-17,-3,-17,-2,-18,-3,-19,-1,0,0,-19,-1,-20,-1,-20,-1,-20,0,-20,-1,-21,-1,-21,-1,-21,0,-22,0,-22,0,-23,0,-22,0,-23,-1,-23,-1,-23,0,-24,-1,-24,0,-25,-1,-25,-1,-24,-2,-25,-3,-24,-4,-25,-4,-26,-4,-26,-6,-25,-6,0,0]"
CSI_DATA: 1001,7,202,202,206,202,240,0,-19,-20,93363.677,93365.437,202.07,93836.248,408.240,232.249,"[0,-18,-1,-18,-2,-17,-1,-19,-1,-18,0,-18,0,-17,0,-17,0,-17,-1,-16,-1,-17,-2,-17,-2,-17,-2,-17,-1,-17,-2,-17,-3,-16,-2,-15,-3,-16,-3,-16,-2,-16,-3,-16,-2,-15,-4,-16,-4,-17,-4,-16,0,0,-5,-16,-5,-16,-6,-17,-6,-15,-6,-17,-6,-17,-6,-17,-6,-17,-7,-17,-7,-16,-8,-17,-7,-17,-7,-18,-8,-19,-7,-18,-8,-20,-8,-19,-8,-20,-7,-20,-6,-20,-5,-21,-5,-22,-4,-22,-5,-23,-3,-23,-2,-23,0,0,-17,-11,-18,-11,-19,-10,-19,-11,-19,-11,-18,-12,-18,-12,-17,-12,-17,-12,-16,-12,-17,-12,-17,-11,-16,-11,-16,-10,-15,-10,-18,-9,-17,-8,-16,-8,-17,-7,-18,-8,-18,-9,-18,-8,-18,-9,-19,-7,-19,-8,-20,-7,0,0,-19,-7,-20,-8,-20,-7,-20,-7,-19,-8,-20,-8,-20,-8,-19,-8,-19,-8,-19,-8,-20,-8,-18,-9,-18,-9,-18,-8,-19,-9,-18,-9,-18,-8,-17,-9,-17,-9,-16,-9,-16,-10,-15,-9,-16,-9,-16,-9,-15,-10,-14,-10,0,0]"
CSI_DATA: 1002,3,199,199,231,198,241,0,-34,-23,93055.401,93837.178,11.114,94007.378,171.130,13.378,"[12,-4,12,-4,12,-5,13,-5,12,-5,12,-5,11,-5,11,-5,11,-5,11,-6,12,-7,11,-7,11,-7,11,-8,11,-7,11,-9,11,-8,11,-9,12,-10,12,-9,12,-9,12,-9,12,-9,12,-10,13,-10,12,-10,0,0,12,-11,13,-11,13,-12,12,-11,13,-11,13,-12,13,-12,13,-11,13,-12,12,-12,13,-13,13,-12,13,-13,13,-13,13,-14,13,-15,14,-15,14,-15,14,-15,15,-15,17,-15,17,-15,18,-15,18,-16,20,-14,20,-14,0,0,13,2,13,2,13,1,14,2,14,2,14,2,14,1,13,2,14,2,13,1,14,0,14,0,14,0,14,-1,14,0,15,-1,14,-2,14,-1,14,-2,14,-1,15,-1,14,-1,14,-1,14,-4,15,-3,16,-3,0,0,15,-3,15,-4,16,-4,16,-4,16,-4,16,-4,16,-3,16,-4,17,-4,16,-4,17,-5,16,-4,16,-4,17,-4,17,-4,18,-4,17,-4,18,-4,18,-3,18,-2,18,-2,17,-2,18,-2,18,-3,19,-1,19,0,0,0]"
CSI_DATA: 1003,4,208,208,231,207,241,0,-22,-25,93832.443,93834.230,56.915,94062.583,226.335,68.583,"[4,-12,4,-12,3,-12,4,-13,3,-12,3,-13,2,-13,2,-12,2,-12,2,-12,2,-13,1,-13,1,-13,1,-13,1,-13,0,-13,0,-13,0,-12,-1,-13,-1,-13,-1,-13,-2,-13,-1,-13,-3,-13,-2,-14,-3,-14,0,0,-4,-14,-4,-14,-5,-14,-5,-14,-4,-14,-5,-15,-5,-15,-5,-15,-5,-15,-5,-15,-6,-16,-5,-16,-5,-16,-5,-17,-5,-17,-6,-17,-5,-18,-5,-18,-4,-18,-3,-18,-3,-19,-2,-18,-1,-19,-2,-19,0,-18,1,-19,0,0,7,10,8,10,8,9,8,10,8,10,8,9,9,9,9,9,9,9,9,9,10,9,10,9,10,9,10,8,10,9,12,8,11,7,11,7,11,7,11,7,12,7,12,6,11,7,13,5,13,6,14,5,0,0,14,4,15,4,15,4,16,4,16,4,16,4,16,4,17,4,17,4,17,4,19,3,18,4,18,4,19,4,20,4,20,5,20,5,21,5,21,6,20,6,21,8,19,7,20,9,21,8,20,10,19,11,0,0]"
CSI_DATA: 1004,5,225,225,230,224,241,0,-23,-22,93835.467,93837.254,101.524,94125.144,288.896,131.144,"[11,-10,11,-10,10,-11,11,-11,11,-11,10,-11,10,-11,10,-11,10,-11,10,-11,10,-12,10,-12,10,-12,9,-12,10,-12,9,-14,8,-13,8,-13,7,-13,8,-13,9,-13,7,-14,8,-13,7,-14,8,-15,7,-15,0,0,7,-15,6,-16,6,-16,6,-16,6,-16,6,-16,7,-17,7,-16,6,-17,7,-17,7,-18,7,-17,7,-17,7,-17,7,-18,7,-18,8,-18,8,-17,9,-17,9,-16,11,-16,10,-16,11,-16,10,-16,12,-14,12,-14,0,0,12,10,12,9,12,9,13,10,12,10,12,10,12,10,11,9,12,10,12,9,13,10,13,9,14,9,13,9,13,10,15,9,14,8,13,8,14,8,14,9,14,10,15,9,14,9,15,8,16,9,16,9,0,0,16,8,16,9,17,9,16,8,16,9,16,9,16,9,16,9,17,8,16,9,17,9,16,8,16,9,17,9,17,9,18,9,18,9,18,9,17,10,17,10,17,11,17,10,17,11,18,11,17,13,17,13,0,0]"
CSI_DATA: 1005,6,210,210,215,209,241,0,-20,-17,93838.641,93840.428,156.852,94188.744,352.496,194.744,"[3,-7,3,-7,3,-7,3,-8,3,-7,3,-7,3,-8,2,-7,2,-8,2,-8,2,-8,2,-8,2,-8,2,-8,2,-9,1,-9,1,-8,1,-8,1,-9,1,-9,1,-9,1,-9,1,-9,0,-9,1,-10,0,-10,0,0,0,-10,0,-10,0,-11,-1,-10,0,-11,0,-11,0,-11,0,-11,0,-11,0,-11,-1,-12,0,-11,0,-11,0,-12,0,-11,0,-12,0,-12,0,-12,0,-12,1,-12,1,-12,1,-12,2,-12,1,-12,2,-11,2,-11,0,0,8,11,9,11,9,10,9,12,9,11,9,11,9,11,9,11,9,11,9,10,10,11,10,11,10,11,10,10,10,10,11,9,11,9,11,9,12,8,12,9,12,9,12,8,12,8,13,7,14,9,15,7,0,0,15,7,16,8,16,7,16,7,17,8,17,8,17,8,17,8,18,8,18,8,19,8,18,9,18,9,19,9,19,9,20,10,19,10,19,10,19,11,19,12,19,13,18,13,18,13,19,14,17,15,17,16,0,0]"
CSI_DATA: 1006,7,203,203,206,203,241,0,-19,-19,93363.677,93755.455,201.119,94248.542,412.294,254.542,"[0,-18,-1,-18,-2,-17,-1,-19,-1,-18,0,-18,0,-17,0,-17,0,-17,-1,-16,-1,-17,-2,-17,-2,-17,-2,-17,-1,-17,-2,-17,-3,-16,-2,-15,-3,-16,-3,-16,-2,-16,-3,-16,-2,-15,-4,-16,-4,-17,-4,-16,0,0,-5,-16,-5,-16,-6,-17,-6,-15,-6,-17,-6,-17,-6,-17,-6,-17,-7,-17,-7,-16,-8,-17,-7,-17,-7,-18,-8,-19,-7,-18,-8,-20,-8,-19,-8,-20,-7,-20,-6,-20,-5,-21,-5,-22,-4,-22,-5,-23,-3,-23,-2,-23,0,0,-10,-4,-10,-3,-10,-3,-11,-4,-10,-3,-10,-4,-10,-3,-10,-3,-10,-4,-9,-3,-10,-4,-10,-3,-9,-3,-9,-3,-9,-3,-9,-2,-9,-2,-9,-1,-9,-1,-9,-1,-9,-2,-9,-1,-9,-1,-10,0,-10,-1,-11,0,0,0,-10,0,-10,-1,-11,0,-10,0,-11,0,-11,-1,-11,-1,-11,-1,-11,-1,-10,-1,-11,-1,-10,-1,-10,-2,-11,-2,-10,-2,-11,-2,-10,-1,-10,-2,-10,-2,-9,-2,-10,-3,-9,-3,-9,-3,-9,-3,-9,-3,-8,-4,0,0]"
CSI_DATA: 1007,3,200,200,232,199,242,0,-28,-21,94225.383,94227.174,7.944,94399.667,151.125,15.667,"[-9,5,-10,5,-9,6,-10,6,-10,6,-10,6,-10,7,-10,6,-10,7,-10,7,-11,8,-11,8,-12,8,-11,8,-12,8,-11,9,-12,8,-11,8,-12,9,-13,8,-13,8,-13,9,-13,8,-13,9,-13,9,-13,10,0,0,-12,9,-13,9,-13,10,-12,9,-13,10,-13,10,-13,10,-12,10,-12,10,-11,10,-12,11,-12,10,-12,10,-13,11,-11,11,-12,13,-13,12,-12,13,-13,13,-13,12,-14,13,-14,12,-15,13,-16,13,-16,12,-18,12,0,0,-14,6,-14,6,-14,7,-15,6,-15,7,-15,6,-15,6,-14,6,-15,6,-14,6,-15,7,-15,7,-14,7,-14,8,-15,6,-14,8,-14,8,-14,7,-14,8,-15,8,-15,7,-14,8,-14,7,-13,9,-14,9,-14,9,0,0,-14,9,-14,9,-14,10,-14,10,-14,10,-15,9,-15,9,-14,9,-14,10,-14,9,-15,11,-14,9,-14,9,-15,10,-14,10,-15,10,-15,10,-15,10,-16,9,-16,8,-17,8,-16,7,-17,7,-17,8,-17,7,-17,6,0,0]"
CSI_DATA: 1008,4,209,209,232,208,242,0,-23,-25,94222.435,94224.227,53.806,94456.386,207.844,72.386,"[-1,10,0,10,1,10,0,11,1,10,1,10,2,10,2,10,2,10,3,9,3,10,4,10,4,10,4,9,4,10,5,9,5,9,5,9,6,9,6,9,6,9,7,9,7,9,8,8,8,9,9,8,0,0,10,8,10,8,11,8,11,7,11,8,12,8,12,8,12,8,13,8,13,8,14,9,13,9,13,9,14,9,14,9,15,10,15,10,15,11,15,11,14,12,14,13,14,13,14,14,14,14,13,16,12,16,0,0,14,0,14,-1,13,-2,15,-1,14,-1,14,-2,14,-2,13,-2,13,-2,13,-2,14,-3,14,-3,13,-4,13,-4,13,-3,14,-5,12,-5,12,-4,12,-5,13,-5,13,-5,12,-5,12,-5,12,-7,12,-7,12,-8,0,0,12,-8,12,-9,12,-10,12,-10,12,-9,12,-10,12,-10,12,-10,12,-11,12,-11,13,-12,13,-11,13,-11,13,-12,13,-12,14,-13,14,-13,15,-13,16,-12,16,-12,17,-11,16,-11,18,-10,18,-11,19,-9,19,-8,0,0]"
CSI_DATA: 1009,5,226,226,231,225,242,0,-27,-20,94225.459,94227.251,98.395,94517.940,269.398,133.940,"[-8,15,-8,15,-6,15,-8,16,-8,16,-8,16,-8,15,-8,15,-8,15,-7,15,-8,16,-8,16,-8,16,-8,16,-8,16,-7,16,-6,16,-7,15,-6,16,-7,16,-7,16,-6,16,-7,15,-6,16,-7,17,-6,17,0,0,-5,17,-5,16,-5,17,-4,16,-6,17,-5,17,-5,17,-5,17,-5,17,-5,17,-5,18,-6,17,-6,17,-6,18,-5,17,-5,18,-6,18,-6,18,-6,17,-6,17,-7,17,-7,16,-9,16,-8,16,-10,15,-9,15,0,0,16,1,16,0,16,0,17,0,17,1,17,0,17,0,16,0,16,0,15,0,17,-1,17,-1,17,-1,16,-2,17,0,17,-3,17,-3,16,-2,17,-3,17,-2,17,-2,17,-2,17,-2,17,-4,18,-3,18,-4,0,0,17,-4,18,-5,18,-5,18,-5,18,-5,19,-4,18,-4,18,-4,18,-5,18,-5,19,-6,18,-5,18,-5,19,-5,19,-5,19,-6,19,-5,19,-5,20,-4,19,-4,20,-3,19,-3,20,-2,20,-3,20,-2,20,-1,0,0]"
CSI_DATA: 1010,6,211,211,216,210,242,0,-23,-16,94228.633,94230.425,153.747,94581.921,333.379,197.921,"[10,-9,10,-10,9,-10,11,-10,10,-10,11,-10,10,-11,10,-10,10,-11,11,-11,11,-12,11,-12,11,-12,10,-12,12,-12,11,-13,10,-13,10,-12,10,-13,10,-13,11,-13,10,-13,10,-12,9,-14,11,-14,10,-14,0,0,10,-15,10,-15,10,-16,9,-15,9,-16,10,-16,9,-16,10,-16,9,-15,9,-16,10,-17,10,-16,10,-16,10,-17,10,-16,11,-17,11,-17,11,-17,11,-17,12,-16,13,-16,13,-16,14,-16,14,-16,15,-14,15,-14,0,0,15,2,15,2,15,1,16,2,16,2,16,2,16,2,15,2,16,2,15,2,17,1,16,1,16,1,15,0,15,1,17,-1,16,-2,16,-1,16,-2,16,-2,17,-1,16,-2,17,-2,17,-5,18,-4,18,-5,0,0,18,-5,18,-6,18,-7,19,-7,19,-6,20,-6,20,-6,20,-6,20,-7,21,-7,22,-9,21,-7,21,-7,21,-7,22,-8,22,-8,22,-7,23,-7,24,-6,23,-5,24,-4,23,-4,24,-4,24,-5,25,-3,24,-2,0,0]"
CSI_DATA: 1011,7,204,204,207,204,242,0,-20,-18,94143.661,94145.453,198.01,94649.362,400.820,265.362,"[-15,-5,-15,-4,-15,-4,-16,-5,-15,-4,-15,-4,-15,-4,-14,-3,-14,-3,-14,-3,-15,-3,-15,-2,-15,-2,-15,-2,-15,-2,-15,-1,-15,-1,-14,-1,-15,0,-15,0,-15,-1,-15,0,-15,0,-15,1,-16,1,-16,2,0,0,-15,2,-16,2,-16,3,-16,3,-16,3,-17,3,-17,3,-16,3,-17,4,-17,4,-18,4,-17,4,-17,4,-18,4,-18,4,-19,5,-19,5,-20,5,-20,4,-19,4,-20,3,-20,2,-21,2,-22,2,-22,1,-22,0,0,0,-5,18,-4,18,-3,18,-5,19,-5,18,-5,18,-5,18,-6,17,-6,17,-5,16,-5,17,-4,16,-4,15,-4,15,-4,14,-2,16,-1,15,-2,14,-1,15,-1,15,-2,15,-1,15,-1,15,1,15,0,16,0,17,0,0,1,16,0,16,1,17,1,17,0,17,0,17,0,17,-1,16,0,17,0,16,0,17,-1,16,-1,16,-1,16,-1,16,-1,16,-1,16,-2,16,-2,15,-3,15,-3,15,-3,13,-3,14,-3,14,-4,13,-4,13,0,0]"
CSI_DATA: 1012,3,201,201,233,200,243,0,-28,-22,94615.364,94617.196,11.721,94791.894,142.532,17.700,"[1,3,1,2,2,2,2,3,2,3,3,2,4,2,4,2,5,2,5,2,7,2,7,2,7,2,8,1,8,2,9,2,9,1,9,1,10,1,10,2,11,2,11,1,11,2,13,0,13,1,14,0,0,0,14,0,15,0,16,0,15,0,16,0,16,0,16,0,16,0,17,0,17,-1,18,-1,18,-1,19,-1,19,-2,19,-2,21,-2,20,-2,22,-2,22,-1,22,0,23,0,23,0,23,1,24,-1,25,1,25,3,0,0,-8,11,-8,12,-7,12,-8,13,-7,12,-8,13,-7,12,-7,12,-7,13,-7,12,-7,13,-6,13,-6,13,-5,13,-6,13,-5,14,-4,14,-4,13,-3,15,-4,14,-5,14,-4,15,-4,14,-2,15,-3,16,-2,16,0,0,-2,16,-2,16,-1,17,-1,17,-1,18,-1,18,-1,18,-1,17,-1,18,0,17,0,19,-1,18,-1,18,-1,19,-1,19,0,20,-1,20,-1,21,-2,20,-2,20,-4,20,-4,20,-4,20,-4,21,-6,20,-6,20,0,0]"
CSI_DATA: 1013,4,210,210,233,209,243,0,-23,-27,94612.417,94614.249,57.554,94840.178,190.816,65.984,"[-4,-12,-4,-12,-5,-11,-5,-12,-5,-12,-5,-11,-6,-11,-6,-11,-6,-11,-6,-10,-7,-11,-7,-11,-7,-11,-8,-10,-7,-11,-8,-10,-8,-10,-8,-9,-9,-9,-9,-10,-9,-10,-9,-9,-9,-10,-10,-8,-10,-9,-11,-9,0,0,-11,-9,-12,-9,-12,-8,-12,-8,-12,-9,-13,-9,-13,-9,-13,-9,-13,-9,-13,-9,-14,-9,-14,-9,-14,-9,-15,-10,-14,-10,-15,-10,-15,-11,-15,-11,-14,-12,-13,-12,-13,-13,-13,-13,-13,-14,-13,-14,-12,-14,-11,-15,0,0,9,-12,9,-12,8,-12,9,-13,8,-12,8,-12,8,-12,8,-12,8,-12,7,-12,8,-13,7,-14,7,-13,7,-13,7,-13,6,-14,5,-13,5,-13,5,-13,5,-14,5,-14,4,-14,5,-13,3,-14,3,-15,3,-15,0,0,2,-15,2,-16,1,-17,1,-16,1,-16,1,-17,1,-17,1,-17,0,-18,0,-17,0,-19,1,-19,1,-19,1,-20,1,-20,1,-21,1,-20,1,-21,2,-21,3,-20,4,-21,5,-20,5,-21,5,-21,7,-20,7,-20,0,0]"
CSI_DATA: 1014,5,227,227,232,226,243,0,-23,-22,94615.441,94617.272,102.148,94910.502,261.140,136.308,"[-17,2,-17,2,-16,3,-18,3,-17,3,-17,3,-17,3,-16,3,-17,3,-16,3,-17,4,-17,4,-17,4,-16,5,-17,4,-16,6,-16,5,-15,5,-16,6,-16,6,-16,6,-16,6,-16,5,-16,7,-16,7,-16,8,0,0,-16,9,-16,8,-16,9,-15,9,-16,9,-17,9,-17,9,-16,9,-16,9,-16,9,-17,10,-17,9,-17,9,-18,9,-17,9,-18,10,-18,9,-18,9,-18,8,-18,8,-19,7,-18,7,-18,6,-18,7,-18,5,-19,5,0,0,-16,-2,-16,-1,-15,0,-17,-1,-16,-1,-16,-1,-16,-1,-16,-1,-16,0,-16,-1,-17,0,-17,0,-17,0,-16,1,-17,0,-17,3,-16,3,-17,2,-17,3,-17,2,-17,1,-17,3,-17,2,-17,4,-19,3,-18,4,0,0,-18,5,-18,5,-19,5,-19,6,-19,5,-19,5,-20,5,-19,4,-19,5,-19,5,-20,6,-20,5,-20,5,-20,5,-20,6,-21,7,-21,6,-21,6,-21,5,-21,4,-22,3,-22,4,-22,2,-23,3,-23,1,-23,1,0,0]"
CSI_DATA: 1015,6,212,212,217,211,243,0,-20,-17,94618.616,94620.447,157.491,94976.478,327.116,202.284,"[-13,1,-14,1,-13,2,-15,1,-14,2,-14,2,-14,2,-14,2,-14,2,-14,3,-15,3,-15,3,-15,3,-14,4,-15,3,-15,5,-14,4,-14,4,-14,5,-15,5,-15,4,-15,5,-15,4,-14,6,-15,6,-15,7,0,0,-15,7,-15,7,-16,8,-15,8,-16,8,-16,8,-16,8,-16,8,-16,8,-16,8,-17,9,-16,8,-17,8,-18,9,-17,9,-18,9,-19,9,-19,9,-19,8,-19,7,-20,6,-20,6,-21,6,-21,6,-21,4,-21,4,0,0,14,1,15,1,14,0,16,1,15,1,16,0,16,0,15,0,16,0,15,0,17,-1,16,-1,16,-1,16,-2,16,-1,17,-3,15,-4,16,-3,16,-4,17,-4,17,-4,17,-5,17,-4,16,-7,18,-6,18,-8,0,0,18,-8,18,-8,19,-9,19,-9,19,-9,20,-9,20,-9,20,-9,20,-9,20,-10,22,-11,21,-10,21,-10,22,-10,22,-10,23,-10,23,-10,24,-10,24,-9,24,-8,25,-8,25,-7,25,-6,25,-7,26,-5,26,-4,0,0]"
CSI_DATA: 1016,7,205,205,208,205,243,0,-19,-22,94533.644,94535.475,201.750,95041.128,391.766,266.934,"[12,-10,12,-10,11,-10,13,-11,12,-10,12,-10,11,-10,11,-10,11,-10,10,-10,11,-11,10,-11,10,-11,10,-11,10,-11,10,-12,9,-11,9,-11,8,-12,9,-12,9,-12,8,-12,8,-12,7,-13,8,-14,8,-14,0,0,7,-14,7,-15,7,-16,7,-15,7,-16,7,-16,7,-16,7,-16,7,-17,7,-17,7,-19,7,-18,7,-18,8,-19,8,-18,8,-20,8,-20,9,-20,10,-20,11,-19,12,-19,12,-19,13,-19,13,-20,15,-19,15,-19,0,0,8,16,8,16,9,15,9,17,8,16,7,17,7,16,6,16,6,16,6,15,6,16,6,15,6,15,6,14,6,14,7,13,8,12,7,12,8,12,8,12,8,13,8,12,7,12,10,11,9,12,10,12,0,0,10,12,10,11,10,11,10,12,10,12,10,12,10,12,9,12,10,12,10,11,11,12,9,11,9,11,9,12,10,11,10,12,9,12,9,12,9,12,8,12,8,12,8,11,8,12,8,12,7,12,7,12,0,0]"
CSI_DATA: 1017,3,202,202,234,201,244,0,-27,-21,95005.360,95007.138,11.812,95177.218,136.90,13.218,"[-10,-8,-10,-7,-10,-6,-11,-7,-10,-6,-10,-6,-11,-7,-11,-6,-11,-6,-11,-5,-12,-6,-12,-5,-12,-5,-12,-5,-12,-6,-14,-5,-13,-5,-12,-5,-14,-5,-14,-5,-14,-6,-14,-6,-13,-6,-14,-5,-15,-6,-15,-5,0,0,-15,-5,-15,-5,-16,-5,-14,-5,-15,-5,-15,-5,-16,-6,-15,-5,-15,-5,-15,-5,-16,-5,-16,-5,-16,-5,-17,-5,-16,-5,-17,-5,-17,-5,-17,-5,-18,-5,-17,-6,-18,-7,-18,-7,-19,-7,-20,-8,-19,-9,-19,-10,0,0,-12,7,-13,7,-12,8,-13,8,-12,8,-13,9,-13,9,-12,8,-13,9,-12,9,-13,10,-12,10,-12,10,-12,10,-12,10,-12,12,-11,11,-11,11,-11,12,-12,12,-12,12,-11,12,-12,12,-10,13,-11,14,-11,15,0,0,-11,14,-11,15,-11,16,-10,16,-11,16,-11,16,-12,16,-11,15,-11,16,-11,16,-12,17,-12,15,-12,15,-12,16,-12,16,-13,17,-12,16,-13,16,-13,16,-13,15,-14,14,-13,14,-14,13,-14,14,-15,12,-15,12,0,0]"
CSI_DATA: 1018,4,211,211,234,210,244,0,-25,-27,95002.414,95004.192,57.718,95239.49,197.921,75.49,"[10,-2,10,-3,10,-4,11,-4,10,-4,10,-4,10,-5,10,-5,10,-5,10,-6,11,-6,10,-6,10,-7,10,-6,10,-6,10,-8,9,-8,9,-8,9,-8,9,-8,9,-8,9,-9,9,-9,8,-10,10,-10,8,-11,0,0,8,-11,9,-12,9,-12,8,-12,8,-12,9,-13,9,-13,8,-13,9,-14,9,-14,9,-15,10,-14,10,-14,10,-15,10,-14,10,-15,11,-15,11,-15,12,-15,12,-14,13,-14,14,-13,14,-13,15,-13,15,-12,15,-11,0,0,-12,1,-12,2,-11,3,-13,3,-12,3,-12,3,-12,3,-12,4,-12,4,-11,4,-13,5,-12,5,-12,5,-11,5,-12,5,-11,6,-11,7,-10,6,-10,7,-10,7,-11,7,-10,8,-10,7,-9,9,-10,9,-10,10,0,0,-9,11,-9,11,-9,12,-9,12,-9,12,-9,13,-9,13,-9,13,-9,14,-9,14,-10,15,-10,15,-10,15,-11,16,-11,16,-12,17,-11,17,-13,17,-13,17,-14,16,-15,16,-14,15,-15,15,-16,16,-18,14,-18,14,0,0]"
CSI_DATA: 1019,5,228,228,233,227,244,0,-22,-22,95005.438,95007.215,102.296,95305.859,264.731,141.859,"[14,-9,14,-9,14,-10,15,-10,14,-10,14,-10,14,-9,14,-9,14,-9,13,-10,14,-11,13,-11,13,-11,13,-11,13,-11,13,-12,12,-12,12,-12,11,-12,12,-12,12,-12,12,-13,12,-12,10,-14,12,-14,11,-15,0,0,10,-15,11,-15,10,-16,10,-15,10,-15,11,-16,11,-16,11,-16,11,-17,11,-16,11,-18,11,-17,11,-17,11,-17,11,-17,12,-18,12,-18,13,-17,13,-17,13,-16,14,-15,14,-15,14,-15,14,-15,15,-14,16,-13,0,0,-6,14,-6,14,-5,14,-6,15,-6,14,-6,15,-6,14,-6,14,-6,14,-5,13,-5,15,-5,15,-4,15,-4,15,-5,15,-3,16,-3,15,-3,15,-2,16,-3,16,-4,16,-3,16,-3,16,-2,17,-2,17,-2,18,0,0,-1,18,-1,18,-1,19,-1,18,-1,18,-2,19,-2,19,-1,18,-1,19,-1,19,0,20,-1,19,-1,19,-1,20,-1,20,-1,21,-1,21,-1,21,-2,21,-3,21,-3,22,-4,21,-5,21,-4,22,-6,22,-7,22,0,0]"
CSI_DATA: 1020,6,213,213,218,212,244,0,-21,-19,95008.613,95010.391,157.647,95374.799,333.671,210.799,"[-13,-3,-14,-3,-14,-2,-15,-3,-14,-2,-15,-2,-14,-2,-14,-2,-15,-2,-15,-1,-16,-1,-15,-1,-16,-1,-16,0,-16,-1,-16,0,-15,0,-15,1,-16,1,-16,1,-16,0,-16,1,-16,0,-16,2,-17,2,-17,3,0,0,-17,3,-18,3,-17,4,-17,4,-18,4,-18,4,-18,3,-18,3,-18,4,-18,4,-19,4,-19,4,-19,4,-20,4,-20,4,-21,4,-21,4,-21,4,-21,3,-21,2,-22,1,-21,1,-21,0,-22,1,-21,-1,-21,-2,0,0,-9,11,-10,12,-8,12,-10,13,-9,13,-10,13,-10,13,-10,13,-10,13,-9,12,-10,14,-10,14,-9,14,-8,14,-9,14,-7,15,-7,15,-7,15,-6,16,-7,16,-7,16,-6,17,-7,16,-4,18,-5,19,-4,20,0,0,-4,20,-4,20,-4,21,-3,20,-4,22,-4,22,-4,22,-4,22,-4,23,-3,23,-3,24,-4,24,-4,23,-5,25,-4,24,-4,26,-4,25,-5,26,-6,25,-6,25,-8,25,-8,24,-9,24,-8,25,-10,25,-11,24,0,0]"
CSI_DATA: 1021,7,206,206,209,206,244,0,-20,-20,94923.641,94925.419,202.181,95441.838,400.710,277.838,"[14,7,15,7,15,6,15,7,14,6,14,6,14,6,14,6,13,6,14,5,15,5,15,4,14,4,14,4,14,4,15,3,14,2,14,3,15,2,15,3,15,3,15,2,15,3,15,1,16,1,16,1,0,0,16,0,17,0,17,0,17,-1,17,0,18,0,18,0,17,0,18,-1,18,-1,19,-2,18,-1,19,-1,19,-1,20,-1,20,-1,21,-1,20,0,21,0,20,1,21,2,21,2,22,2,22,2,22,4,22,5,0,0,-20,0,-20,0,-20,1,-22,0,-20,0,-21,-1,-20,-1,-19,-1,-19,-2,-18,-1,-19,-2,-18,-1,-18,-1,-17,0,-17,0,-16,2,-16,3,-15,3,-16,3,-16,3,-17,3,-16,4,-16,3,-16,5,-17,5,-18,6,0,0,-17,6,-17,6,-18,7,-16,7,-18,6,-18,6,-18,6,-17,6,-17,6,-17,6,-18,7,-17,5,-17,6,-18,6,-17,6,-18,7,-17,6,-18,6,-18,5,-17,5,-18,4,-17,4,-17,3,-18,4,-18,3,-18,3,0,0]"
CSI_DATA: 1022,3,203,203,236,202,246,0,-22,-21,95785.364,95787.187,11.832,95957.386,515.548,13.379,"[11,2,11,1,11,0,12,1,11,0,11,1,11,0,11,0,11,0,11,-1,11,-1,11,-1,11,-1,11,-1,12,-1,12,-3,11,-2,11,-2,12,-3,12,-2,12,-2,12,-3,12,-3,12,-4,13,-3,13,-4,0,0,13,-4,13,-4,14,-5,13,-5,14,-4,14,-4,14,-4,14,-4,14,-5,14,-5,15,-5,15,-4,15,-5,16,-5,15,-4,16,-5,16,-5,16,-4,17,-4,17,-4,17,-3,18,-2,18,-2,19,-2,18,-1,18,0,0,0,4,15,5,15,5,15,5,16,4,15,4,15,4,15,5,14,4,15,5,14,5,15,6,14,6,14,5,14,5,14,6,14,6,13,6,13,6,13,6,13,6,14,6,14,6,14,7,13,7,14,8,14,0,0,8,14,8,14,8,14,9,14,8,14,8,14,8,14,8,14,8,14,9,14,10,14,8,14,8,14,8,15,8,15,9,15,9,15,9,15,8,16,8,16,8,16,6,16,7,16,7,16,6,18,6,17,0,0]"
CSI_DATA: 1023,4,212,212,236,211,246,0,-22,-25,95782.420,95784.243,57.678,96005.811,563.973,61.804,"[6,-9,6,-10,5,-10,6,-11,6,-10,6,-11,5,-10,5,-10,5,-11,5,-11,5,-12,4,-12,4,-13,4,-12,4,-13,3,-13,3,-13,3,-12,3,-13,3,-13,3,-14,3,-14,3,-13,1,-14,2,-15,1,-15,0,0,1,-15,1,-16,1,-17,0,-15,1,-16,1,-17,1,-17,1,-16,1,-17,1,-16,0,-18,1,-17,1,-18,2,-19,1,-18,2,-19,2,-19,2,-19,3,-19,4,-18,5,-18,5,-18,5,-17,5,-18,6,-17,7,-17,0,0,8,10,8,9,9,9,9,9,9,9,9,9,9,8,9,8,9,8,10,7,10,7,11,7,11,7,11,7,11,7,12,6,11,5,11,6,11,4,12,5,12,5,13,4,12,4,13,3,14,3,14,2,0,0,15,2,15,2,16,1,16,0,16,1,17,1,17,1,17,0,18,1,18,0,19,-1,18,0,19,1,20,0,20,1,22,1,21,1,21,1,22,2,21,3,22,4,21,5,21,4,21,5,22,7,21,7,0,0]"
CSI_DATA: 1024,5,229,229,235,228,246,0,-25,-19,95785.442,95787.266,102.269,96065.367,623.529,121.360,"[-19,3,-20,3,-19,4,-21,3,-20,3,-20,3,-20,3,-19,3,-20,3,-19,3,-20,4,-20,4,-20,4,-20,4,-20,3,-20,5,-19,4,-19,4,-19,4,-20,4,-20,4,-20,5,-19,3,-19,6,-20,5,-20,6,0,0,-19,6,-20,6,-20,6,-19,6,-19,5,-20,6,-20,5,-20,6,-20,6,-19,6,-20,7,-19,5,-19,5,-20,5,-19,5,-20,5,-20,5,-20,5,-20,4,-19,3,-19,2,-19,2,-19,1,-19,2,-19,1,-18,0,0,0,-13,7,-13,7,-12,7,-14,7,-13,7,-13,7,-13,7,-13,7,-13,8,-12,8,-13,9,-12,9,-12,9,-12,9,-13,9,-12,10,-12,10,-12,9,-11,10,-12,10,-13,10,-12,11,-12,10,-11,12,-12,12,-12,13,0,0,-11,13,-12,13,-12,13,-11,13,-12,13,-12,13,-12,13,-12,13,-12,14,-12,14,-12,15,-13,14,-13,14,-13,15,-14,15,-14,15,-14,15,-14,15,-15,15,-15,14,-16,14,-16,13,-17,13,-17,14,-18,13,-18,12,0,0]"
CSI_DATA: 1025,6,214,214,220,213,246,0,-23,-18,95788.618,95790.442,157.718,96133.532,691.694,189.525,"[-11,2,-11,3,-11,4,-12,3,-12,3,-12,3,-12,4,-11,4,-12,4,-11,5,-12,5,-12,6,-12,6,-12,6,-12,6,-12,7,-11,6,-11,7,-11,7,-12,7,-12,7,-12,8,-12,8,-11,9,-12,9,-12,10,0,0,-12,10,-12,10,-12,11,-12,11,-12,11,-13,11,-13,11,-12,11,-13,11,-13,12,-13,13,-13,12,-14,12,-14,13,-14,12,-15,13,-15,13,-15,13,-16,12,-16,11,-17,11,-17,10,-18,11,-17,11,-18,10,-19,9,0,0,17,-3,17,-4,17,-4,18,-3,17,-3,18,-3,17,-4,18,-4,18,-3,17,-4,18,-4,18,-4,18,-4,17,-5,17,-4,18,-6,17,-7,17,-6,16,-7,17,-7,18,-7,17,-8,17,-7,16,-10,18,-10,18,-11,0,0,18,-11,18,-11,18,-12,18,-12,18,-12,19,-12,19,-12,19,-12,19,-13,20,-14,20,-14,20,-13,20,-13,21,-14,21,-13,22,-14,21,-14,21,-14,22,-14,22,-13,23,-12,23,-11,24,-12,23,-12,25,-10,25,-10,0,0]"
CSI_DATA: 1026,7,207,207,211,207,246,0,-19,-18,95703.648,95705.471,201.968,96203.161,761.323,259.154,"[-14,-11,-14,-10,-15,-10,-15,-11,-14,-10,-14,-10,-14,-10,-13,-9,-13,-9,-13,-9,-14,-9,-14,-8,-14,-8,-14,-8,-14,-8,-15,-7,-14,-6,-14,-7,-15,-6,-15,-7,-15,-7,-15,-6,-15,-7,-15,-5,-16,-6,-16,-5,0,0,-16,-4,-17,-5,-17,-4,-17,-3,-17,-4,-18,-4,-18,-4,-17,-4,-18,-3,-18,-3,-19,-3,-18,-4,-19,-4,-19,-4,-19,-4,-20,-3,-21,-4,-20,-4,-21,-5,-20,-5,-21,-6,-21,-6,-21,-7,-21,-7,-21,-8,-20,-9,0,0,7,-16,6,-17,5,-16,7,-17,7,-16,7,-16,7,-16,7,-16,7,-16,6,-15,6,-15,6,-15,5,-15,5,-14,5,-14,4,-16,3,-15,3,-14,2,-15,3,-15,3,-16,2,-16,3,-15,1,-16,1,-17,1,-17,0,0,0,-17,1,-18,1,-18,0,-17,1,-17,1,-18,2,-18,1,-17,1,-18,1,-18,1,-19,1,-18,1,-18,1,-18,2,-18,1,-19,1,-18,1,-18,2,-18,3,-17,3,-18,3,-17,3,-17,3,-17,5,-17,5,-17,0,0]"
CSI_DATA: 1027,3,204,204,237,203,247,0,-28,-21,96175.365,96177.133,11.804,96347.300,144.139,13.302,"[-2,11,-2,11,-1,11,-2,12,-2,12,-1,12,-1,13,-1,13,-1,13,0,13,0,14,0,14,0,15,0,15,-1,15,0,15,0,15,0,15,1,16,0,16,0,16,0,16,-1,16,1,16,0,17,1,17,0,0,1,17,1,17,1,18,2,16,1,17,2,17,1,17,2,16,2,17,2,16,3,18,2,17,2,17,3,18,3,17,4,19,4,18,4,19,4,19,4,19,3,20,2,20,2,21,3,22,1,22,1,23,0,0,1,-14,0,-15,-1,-14,0,-16,0,-15,0,-15,-1,-15,0,-15,-1,-14,-1,-14,-1,-16,-2,-16,-2,-15,-2,-15,-1,-15,-2,-16,-3,-15,-2,-15,-3,-15,-3,-15,-2,-15,-3,-15,-2,-15,-4,-15,-4,-16,-4,-17,0,0,-5,-16,-4,-16,-5,-17,-5,-16,-5,-17,-5,-17,-4,-17,-4,-17,-5,-17,-5,-17,-6,-18,-4,-17,-4,-17,-4,-17,-4,-17,-5,-18,-4,-18,-4,-18,-3,-18,-3,-17,-3,-18,-2,-17,-2,-17,-2,-18,-1,-17,-1,-18,0,0]"
CSI_DATA: 1028,4,213,213,237,212,247,0,-22,-32,96172.422,96174.191,57.712,96401.547,198.386,67.549,"[-3,-10,-3,-10,-4,-9,-4,-11,-4,-10,-5,-10,-5,-10,-5,-10,-5,-10,-6,-9,-7,-10,-7,-10,-7,-10,-8,-10,-8,-10,-9,-10,-9,-9,-8,-9,-9,-9,-9,-9,-10,-9,-10,-9,-9,-9,-11,-8,-12,-9,-12,-8,0,0,-13,-8,-13,-8,-14,-8,-13,-7,-14,-8,-15,-8,-15,-8,-14,-8,-15,-9,-15,-8,-16,-8,-16,-9,-16,-9,-17,-9,-16,-9,-17,-10,-17,-9,-17,-10,-17,-11,-16,-11,-16,-12,-15,-13,-15,-13,-16,-13,-14,-14,-14,-15,0,0,8,-6,9,-6,8,-7,9,-8,8,-7,8,-8,8,-8,8,-8,8,-8,7,-9,7,-10,7,-10,7,-10,6,-10,7,-10,6,-11,5,-11,6,-10,5,-11,5,-11,5,-11,4,-11,4,-11,2,-12,3,-13,2,-13,0,0,1,-13,1,-14,0,-15,0,-14,-1,-15,-1,-16,-1,-16,-1,-16,-2,-17,-2,-17,-3,-19,-2,-18,-2,-19,-2,-20,-2,-20,-2,-22,-3,-22,-2,-23,-1,-23,0,-23,1,-24,2,-24,2,-24,2,-25,4,-25,5,-25,0,0]"
CSI_DATA: 1029,5,230,230,236,229,247,0,-27,-21,96175.444,96177.213,102.291,96471.469,268.308,137.471,"[13,8,13,8,13,7,14,9,13,8,13,8,13,8,13,8,12,8,12,7,13,8,13,7,13,8,13,8,13,8,14,7,13,6,13,6,14,6,13,6,14,7,14,6,12,7,14,5,14,6,14,6,0,0,14,5,14,6,15,5,14,5,14,5,14,5,14,5,14,5,14,5,14,4,15,5,14,5,14,5,15,5,14,5,15,5,15,5,16,5,15,5,15,6,14,6,14,7,14,7,14,7,14,8,13,8,0,0,15,4,15,5,15,4,17,5,16,5,17,4,16,4,16,4,16,4,16,3,17,3,17,3,18,2,17,2,17,3,18,1,18,1,17,1,18,1,19,2,19,2,19,1,18,2,20,-1,20,1,21,0,0,0,20,0,20,0,21,-1,20,-1,21,0,21,0,21,0,21,0,21,0,21,-1,23,-1,21,0,21,0,22,0,22,0,23,0,22,0,23,0,23,1,22,1,23,2,22,3,22,3,24,3,23,4,23,5,0,0]"
CSI_DATA: 1030,6,215,215,221,214,247,0,-22,-19,96178.621,96180.389,157.636,96527.725,324.564,193.727,"[-4,-12,-5,-12,-5,-12,-5,-13,-5,-13,-6,-13,-6,-12,-6,-12,-6,-13,-6,-12,-7,-14,-7,-13,-7,-14,-7,-14,-7,-14,-9,-13,-8,-13,-8,-13,-9,-13,-9,-14,-9,-14,-9,-13,-8,-13,-10,-13,-10,-14,-11,-14,0,0,-11,-13,-10,-14,-11,-14,-11,-13,-11,-14,-12,-14,-12,-14,-12,-13,-12,-14,-12,-14,-12,-14,-12,-15,-12,-15,-12,-16,-11,-15,-12,-16,-12,-16,-12,-16,-11,-16,-11,-16,-10,-17,-9,-17,-9,-17,-9,-17,-8,-18,-8,-18,0,0,13,7,13,7,14,6,14,8,14,7,14,7,14,7,13,7,14,7,14,7,15,7,15,7,15,7,15,6,14,6,16,5,15,4,15,4,16,3,16,4,16,4,17,3,17,3,18,1,19,2,20,1,0,0,19,0,20,0,21,0,20,-1,22,0,22,0,22,-1,22,0,22,-1,23,-1,25,-2,24,-1,24,0,24,0,25,-1,26,0,26,0,27,0,27,1,26,1,27,3,26,3,27,4,28,4,27,6,27,6,0,0]"
CSI_DATA: 1031,7,208,208,212,208,247,0,-20,-19,96093.650,96095.419,201.897,96595.321,392.160,261.323,"[-12,-11,-12,-11,-12,-10,-13,-12,-12,-11,-12,-11,-12,-10,-11,-10,-11,-10,-11,-9,-12,-10,-12,-9,-12,-9,-12,-9,-12,-9,-12,-8,-12,-8,-12,-7,-13,-7,-12,-8,-12,-8,-13,-7,-12,-7,-13,-6,-14,-7,-14,-6,0,0,-14,-5,-14,-6,-16,-6,-14,-5,-15,-5,-15,-5,-16,-6,-15,-5,-16,-5,-16,-5,-17,-5,-17,-5,-17,-5,-18,-5,-17,-5,-19,-5,-18,-5,-19,-6,-19,-6,-18,-7,-19,-8,-19,-9,-19,-9,-20,-9,-19,-10,-19,-11,0,0,-17,-2,-18,-2,-18,-1,-19,-2,-18,-2,-18,-3,-18,-3,-17,-3,-17,-3,-16,-3,-18,-3,-17,-2,-16,-2,-15,-1,-15,-2,-16,0,-15,1,-15,0,-16,1,-16,1,-16,0,-16,2,-16,1,-16,3,-17,2,-17,3,0,0,-17,3,-17,3,-18,3,-17,3,-18,3,-18,3,-18,2,-17,2,-18,3,-17,3,-18,3,-17,2,-17,2,-18,2,-18,2,-18,3,-18,2,-18,2,-18,1,-17,1,-18,0,-16,0,-17,0,-17,0,-17,-1,-17,-1,0,0]"
CSI_DATA: 1032,3,205,205,237,204,248,0,-28,-23,96175.365,96577.189,22.10,96747.394,152.73,23.394,"[-2,11,-2,11,-1,11,-2,12,-2,12,-1,12,-1,13,-1,13,-1,13,0,13,0,14,0,14,0,15,0,15,-1,15,0,15,0,15,0,15,1,16,0,16,0,16,0,16,-1,16,1,16,0,17,1,17,0,0,1,17,1,17,1,18,2,16,1,17,2,17,1,17,2,16,2,17,2,16,3,18,2,17,2,17,3,18,3,17,4,19,4,18,4,19,4,19,4,19,3,20,2,20,2,21,3,22,1,22,1,23,0,0,5,-17,4,-18,3,-18,5,-19,4,-18,5,-19,4,-18,5,-18,4,-18,4,-18,4,-19,3,-19,4,-19,3,-18,5,-18,3,-19,2,-18,3,-18,2,-19,3,-19,3,-19,3,-18,3,-18,1,-19,2,-20,1,-20,0,0,1,-20,2,-20,1,-21,1,-19,2,-20,2,-21,3,-20,2,-20,2,-20,2,-19,1,-21,2,-19,2,-20,3,-20,2,-19,2,-20,3,-20,3,-20,4,-19,4,-18,5,-19,5,-17,5,-17,4,-18,6,-17,6,-17,0,0]"
CSI_DATA: 1033,4,214,214,238,213,248,0,-27,-26,96563.645,96574.247,67.814,96797.327,202.06,73.327,"[-2,-11,-2,-11,-3,-10,-3,-12,-4,-11,-4,-12,-5,-12,-5,-12,-5,-11,-5,-11,-7,-12,-7,-12,-7,-11,-7,-11,-7,-12,-8,-11,-8,-10,-8,-10,-9,-10,-9,-11,-10,-11,-10,-10,-10,-10,-11,-9,-12,-10,-13,-9,0,0,-13,-9,-14,-9,-15,-9,-14,-8,-15,-9,-16,-9,-16,-9,-16,-9,-17,-9,-17,-9,-19,-9,-18,-10,-18,-9,-19,-10,-19,-11,-20,-11,-19,-10,-20,-12,-20,-12,-18,-13,-19,-14,-18,-15,-18,-15,-19,-15,-17,-17,-16,-17,0,0,7,11,7,10,7,10,7,11,7,10,8,10,7,10,8,9,8,9,8,8,9,9,10,9,10,9,9,8,9,9,11,8,10,7,10,7,10,7,11,7,11,7,11,7,11,7,12,5,13,6,13,6,0,0,13,5,14,5,14,5,15,4,15,5,15,5,16,5,15,5,16,5,17,5,18,5,17,5,17,5,18,5,18,6,19,6,19,6,19,7,19,8,19,8,19,9,18,9,18,10,19,10,18,12,17,12,0,0]"
CSI_DATA: 1034,5,231,231,237,230,248,0,-24,-20,96566.667,96577.268,112.409,96863.509,268.188,139.509,"[3,-16,2,-17,1,-16,2,-17,1,-16,2,-16,1,-16,1,-16,1,-16,0,-15,0,-17,0,-16,0,-16,-1,-16,0,-17,-2,-17,-2,-16,-2,-16,-2,-17,-2,-17,-2,-17,-2,-17,-2,-16,-4,-17,-3,-17,-3,-17,0,0,-4,-17,-4,-18,-5,-18,-4,-17,-5,-18,-4,-18,-4,-19,-4,-18,-4,-18,-5,-18,-5,-19,-4,-19,-4,-19,-4,-19,-4,-19,-5,-19,-5,-20,-4,-20,-3,-20,-2,-19,-2,-20,-1,-20,-1,-20,-2,-21,0,-20,1,-20,0,0,-5,-16,-6,-16,-6,-15,-6,-17,-6,-16,-6,-16,-6,-16,-6,-16,-6,-16,-7,-15,-8,-17,-8,-16,-8,-16,-9,-16,-8,-16,-10,-16,-9,-15,-9,-16,-10,-16,-10,-17,-9,-17,-10,-16,-9,-17,-11,-16,-11,-17,-12,-17,0,0,-11,-16,-12,-17,-13,-17,-12,-16,-12,-17,-12,-18,-12,-17,-12,-17,-12,-17,-13,-17,-14,-18,-13,-17,-13,-17,-13,-18,-14,-19,-14,-18,-14,-19,-14,-19,-13,-20,-13,-20,-12,-22,-12,-21,-12,-22,-12,-22,-10,-23,-10,-23,0,0]"
CSI_DATA: 1035,6,216,216,222,215,248,0,-21,-20,96569.844,96580.446,167.754,96938.978,343.657,214.978,"[0,15,1,15,1,15,0,17,1,16,1,16,1,15,2,15,1,16,2,15,2,17,3,16,3,17,3,16,2,17,4,17,4,15,4,16,4,16,4,17,4,17,5,17,4,16,6,16,6,18,6,17,0,0,6,17,7,18,7,18,7,17,7,18,7,18,7,19,8,18,8,18,8,18,9,19,8,19,8,19,8,20,8,19,8,20,7,21,8,21,7,21,6,21,6,22,4,22,5,22,4,22,3,23,3,22,0,0,2,12,3,12,3,12,3,13,3,13,3,13,3,13,3,13,3,13,3,13,4,14,4,14,4,14,5,13,4,13,6,13,7,12,6,12,7,13,7,13,7,14,8,13,8,13,10,12,10,14,12,14,0,0,12,13,12,14,13,14,13,14,14,15,14,15,14,16,14,15,15,15,15,15,17,16,16,16,15,16,16,17,16,17,17,18,17,17,17,19,16,19,15,19,15,20,14,20,14,20,15,20,13,22,13,22,0,0]"
CSI_DATA: 1036,7,209,209,213,209,248,0,-21,-20,96484.874,96495.476,212.14,96997.194,401.873,273.194,"[-14,-8,-14,-8,-14,-7,-15,-9,-14,-8,-14,-8,-14,-8,-13,-8,-13,-8,-13,-7,-14,-7,-14,-6,-14,-6,-14,-6,-14,-7,-14,-6,-14,-5,-13,-5,-15,-5,-14,-6,-14,-6,-14,-5,-13,-5,-15,-4,-15,-4,-16,-4,0,0,-16,-3,-16,-4,-17,-3,-15,-3,-16,-3,-17,-4,-17,-3,-16,-3,-17,-3,-16,-2,-18,-2,-17,-3,-18,-3,-19,-3,-18,-3,-19,-3,-19,-3,-20,-3,-20,-4,-19,-5,-20,-6,-20,-6,-20,-7,-21,-6,-20,-8,-20,-9,0,0,-18,-4,-18,-3,-18,-2,-19,-4,-18,-4,-19,-4,-18,-4,-17,-4,-17,-4,-16,-4,-18,-4,-17,-4,-16,-3,-16,-3,-15,-3,-16,-1,-15,-1,-15,-1,-16,0,-17,0,-17,0,-17,0,-16,-1,-17,1,-18,1,-18,1,0,0,-18,1,-18,1,-19,1,-18,1,-19,1,-19,1,-19,1,-18,0,-18,1,-18,1,-19,1,-18,0,-18,0,-18,0,-18,0,-18,0,-18,0,-18,0,-18,-1,-17,-1,-18,-1,-17,-1,-17,-2,-17,-2,-17,-3,-17,-3,0,0]"
CSI_DATA: 1037,3,206,206,238,205,249,0,-34,-21,96955.361,96957.131,11.914,97127.248,130.54,13.249,"[-6,-9,-6,-8,-7,-8,-7,-8,-8,-8,-7,-8,-8,-8,-7,-7,-8,-7,-8,-7,-9,-7,-8,-7,-9,-7,-9,-6,-9,-6,-9,-6,-9,-5,-9,-5,-10,-5,-10,-6,-9,-5,-10,-5,-9,-5,-10,-4,-11,-4,-10,-3,0,0,-10,-3,-11,-3,-11,-2,-11,-2,-12,-1,-12,-1,-12,-1,-12,0,-13,0,-13,0,-14,1,-14,0,-15,0,-16,1,-16,1,-17,1,-18,1,-18,1,-18,0,-18,0,-20,-1,-20,-2,-21,-2,-22,-2,-21,-4,-21,-5,0,0,-18,-3,-18,-2,-17,-2,-19,-3,-18,-2,-18,-2,-18,-2,-18,-2,-18,-2,-17,-2,-19,-2,-18,-1,-18,-1,-18,-1,-18,-2,-18,-1,-18,0,-17,-1,-18,0,-18,0,-18,-1,-17,0,-17,-1,-17,2,-19,1,-19,2,0,0,-18,1,-18,1,-19,2,-18,2,-19,2,-19,2,-19,1,-18,2,-19,2,-18,2,-19,2,-18,1,-18,1,-19,1,-19,1,-20,1,-19,1,-19,1,-19,0,-18,0,-19,-1,-18,-1,-18,-1,-18,-2,-18,-3,-18,-3,0,0]"
CSI_DATA: 1038,5,232,232,238,231,249,0,-23,-20,96955.442,96957.211,102.402,97217.734,220.540,103.735,"[-13,7,-13,7,-12,8,-14,8,-13,8,-13,8,-13,8,-12,8,-12,9,-12,9,-12,10,-12,10,-12,10,-12,11,-12,10,-11,11,-11,11,-11,11,-10,12,-11,12,-11,12,-11,12,-11,11,-10,13,-11,13,-10,14,0,0,-10,14,-10,14,-10,15,-10,14,-10,15,-10,15,-11,15,-10,15,-10,16,-10,15,-10,16,-11,15,-11,15,-11,16,-11,15,-12,16,-12,16,-12,16,-13,15,-13,14,-14,14,-13,13,-14,14,-14,13,-15,12,-15,12,0,0,-14,2,-14,2,-13,3,-15,2,-14,3,-14,3,-14,3,-14,3,-14,3,-13,3,-14,4,-14,5,-14,5,-14,5,-15,5,-14,6,-14,6,-14,6,-14,7,-15,6,-15,6,-15,7,-15,7,-14,9,-15,8,-15,10,0,0,-15,9,-15,9,-16,10,-15,10,-16,9,-16,10,-16,9,-16,9,-16,10,-16,10,-16,12,-16,10,-16,10,-17,11,-16,11,-17,11,-17,11,-18,11,-18,11,-18,10,-19,10,-19,9,-19,9,-19,10,-20,9,-20,8,0,0]"
CSI_DATA: 1039,6,217,217,223,216,249,0,-24,-18,96958.619,96960.389,157.751,97276.774,279.580,162.775,"[0,-11,0,-11,-1,-11,0,-12,-1,-12,-1,-12,-1,-12,-1,-12,-1,-12,-2,-12,-2,-13,-2,-13,-2,-14,-2,-13,-2,-14,-3,-13,-3,-13,-3,-13,-3,-13,-3,-13,-3,-14,-4,-13,-3,-13,-5,-13,-5,-14,-5,-14,0,0,-6,-14,-6,-14,-6,-14,-6,-13,-6,-14,-7,-14,-6,-15,-7,-14,-7,-15,-7,-14,-8,-15,-7,-15,-8,-16,-8,-16,-8,-15,-8,-16,-8,-17,-8,-16,-8,-17,-6,-17,-7,-18,-6,-19,-5,-19,-6,-19,-5,-19,-4,-19,0,0,-9,11,-9,11,-8,11,-9,12,-9,11,-9,12,-9,12,-9,12,-9,12,-8,12,-9,13,-8,13,-8,13,-7,13,-8,13,-7,14,-6,13,-6,14,-5,14,-5,15,-5,15,-4,15,-5,15,-2,16,-3,17,-2,18,0,0,-2,18,-3,19,-2,19,-1,19,-2,20,-2,20,-2,21,-1,21,-1,21,-1,22,-1,23,-1,23,-2,23,-2,23,-2,24,-2,25,-2,25,-2,25,-3,26,-3,25,-5,26,-5,25,-6,26,-6,26,-8,26,-9,25,0,0]"
CSI_DATA: 1040,7,210,210,214,210,249,0,-20,-20,96873.650,96875.419,202.10,97345.957,348.763,231.958,"[-8,-16,-8,-15,-9,-15,-8,-16,-8,-15,-8,-15,-8,-15,-7,-14,-7,-14,-8,-14,-8,-14,-8,-14,-9,-14,-8,-14,-7,-14,-9,-14,-9,-12,-8,-12,-9,-13,-8,-13,-8,-13,-9,-12,-8,-12,-10,-11,-10,-13,-10,-12,0,0,-10,-11,-11,-12,-11,-11,-11,-10,-11,-11,-11,-11,-11,-11,-11,-11,-12,-11,-12,-10,-13,-11,-12,-11,-13,-11,-13,-11,-13,-11,-14,-11,-14,-12,-14,-12,-14,-12,-13,-13,-14,-14,-13,-14,-14,-15,-14,-15,-13,-16,-13,-17,0,0,-2,-19,-2,-19,-3,-19,-2,-21,-2,-20,-2,-20,-2,-20,-1,-19,-1,-19,-1,-18,-1,-19,-1,-18,-2,-17,-2,-17,-2,-16,-4,-17,-4,-16,-4,-16,-5,-16,-5,-17,-4,-17,-5,-17,-4,-17,-7,-17,-6,-18,-7,-18,0,0,-7,-18,-6,-19,-7,-19,-7,-18,-6,-19,-6,-19,-5,-19,-5,-18,-5,-19,-5,-19,-6,-20,-4,-18,-4,-18,-4,-18,-4,-18,-4,-18,-4,-18,-3,-18,-3,-18,-3,-17,-2,-17,-2,-16,-2,-16,-2,-16,-1,-16,-1,-16,0,0]"
CSI_DATA: 1041,4,216,216,240,215,250,0,-33,-31,97342.388,97344.208,57.809,97563.304,217.347,59.304,"[1,-1,2,-1,2,-1,3,-1,3,-1,3,-2,4,-2,4,-2,4,-2,5,-3,6,-3,6,-3,6,-4,6,-4,7,-4,6,-6,6,-6,7,-5,7,-7,7,-7,7,-7,7,-8,8,-8,7,-10,8,-10,8,-11,0,0,8,-12,8,-13,8,-14,8,-14,9,-15,9,-16,8,-16,8,-17,8,-18,8,-18,8,-20,8,-20,9,-20,9,-21,8,-22,9,-24,9,-24,10,-25,10,-25,11,-25,12,-25,12,-25,13,-26,13,-27,15,-26,16,-26,0,0,8,-13,7,-14,6,-14,7,-15,7,-15,7,-14,6,-15,6,-14,6,-15,6,-15,7,-16,6,-16,6,-15,6,-16,6,-15,5,-16,4,-15,5,-15,4,-15,4,-15,4,-15,3,-15,3,-14,1,-15,2,-16,1,-16,0,0,0,-16,-1,-16,-1,-17,-2,-17,-2,-17,-2,-18,-3,-18,-3,-18,-4,-19,-3,-19,-5,-20,-4,-20,-4,-20,-4,-21,-5,-22,-5,-23,-5,-23,-4,-24,-4,-24,-3,-24,-2,-25,-1,-25,0,-26,-1,-26,2,-27,3,-27,0,0]"
CSI_DATA: 1042,3,207,207,239,206,251,0,-20,-32,97735.703,97737.194,11.962,97907.396,344.92,13.392,"[14,-2,14,-3,14,-4,15,-3,14,-3,14,-3,13,-3,13,-3,13,-3,13,-4,14,-4,14,-4,14,-4,13,-4,14,-4,13,-5,13,-5,12,-5,13,-6,13,-5,13,-5,13,-6,13,-5,13,-7,14,-7,13,-7,0,0,13,-8,13,-7,14,-8,13,-8,14,-8,14,-8,14,-8,14,-8,14,-8,13,-8,14,-9,14,-8,15,-8,15,-9,14,-8,16,-9,15,-9,16,-9,16,-8,16,-8,17,-7,17,-6,17,-7,17,-7,18,-6,18,-5,0,0,14,-1,14,-1,14,-2,16,-1,14,-1,15,-1,15,-1,15,-1,15,-1,14,-1,16,-2,16,-2,15,-2,15,-2,16,-1,15,-2,15,-2,14,-2,15,-3,15,-2,15,-2,15,-2,14,-2,14,-4,15,-4,15,-4,0,0,15,-4,15,-4,15,-4,14,-4,14,-4,15,-4,14,-3,14,-3,14,-4,13,-4,14,-4,13,-3,13,-3,13,-3,13,-3,14,-3,12,-3,13,-3,12,-2,12,-1,11,-1,10,0,10,0,10,-1,10,0,9,0,0,0]"
CSI_DATA: 1043,5,233,233,239,232,251,0,-31,-20,97735.784,97737.276,102.386,97998.855,435.551,104.851,"[10,-17,10,-18,9,-18,11,-19,10,-18,10,-17,10,-17,9,-16,9,-16,8,-16,9,-18,7,-17,7,-17,7,-17,8,-17,6,-19,6,-18,6,-17,6,-19,6,-18,7,-18,6,-19,6,-18,4,-19,6,-20,5,-20,0,0,5,-19,5,-20,5,-20,4,-19,5,-20,5,-20,5,-20,5,-19,5,-19,4,-19,4,-20,5,-19,5,-18,5,-19,5,-18,5,-19,5,-18,6,-18,6,-18,6,-17,7,-16,8,-16,7,-15,7,-16,8,-15,8,-14,0,0,-12,9,-12,9,-10,10,-12,10,-11,10,-11,10,-11,11,-11,10,-11,11,-10,11,-11,12,-10,13,-10,13,-9,13,-10,13,-9,15,-8,14,-9,14,-8,15,-9,15,-9,15,-9,15,-9,15,-7,16,-9,17,-8,18,0,0,-8,18,-8,18,-8,19,-7,18,-8,19,-8,19,-8,19,-8,19,-8,19,-8,19,-7,21,-8,19,-8,20,-8,21,-8,21,-9,22,-8,22,-9,22,-10,22,-10,21,-11,22,-11,20,-12,21,-12,22,-14,21,-14,20,0,0]"
CSI_DATA: 1044,6,218,218,225,217,251,0,-24,-17,97738.963,97740.454,157.723,98054.943,491.639,160.939,"[5,12,5,12,6,11,6,13,6,12,6,12,6,11,6,11,6,12,6,11,7,12,7,12,8,12,8,11,8,12,8,11,9,11,8,11,9,11,9,12,9,12,9,12,9,11,11,10,10,12,11,11,0,0,11,11,11,11,11,11,11,10,11,12,12,12,11,12,12,12,12,12,12,11,13,11,12,12,12,12,12,13,12,12,12,13,12,13,12,13,11,13,10,13,10,14,9,15,9,14,10,14,9,15,9,15,0,0,-16,-1,-17,-1,-15,0,-18,-1,-16,-1,-17,-1,-17,-1,-17,-1,-17,-1,-16,-1,-18,0,-18,0,-17,0,-17,1,-17,0,-17,2,-17,3,-16,2,-17,3,-17,3,-17,2,-17,3,-17,3,-17,6,-19,5,-19,7,0,0,-19,7,-18,6,-20,7,-18,7,-20,8,-20,8,-20,7,-20,8,-21,8,-20,8,-21,9,-21,8,-21,8,-22,8,-22,8,-24,9,-22,8,-24,8,-24,7,-23,6,-24,6,-23,4,-24,4,-24,5,-25,3,-25,3,0,0]"
CSI_DATA: 1045,7,211,211,215,211,251,0,-19,-20,97653.994,97655.486,202.75,98118.342,555.38,224.338,"[6,-16,6,-17,5,-16,6,-17,6,-16,6,-16,6,-16,6,-15,6,-15,4,-15,5,-16,4,-16,4,-16,4,-16,4,-16,3,-16,3,-16,3,-15,3,-16,3,-16,3,-16,3,-16,3,-15,1,-16,2,-17,1,-17,0,0,1,-16,1,-17,0,-17,0,-16,0,-17,0,-17,0,-17,0,-17,-1,-17,-1,-17,-2,-18,-2,-18,-2,-18,-2,-19,-1,-19,-2,-20,-2,-20,-2,-21,-1,-20,0,-20,0,-22,1,-22,1,-22,0,-23,2,-23,3,-23,0,0,5,-16,4,-17,4,-16,5,-17,5,-16,5,-16,5,-16,5,-15,5,-15,5,-14,5,-16,4,-15,4,-14,3,-14,4,-14,2,-15,1,-14,1,-14,1,-14,1,-15,2,-15,1,-15,2,-15,-1,-16,1,-17,0,-17,0,0,0,-17,0,-17,0,-18,0,-17,1,-17,1,-17,1,-17,1,-17,1,-17,1,-16,0,-18,1,-17,1,-17,1,-17,1,-17,1,-18,1,-17,1,-17,2,-16,3,-16,3,-16,3,-15,3,-15,2,-16,4,-16,4,-16,0,0]"
CSI_DATA: 1046,3,208,208,240,207,252,0,-22,-36,98125.358,98127.142,11.947,98297.428,179.86,13.428,"[-2,-6,-2,-6,-2,-5,-2,-6,-2,-6,-2,-6,-2,-6,-2,-6,-2,-6,-2,-6,-3,-6,-3,-6,-3,-6,-3,-6,-3,-6,-3,-6,-3,-6,-3,-5,-4,-6,-4,-6,-4,-6,-4,-6,-4,-6,-4,-6,-4,-6,-5,-6,0,0,-5,-6,-5,-6,-5,-6,-5,-6,-5,-6,-5,-6,-5,-6,-5,-6,-5,-6,-5,-6,-6,-7,-5,-7,-5,-7,-6,-7,-5,-7,-6,-7,-6,-7,-5,-7,-5,-7,-5,-7,-5,-7,-5,-7,-5,-7,-5,-7,-4,-8,-4,-8,0,0,-11,5,-11,6,-10,6,-11,5,-11,5,-10,5,-11,5,-10,5,-10,4,-9,4,-10,5,-10,5,-9,5,-9,4,-9,4,-9,5,-8,5,-8,5,-8,5,-9,5,-9,5,-9,6,-8,6,-7,7,-8,7,-8,7,0,0,-8,8,-8,7,-8,8,-8,8,-8,7,-8,8,-8,7,-8,8,-9,8,-8,8,-8,9,-9,7,-8,7,-8,8,-9,8,-9,8,-9,8,-9,8,-9,7,-9,7,-9,7,-9,6,-8,6,-8,6,-9,6,-9,6,0,0]"
CSI_DATA: 1047,4,218,218,242,217,252,0,-25,-28,98122.420,98124.204,57.825,98347.557,229.215,63.557,"[10,-5,10,-6,10,-7,11,-7,11,-7,10,-6,10,-7,10,-6,10,-6,10,-7,11,-7,10,-8,10,-8,10,-7,10,-7,9,-9,9,-8,9,-8,9,-9,9,-9,9,-9,8,-9,9,-9,8,-10,9,-10,8,-10,0,0,7,-10,8,-11,7,-12,7,-12,8,-12,8,-12,8,-12,8,-12,7,-12,8,-12,8,-13,8,-12,8,-12,8,-12,8,-12,9,-13,9,-13,9,-12,10,-12,10,-11,10,-11,11,-10,11,-10,11,-10,11,-9,11,-9,0,0,0,-15,0,-16,-1,-15,0,-16,0,-16,0,-15,0,-15,0,-15,0,-15,0,-14,0,-16,-1,-15,-1,-15,-1,-15,0,-14,-2,-15,-2,-14,-2,-14,-2,-13,-1,-13,-1,-14,-2,-13,-2,-13,-4,-12,-4,-13,-5,-13,0,0,-5,-13,-5,-13,-5,-13,-6,-13,-5,-13,-6,-13,-6,-14,-6,-13,-7,-14,-7,-14,-8,-14,-7,-14,-8,-15,-8,-15,-8,-16,-8,-16,-9,-16,-8,-16,-7,-17,-6,-17,-6,-17,-6,-18,-6,-18,-6,-18,-5,-19,-5,-19,0,0]"
CSI_DATA: 1048,5,234,234,240,233,252,0,-35,-20,98125.440,98127.224,102.426,98415.590,297.248,131.590,"[-6,6,-6,6,-5,6,-6,6,-6,6,-6,6,-6,5,-6,5,-6,6,-6,6,-7,6,-6,6,-6,7,-6,7,-7,7,-6,7,-6,8,-6,8,-6,9,-6,9,-6,10,-6,10,-7,9,-6,11,-7,12,-6,12,0,0,-6,12,-6,13,-6,13,-6,13,-7,14,-6,15,-7,15,-6,15,-7,15,-6,15,-6,17,-7,16,-7,16,-6,17,-7,16,-7,18,-7,18,-7,18,-7,18,-7,17,-8,17,-8,17,-8,17,-8,18,-9,17,-9,17,0,0,13,-11,13,-12,11,-11,13,-12,12,-11,13,-12,12,-12,12,-12,12,-12,11,-12,11,-13,11,-14,10,-14,10,-14,11,-13,11,-15,10,-15,10,-14,9,-15,10,-15,11,-15,10,-16,10,-15,8,-17,10,-18,9,-18,0,0,9,-18,10,-18,9,-19,9,-18,10,-18,10,-18,10,-18,9,-18,10,-19,10,-19,9,-21,10,-19,9,-20,10,-20,10,-20,10,-21,10,-21,11,-21,12,-21,12,-20,13,-20,14,-19,14,-20,13,-20,15,-20,16,-19,0,0]"
CSI_DATA: 1049,6,219,219,226,218,252,0,-27,-18,98128.619,98130.404,157.745,98482.460,364.118,198.460,"[-5,9,-4,9,-3,9,-4,10,-3,10,-3,10,-3,10,-2,10,-2,10,-2,10,-2,11,-1,11,-2,11,-2,12,-1,12,-1,12,0,11,0,11,1,12,0,12,0,13,1,12,0,13,1,13,1,14,2,14,0,0,2,14,1,14,2,15,2,14,1,15,2,16,1,16,2,15,1,15,2,15,2,16,1,16,1,16,1,16,1,16,1,17,0,17,0,17,0,16,-1,16,-1,16,-2,16,-2,16,-2,16,-3,16,-3,16,0,0,-12,11,-12,11,-11,12,-13,12,-12,12,-12,12,-12,12,-13,12,-13,12,-12,12,-12,13,-12,14,-11,14,-11,14,-11,13,-11,15,-10,14,-10,15,-9,15,-10,16,-10,16,-10,16,-9,16,-7,18,-8,19,-7,20,0,0,-8,20,-8,20,-8,20,-7,21,-8,20,-8,22,-8,22,-8,22,-9,22,-8,23,-7,24,-8,23,-8,23,-9,24,-10,24,-10,25,-10,25,-10,25,-11,25,-11,24,-12,25,-13,23,-13,24,-12,25,-15,24,-15,24,0,0]"
CSI_DATA: 1050,7,212,212,216,212,252,0,-19,-20,98043.651,98045.435,201.995,98547.470,429.128,263.470,"[-17,7,-16,7,-15,8,-17,7,-16,7,-17,7,-16,8,-15,8,-16,7,-15,7,-16,8,-15,8,-15,8,-15,8,-15,8,-15,9,-14,9,-13,8,-14,9,-14,9,-14,9,-14,10,-14,9,-13,10,-14,10,-14,11,0,0,-13,11,-13,11,-14,12,-13,12,-13,12,-14,12,-13,12,-13,12,-13,12,-13,12,-14,13,-13,12,-14,12,-14,13,-14,13,-14,14,-14,14,-15,14,-15,14,-15,13,-16,13,-16,12,-16,12,-17,13,-18,11,-18,11,0,0,17,7,17,7,18,6,18,7,18,7,17,7,17,7,16,8,16,8,16,7,16,7,16,6,15,6,14,5,14,5,16,4,14,2,15,3,15,2,16,3,16,3,16,2,16,2,17,0,18,1,18,1,0,0,18,1,19,1,19,1,18,1,18,2,19,2,19,2,19,2,19,2,18,2,19,1,18,2,18,2,19,3,18,3,18,3,18,3,18,3,17,4,17,4,17,5,16,5,16,5,16,4,16,5,15,5,0,0]"
CSI_DATA: 1051,4,219,219,243,218,253,0,-21,-34,98512.393,98514.450,57.808,98733.233,185.763,59.234,"[-6,-13,-7,-13,-7,-12,-7,-14,-7,-13,-7,-13,-7,-13,-7,-12,-7,-12,-7,-12,-8,-13,-8,-12,-8,-12,-8,-12,-8,-12,-9,-11,-9,-11,-8,-11,-9,-10,-9,-11,-9,-11,-10,-10,-9,-10,-10,-10,-11,-10,-11,-10,0,0,-11,-10,-12,-10,-12,-10,-12,-9,-12,-10,-13,-10,-13,-10,-12,-10,-13,-10,-13,-10,-14,-11,-13,-11,-13,-11,-13,-11,-13,-11,-14,-11,-14,-12,-13,-12,-13,-12,-12,-13,-11,-13,-11,-13,-11,-14,-11,-14,-9,-14,-9,-15,0,0,10,-12,10,-12,10,-12,11,-13,10,-12,10,-12,10,-12,10,-12,10,-11,9,-11,9,-13,8,-13,8,-12,8,-12,8,-12,7,-12,6,-12,6,-11,5,-12,5,-12,5,-12,4,-13,4,-12,2,-13,2,-14,1,-15,0,0,0,-15,0,-16,0,-16,-1,-16,-1,-17,-1,-18,-1,-18,-1,-19,-2,-19,-2,-19,-3,-21,-2,-21,-2,-22,-2,-23,-2,-23,-2,-24,-2,-24,-1,-25,0,-25,1,-24,2,-25,2,-25,2,-25,1,-26,3,-26,4,-27,0,0]"
CSI_DATA: 1052,5,235,235,241,234,253,0,-32,-23,98515.413,98517.470,102.405,98795.901,248.431,121.902,"[-19,2,-19,2,-19,3,-21,2,-20,2,-21,2,-21,1,-20,1,-20,1,-19,2,-22,2,-21,3,-22,3,-21,3,-21,2,-21,4,-20,3,-20,3,-21,4,-21,3,-21,3,-21,4,-20,3,-20,6,-21,5,-21,6,0,0,-20,6,-21,6,-21,7,-20,6,-20,7,-21,6,-21,6,-20,7,-20,7,-19,7,-20,8,-20,7,-20,7,-20,7,-19,6,-20,7,-20,7,-20,6,-19,5,-19,4,-19,4,-19,4,-18,3,-18,4,-18,3,-17,2,0,0,3,-15,3,-15,2,-15,3,-16,3,-16,3,-16,3,-16,3,-16,3,-16,2,-16,2,-17,1,-17,1,-17,1,-17,2,-17,0,-18,0,-17,0,-17,-1,-18,0,-18,1,-19,0,-19,1,-18,-2,-19,-1,-20,-2,-20,0,0,-2,-20,-1,-20,-2,-21,-2,-20,-2,-20,-2,-21,-2,-21,-2,-20,-2,-21,-2,-21,-3,-22,-2,-21,-2,-21,-3,-21,-3,-22,-3,-23,-3,-23,-3,-23,-2,-23,-2,-23,-1,-24,-1,-23,0,-24,-1,-25,1,-25,1,-25,0,0]"
CSI_DATA: 1053,7,213,213,216,213,253,0,-19,-20,98043.651,98435.682,212.02,98888.170,340.700,214.171,"[-17,7,-16,7,-15,8,-17,7,-16,7,-17,7,-16,8,-15,8,-16,7,-15,7,-16,8,-15,8,-15,8,-15,8,-15,8,-15,9,-14,9,-13,8,-14,9,-14,9,-14,9,-14,10,-14,9,-13,10,-14,10,-14,11,0,0,-13,11,-13,11,-14,12,-13,12,-13,12,-14,12,-13,12,-13,12,-13,12,-13,12,-14,13,-13,12,-14,12,-14,13,-14,13,-14,14,-14,14,-15,14,-15,14,-15,13,-16,13,-16,12,-16,12,-17,13,-18,11,-18,11,0,0,10,13,10,13,11,12,11,14,10,13,10,14,10,13,10,13,9,14,9,12,9,13,9,12,9,11,9,11,8,10,10,10,10,9,10,9,11,8,11,9,12,9,12,8,11,9,13,7,14,9,14,8,0,0,14,8,15,9,15,9,15,9,15,9,15,10,15,10,14,10,15,10,14,10,16,10,14,10,14,11,14,11,13,11,14,11,14,11,13,11,13,11,12,11,12,12,11,11,11,11,12,11,10,12,10,12,0,0]"
CSI_DATA: 1054,3,209,209,242,208,254,0,-20,-33,98905.930,98907.134,11.829,99077.405,189.235,13.405,"[0,-15,0,-15,-1,-15,0,-16,0,-16,0,-16,0,-16,0,-15,0,-16,-1,-16,-1,-17,-2,-17,-1,-17,-2,-17,-1,-17,-2,-17,-2,-16,-2,-16,-2,-17,-2,-17,-1,-17,-2,-17,-2,-17,-4,-17,-3,-18,-4,-18,0,0,-5,-18,-4,-19,-5,-19,-5,-18,-5,-18,-5,-19,-5,-20,-5,-19,-5,-20,-6,-19,-7,-21,-6,-20,-6,-20,-6,-21,-6,-21,-6,-22,-6,-22,-5,-22,-4,-22,-4,-22,-3,-23,-2,-23,-2,-23,-4,-23,-1,-23,-1,-23,0,0,-15,-10,-15,-10,-15,-9,-16,-11,-15,-11,-15,-11,-15,-11,-14,-11,-14,-11,-14,-11,-14,-12,-14,-12,-14,-12,-13,-11,-12,-12,-14,-11,-13,-10,-12,-10,-12,-10,-12,-10,-12,-10,-12,-9,-11,-10,-13,-8,-13,-9,-13,-9,0,0,-13,-7,-13,-8,-14,-8,-13,-7,-13,-8,-13,-7,-13,-8,-13,-7,-13,-7,-13,-7,-14,-7,-13,-8,-12,-7,-12,-7,-13,-7,-13,-7,-12,-7,-12,-7,-12,-7,-11,-6,-11,-6,-11,-6,-11,-6,-11,-5,-11,-6,-11,-5,0,0]"
CSI_DATA: 1055,5,236,236,242,235,254,0,-33,-21,98906.14,98907.217,102.421,99167.732,279.562,103.732,"[-12,-20,-12,-21,-12,-19,-12,-22,-11,-20,-11,-20,-10,-19,-9,-18,-10,-19,-10,-18,-11,-19,-11,-18,-11,-18,-11,-17,-10,-18,-11,-17,-10,-16,-9,-15,-10,-16,-9,-16,-8,-16,-9,-15,-7,-14,-9,-14,-9,-15,-9,-14,0,0,-8,-13,-8,-13,-8,-13,-7,-11,-7,-12,-6,-12,-6,-11,-5,-11,-5,-10,-5,-9,-6,-9,-5,-9,-4,-8,-4,-8,-3,-7,-3,-7,-3,-6,-2,-6,-2,-5,-1,-5,-1,-4,0,-3,0,-2,0,-2,0,-1,0,0,0,0,-2,-16,-2,-16,-3,-16,-2,-17,-2,-16,-2,-16,-3,-16,-3,-16,-2,-16,-3,-15,-3,-17,-4,-17,-4,-17,-4,-16,-4,-17,-5,-17,-5,-16,-5,-16,-5,-16,-5,-16,-5,-17,-5,-17,-4,-17,-6,-16,-6,-18,-7,-18,0,0,-7,-18,-6,-18,-7,-18,-7,-17,-7,-18,-7,-18,-7,-18,-6,-18,-7,-19,-6,-18,-7,-19,-6,-19,-7,-19,-7,-19,-6,-19,-7,-20,-7,-20,-7,-20,-6,-20,-5,-20,-5,-21,-5,-21,-4,-21,-4,-21,-2,-22,-2,-22,0,0]"
CSI_DATA: 1056,6,221,221,227,220,254,0,-34,-16,98909.194,98910.397,157.771,99230.14,341.844,166.14,"[-7,-1,-6,-1,-6,0,-6,0,-5,0,-4,0,-4,1,-3,1,-3,2,-2,2,-2,3,-1,3,-1,4,-1,4,-1,5,0,5,0,5,0,6,1,7,1,7,1,8,1,8,1,8,2,9,3,10,3,10,0,0,3,10,4,11,4,12,4,11,4,12,4,13,4,13,4,14,4,13,5,14,5,14,4,15,4,15,5,15,4,15,5,16,4,17,4,17,3,16,2,16,2,17,2,16,2,17,2,17,2,16,1,15,0,0,3,14,3,14,4,14,3,15,3,15,3,15,4,15,4,15,4,16,4,15,5,17,5,16,5,16,6,15,5,16,7,16,8,14,8,15,8,15,8,15,8,16,10,16,9,16,11,15,11,16,13,16,0,0,13,16,13,16,14,16,14,16,14,16,14,17,15,17,15,17,15,17,16,17,17,18,15,18,15,18,16,18,16,19,17,19,17,19,16,20,16,20,15,20,15,22,14,21,14,22,14,22,12,24,12,23,0,0]"
CSI_DATA: 1057,7,214,214,217,214,254,0,-23,-19,98824.226,98825.430,202.21,99287.732,399.562,223.732,"[1,15,2,15,2,15,1,16,2,15,1,15,1,14,2,14,1,14,2,13,2,15,3,14,2,14,3,14,2,14,3,14,3,13,2,12,3,13,3,13,2,13,3,12,3,12,5,12,5,13,5,12,0,0,5,12,6,12,6,13,6,11,6,12,7,13,7,13,7,13,7,13,8,12,9,13,8,13,8,14,9,14,8,14,9,15,10,15,9,16,9,17,8,16,8,18,6,18,7,19,8,20,6,20,5,20,0,0,-4,17,-4,17,-3,17,-4,18,-4,17,-5,17,-4,17,-4,16,-5,17,-4,16,-4,17,-4,16,-4,15,-3,15,-3,14,-2,15,-1,14,-1,14,0,15,-1,15,-1,15,0,15,-1,15,1,15,1,16,2,17,0,0,2,16,2,17,2,17,3,16,2,17,2,17,2,17,2,17,2,17,2,17,2,18,1,17,2,17,2,17,1,18,2,18,1,18,1,18,0,18,0,18,-1,18,-1,17,-2,17,-1,17,-3,17,-3,17,0,0]"
CSI_DATA: 1058,3,210,210,243,209,255,0,-20,-34,99295.328,99297.133,11.943,99467.375,179.643,13.376,"[-14,1,-14,1,-14,3,-15,2,-14,2,-14,2,-14,2,-13,2,-14,2,-13,3,-14,3,-14,4,-14,4,-14,4,-14,4,-14,5,-13,4,-13,5,-13,6,-13,5,-14,5,-13,6,-13,5,-13,7,-14,7,-14,8,0,0,-13,8,-14,8,-14,9,-13,8,-14,9,-15,9,-15,9,-14,9,-15,9,-14,9,-15,11,-15,10,-16,10,-16,10,-16,9,-16,10,-17,10,-16,10,-17,9,-17,9,-18,8,-18,8,-18,8,-19,8,-18,7,-19,6,0,0,8,-5,8,-5,8,-5,9,-5,9,-5,9,-5,9,-5,9,-5,10,-5,9,-5,10,-5,10,-5,10,-5,10,-5,10,-5,10,-6,10,-6,10,-5,10,-6,10,-5,10,-5,10,-5,10,-5,10,-6,11,-6,11,-7,0,0,10,-6,10,-6,11,-7,10,-6,11,-6,11,-6,11,-5,10,-5,10,-5,10,-5,11,-5,10,-4,9,-4,9,-4,9,-4,9,-4,8,-4,8,-3,7,-4,7,-3,7,-3,5,-3,6,-4,5,-4,5,-4,5,-4,0,0]"
CSI_DATA: 1059,4,220,220,245,219,255,0,-23,-39,99292.392,99294.198,57.722,99519.807,232.75,65.808,"[12,-3,12,-3,12,-5,13,-4,13,-4,12,-4,12,-4,12,-4,12,-4,12,-5,13,-5,13,-6,13,-6,13,-6,13,-5,12,-7,12,-6,12,-6,12,-7,12,-6,13,-6,12,-7,12,-6,11,-8,13,-8,12,-9,0,0,12,-9,13,-9,13,-9,12,-9,13,-9,13,-9,13,-9,13,-9,13,-9,13,-10,14,-10,14,-9,14,-9,14,-9,14,-9,14,-9,14,-9,14,-9,14,-8,14,-8,15,-7,15,-6,15,-6,15,-6,15,-5,15,-5,0,0,-2,0,-3,0,-3,0,-4,-1,-4,0,-5,-1,-5,-1,-5,-1,-6,-1,-6,-1,-7,-1,-7,-1,-8,-1,-8,-1,-9,-2,-10,-1,-9,-1,-10,-1,-10,-1,-11,-1,-11,-1,-11,-1,-11,-1,-12,0,-13,-1,-13,0,0,0,-14,1,-13,1,-14,1,-14,2,-14,2,-14,2,-15,2,-14,2,-15,3,-14,3,-15,3,-15,3,-15,3,-15,4,-15,4,-16,4,-16,4,-16,4,-16,4,-16,4,-16,3,-16,3,-17,2,-17,3,-17,2,-17,1,0,0]"
CSI_DATA: 1060,5,237,237,243,236,255,0,-29,-22,99295.411,99297.217,102.426,99585.88,297.356,131.89,"[-14,-17,-14,-17,-14,-16,-14,-17,-14,-17,-13,-16,-13,-16,-13,-15,-12,-15,-12,-15,-13,-16,-13,-15,-12,-15,-12,-15,-12,-15,-13,-14,-12,-14,-12,-13,-12,-13,-11,-14,-11,-14,-11,-13,-11,-13,-12,-13,-12,-14,-12,-13,0,0,-12,-13,-11,-13,-12,-13,-11,-12,-11,-12,-11,-13,-11,-13,-11,-12,-11,-12,-10,-12,-11,-12,-9,-12,-9,-13,-9,-12,-9,-11,-9,-12,-9,-12,-8,-11,-8,-11,-8,-10,-7,-10,-7,-10,-7,-10,-7,-10,-7,-10,-7,-9,0,0,-15,-1,-15,-1,-15,0,-17,-1,-16,0,-16,0,-16,0,-16,0,-16,1,-16,0,-17,1,-16,2,-17,2,-17,2,-17,1,-17,3,-17,3,-17,3,-17,4,-18,3,-18,2,-18,3,-17,3,-18,5,-19,4,-19,5,0,0,-19,5,-19,5,-19,6,-19,6,-19,5,-20,5,-19,5,-19,5,-19,6,-19,5,-20,7,-20,5,-20,5,-20,5,-20,6,-21,6,-21,6,-21,6,-21,5,-21,5,-22,4,-21,3,-22,2,-23,3,-22,2,-23,1,0,0]"
CSI_DATA: 1061,6,222,222,228,221,255,0,-34,-19,99298.592,99300.397,157.759,99657.638,369.906,203.639,"[4,-3,3,-4,3,-4,2,-5,2,-5,2,-6,1,-6,0,-6,0,-7,0,-7,0,-8,0,-9,-1,-9,-1,-10,-1,-10,-2,-10,-2,-11,-2,-11,-3,-11,-3,-11,-3,-12,-4,-12,-3,-13,-4,-13,-4,-14,-5,-14,0,0,-5,-15,-5,-16,-5,-16,-5,-16,-5,-17,-6,-18,-6,-18,-5,-18,-6,-19,-6,-19,-6,-20,-5,-20,-4,-20,-5,-20,-5,-20,-6,-21,-5,-21,-4,-20,-4,-20,-3,-20,-3,-21,-2,-20,-2,-20,-3,-21,-1,-21,-1,-20,0,0,11,11,12,12,12,10,13,13,11,12,12,12,12,12,12,12,12,12,11,11,13,12,13,11,13,12,12,11,12,12,13,10,13,10,13,9,14,10,14,10,14,10,14,10,13,9,15,8,16,10,17,9,0,0,17,9,16,9,18,9,17,8,18,10,18,10,18,10,18,10,18,10,18,9,20,9,18,10,18,10,19,11,18,10,19,11,18,11,19,11,18,12,17,12,18,13,16,13,16,13,17,13,16,14,15,15,0,0]"
CSI_DATA: 1062,7,215,215,218,215,255,0,-24,-20,99213.625,99215.430,202.16,99723.835,436.103,269.836,"[15,-5,14,-5,14,-6,15,-5,15,-5,14,-5,14,-5,14,-5,14,-5,13,-6,14,-6,14,-6,14,-6,13,-6,14,-6,13,-7,12,-7,12,-6,12,-7,12,-6,12,-6,12,-7,12,-7,11,-8,12,-8,12,-9,0,0,11,-9,11,-10,11,-10,11,-10,11,-10,11,-11,12,-11,11,-11,12,-12,12,-12,12,-13,12,-12,12,-13,12,-13,13,-13,13,-14,13,-14,14,-13,14,-14,15,-13,16,-13,17,-13,17,-13,17,-14,19,-12,19,-12,0,0,3,17,3,17,4,16,3,18,3,17,3,17,2,17,2,16,2,17,3,15,2,17,3,16,4,15,4,14,4,14,6,15,6,14,6,14,7,14,7,15,6,15,7,15,6,16,9,15,8,16,9,17,0,0,9,16,9,17,9,17,9,17,8,17,8,17,8,17,7,17,8,17,8,17,8,17,7,16,7,16,7,17,7,17,7,17,7,17,7,17,6,17,6,16,5,17,5,16,4,16,5,16,4,16,4,16,0,0]"
CSI_DATA: 1063,3,211,211,244,210,256,0,-22,-33,99685.502,99687.231,12.73,99858.624,134.789,14.626,"[8,-12,7,-12,6,-13,8,-14,7,-13,8,-13,7,-13,7,-12,7,-13,6,-13,7,-14,6,-14,6,-15,6,-14,7,-14,5,-15,5,-15,5,-14,4,-15,5,-15,5,-15,5,-16,5,-15,3,-16,4,-17,3,-18,0,0,3,-18,3,-18,2,-19,2,-18,3,-18,3,-19,3,-19,3,-19,3,-19,2,-19,2,-21,3,-20,3,-20,3,-21,3,-20,3,-21,3,-21,4,-21,4,-21,5,-20,6,-20,7,-20,7,-20,6,-21,7,-20,8,-20,0,0,6,5,6,5,6,5,7,6,6,6,6,7,5,7,5,7,5,7,5,7,6,8,5,7,6,7,5,7,5,8,6,8,6,7,5,7,6,8,5,8,5,8,5,8,5,8,7,8,6,8,7,8,0,0,7,9,6,9,7,9,7,8,7,9,7,9,7,9,6,9,6,9,7,8,7,9,6,9,6,8,7,9,6,8,7,9,7,8,7,8,6,8,6,8,7,9,7,8,6,8,8,8,7,9,7,9,0,0]"
CSI_DATA: 1064,4,221,221,246,220,256,0,-22,-41,99682.567,99684.297,57.858,99903.194,179.359,59.196,"[14,-2,14,-2,14,-3,15,-3,14,-3,14,-3,13,-3,13,-3,14,-3,13,-4,14,-4,14,-5,14,-5,13,-5,14,-4,14,-6,12,-5,13,-5,13,-6,13,-5,13,-5,13,-6,13,-6,12,-7,14,-7,13,-8,0,0,13,-8,13,-8,13,-9,13,-9,13,-8,14,-8,14,-8,14,-8,14,-9,13,-9,14,-10,14,-9,14,-9,15,-9,14,-9,15,-10,15,-9,15,-9,16,-8,16,-7,16,-7,16,-6,16,-6,16,-7,16,-5,17,-5,0,0,1,-2,2,-1,2,-1,2,-1,2,0,2,0,2,0,3,1,3,1,3,1,4,2,4,2,4,2,4,2,4,2,5,2,5,2,5,2,6,2,6,3,6,3,6,3,6,3,7,2,7,3,8,3,0,0,8,2,8,2,9,3,8,2,9,2,9,3,9,2,10,2,10,2,9,1,10,2,10,2,10,2,10,2,10,2,10,2,10,1,11,2,11,2,11,2,11,2,10,2,12,3,11,2,11,3,10,4,0,0]"
CSI_DATA: 1065,6,223,223,229,222,256,0,-29,-18,99688.767,99690.496,157.897,100003.199,279.364,159.201,"[4,-8,4,-9,3,-9,4,-10,3,-10,4,-10,3,-11,3,-11,3,-11,3,-11,3,-13,2,-13,3,-13,2,-13,3,-14,2,-14,1,-14,1,-14,1,-15,2,-15,2,-15,1,-15,2,-15,0,-16,1,-17,0,-17,0,0,0,-17,0,-18,-1,-19,-1,-18,0,-19,0,-19,1,-19,1,-19,0,-19,0,-19,-1,-21,1,-20,0,-20,0,-20,0,-20,0,-20,0,-21,1,-20,1,-21,2,-20,3,-20,3,-20,3,-20,2,-21,4,-20,3,-19,0,0,13,0,14,0,14,-1,16,0,14,0,15,0,15,0,15,-1,16,0,15,-1,16,-1,16,-2,16,-2,16,-2,16,-1,16,-3,16,-4,15,-3,16,-4,17,-4,17,-3,17,-4,16,-4,17,-7,18,-6,18,-8,0,0,18,-7,19,-7,19,-8,18,-8,20,-8,20,-8,20,-7,20,-8,20,-8,20,-9,22,-10,21,-9,21,-8,22,-8,22,-8,24,-9,22,-8,24,-8,24,-7,23,-6,24,-6,24,-5,24,-5,24,-5,25,-4,25,-3,0,0]"
CSI_DATA: 1066,7,216,216,219,216,256,0,-29,-18,99603.801,99605.530,202.43,100056.596,332.761,212.598,"[-4,-13,-4,-13,-4,-12,-4,-13,-4,-12,-3,-12,-3,-12,-3,-11,-3,-11,-3,-11,-4,-12,-4,-11,-4,-11,-4,-11,-3,-11,-4,-10,-4,-10,-4,-9,-4,-9,-4,-9,-4,-9,-4,-9,-4,-9,-5,-8,-5,-9,-6,-8,0,0,-6,-8,-7,-8,-7,-9,-7,-8,-7,-8,-8,-8,-8,-9,-8,-8,-9,-8,-8,-8,-10,-8,-9,-9,-10,-9,-11,-10,-10,-9,-11,-10,-11,-10,-11,-11,-11,-11,-10,-12,-10,-13,-10,-14,-10,-14,-11,-15,-9,-15,-10,-16,0,0,-12,13,-13,13,-11,13,-14,14,-13,13,-13,13,-13,12,-13,12,-13,12,-12,11,-13,12,-12,12,-12,11,-11,10,-11,10,-9,11,-8,11,-8,11,-8,12,-9,12,-9,12,-8,13,-8,12,-7,14,-8,14,-7,15,0,0,-7,15,-7,15,-7,15,-7,15,-8,16,-8,15,-8,15,-8,15,-8,15,-7,15,-8,16,-8,14,-8,14,-9,15,-8,15,-9,16,-8,14,-9,15,-10,14,-10,13,-11,13,-10,13,-10,12,-10,13,-11,12,-11,11,0,0]"
CSI_DATA: 1067,3,212,212,245,211,257,0,-22,-31,100075.336,100077.142,11.865,100247.282,190.686,13.282,"[6,-13,6,-13,5,-14,6,-15,6,-15,5,-15,6,-15,5,-14,5,-15,5,-15,6,-16,5,-16,5,-17,5,-17,5,-16,3,-17,3,-17,3,-17,3,-17,3,-18,4,-18,3,-18,3,-18,2,-19,3,-19,1,-19,0,0,1,-19,1,-20,1,-21,0,-20,1,-21,1,-21,1,-21,1,-21,0,-21,0,-21,0,-23,1,-22,1,-22,1,-23,1,-23,1,-24,1,-24,1,-24,2,-24,2,-23,3,-24,4,-23,4,-24,4,-24,6,-23,6,-23,0,0,7,10,7,9,7,9,7,10,7,10,6,10,6,10,6,10,6,10,6,9,6,10,7,10,7,10,7,9,6,10,8,9,8,9,7,9,8,9,8,10,8,11,8,10,8,10,9,9,9,11,10,11,0,0,10,11,10,11,10,11,10,11,10,11,9,12,9,12,9,12,9,12,9,12,10,12,8,11,8,12,8,11,8,11,8,11,8,11,7,11,7,10,6,10,6,10,6,9,6,9,7,9,6,9,6,8,0,0]"
CSI_DATA: 1068,4,222,222,247,221,257,0,-21,-40,100072.402,100074.209,57.738,100296.86,239.490,62.86,"[-5,13,-5,13,-4,13,-5,14,-5,14,-4,14,-4,14,-4,13,-4,14,-3,14,-4,15,-3,15,-3,15,-3,15,-3,15,-2,15,-2,14,-2,14,-1,15,-2,15,-2,15,-1,15,-1,15,0,15,-1,16,1,17,0,0,1,16,1,17,1,17,2,16,1,17,1,18,1,18,1,18,1,18,1,17,2,19,0,18,0,18,1,19,1,19,1,19,0,19,0,20,0,19,-1,19,-2,19,-3,19,-3,19,-3,19,-4,18,-4,18,0,0,-3,0,-3,0,-2,0,-2,-1,-1,-1,-1,-1,-1,-2,0,-2,0,-2,1,-2,1,-3,1,-4,2,-4,3,-5,3,-5,3,-6,3,-7,4,-6,4,-7,4,-7,6,-7,5,-8,6,-8,5,-9,6,-10,6,-11,0,0,6,-12,6,-12,6,-13,6,-13,6,-13,6,-14,6,-15,7,-14,6,-16,6,-16,6,-17,7,-16,7,-17,7,-17,6,-18,6,-18,6,-19,6,-19,6,-19,7,-19,7,-20,7,-19,8,-20,8,-20,10,-20,10,-20,0,0]"
CSI_DATA: 1069,5,238,238,245,237,257,0,-25,-26,100075.421,100077.227,102.237,100357.561,300.965,123.561,"[6,-18,5,-18,4,-18,6,-19,5,-17,5,-18,5,-18,5,-17,5,-17,5,-17,5,-18,5,-18,5,-18,4,-17,5,-17,4,-18,3,-17,4,-17,3,-18,4,-18,4,-17,3,-17,5,-16,3,-17,4,-18,3,-18,0,0,3,-18,3,-18,2,-18,3,-17,3,-18,3,-18,3,-18,3,-17,3,-17,4,-17,3,-18,4,-17,4,-17,4,-17,4,-16,4,-17,4,-17,4,-16,4,-16,4,-15,5,-16,5,-15,5,-15,4,-15,6,-14,6,-15,0,0,-2,-14,-3,-14,-3,-14,-3,-15,-3,-15,-3,-15,-3,-15,-3,-15,-4,-15,-4,-15,-5,-16,-5,-16,-5,-16,-5,-15,-5,-16,-7,-16,-7,-15,-6,-16,-7,-16,-6,-17,-5,-17,-7,-18,-5,-17,-7,-17,-7,-18,-8,-18,0,0,-8,-18,-8,-18,-8,-18,-8,-18,-7,-17,-7,-18,-7,-18,-7,-18,-8,-18,-7,-18,-9,-19,-7,-18,-7,-18,-7,-18,-8,-18,-8,-19,-8,-18,-8,-18,-7,-18,-7,-19,-6,-19,-6,-18,-6,-19,-6,-19,-5,-19,-5,-20,0,0]"
CSI_DATA: 1070,6,224,224,230,223,257,0,-31,-15,100078.602,100080.409,157.678,100427.254,370.658,193.254,"[-5,7,-5,7,-4,8,-5,9,-4,8,-4,9,-4,9,-3,9,-4,9,-3,10,-4,11,-3,10,-3,11,-3,10,-3,11,-2,11,-2,10,-2,10,-1,11,-2,11,-2,12,-1,12,-1,12,0,12,-1,13,0,13,0,0,0,14,0,14,0,15,0,14,0,15,0,16,0,16,0,16,0,15,0,15,0,17,-1,16,-1,16,-1,16,-1,16,0,17,-1,18,-1,17,-1,17,-2,16,-2,17,-3,17,-3,17,-3,18,-4,17,-4,17,0,0,14,0,15,-1,14,-1,16,0,15,-1,16,-1,16,-1,15,-1,16,-1,15,-1,17,-2,17,-2,17,-2,16,-3,17,-2,17,-4,16,-4,15,-4,16,-5,17,-4,17,-4,17,-5,16,-5,16,-8,18,-7,18,-8,0,0,18,-8,18,-8,18,-9,18,-9,19,-9,19,-9,20,-9,19,-9,20,-10,20,-10,20,-11,20,-10,20,-10,21,-10,21,-10,22,-11,21,-10,22,-10,22,-9,22,-8,23,-8,22,-7,23,-7,23,-8,24,-6,24,-5,0,0]"
CSI_DATA: 1071,3,213,213,246,212,258,0,-22,-23,100465.306,100467.108,11.918,100637.342,210.88,13.343,"[-11,-8,-11,-8,-11,-6,-12,-8,-12,-6,-12,-7,-12,-7,-11,-6,-12,-6,-11,-6,-13,-6,-13,-6,-13,-5,-13,-5,-13,-6,-14,-4,-13,-4,-13,-4,-14,-4,-14,-4,-14,-4,-14,-3,-14,-4,-15,-2,-16,-3,-16,-2,0,0,-16,-2,-16,-2,-18,-2,-16,-1,-18,-2,-18,-2,-18,-2,-18,-2,-18,-2,-18,-2,-19,-2,-19,-2,-19,-2,-20,-2,-19,-3,-20,-3,-20,-2,-20,-3,-20,-4,-19,-4,-20,-5,-20,-6,-20,-6,-20,-6,-19,-7,-19,-7,0,0,19,1,19,0,19,-1,20,0,19,0,19,1,19,0,19,1,19,1,19,0,20,0,20,0,20,-1,19,-1,20,0,21,-2,19,-2,19,-1,20,-2,21,-2,21,-1,21,-2,20,-1,21,-3,22,-2,22,-3,0,0,22,-3,22,-3,22,-4,22,-4,22,-2,23,-3,23,-2,22,-2,22,-2,23,-3,23,-3,22,-1,22,-2,22,-1,22,-1,22,-1,22,-1,22,-1,21,0,21,0,21,1,20,1,20,1,20,0,20,3,19,2,0,0]"
CSI_DATA: 1072,4,223,223,248,222,258,0,-25,-44,100462.374,100464.175,57.833,100694.52,266.798,70.53,"[-11,6,-11,6,-10,7,-12,7,-11,7,-11,7,-11,7,-11,7,-11,7,-11,7,-11,8,-11,8,-11,8,-11,8,-11,8,-10,8,-9,8,-10,8,-10,9,-10,8,-10,8,-10,9,-9,8,-9,9,-10,10,-9,10,0,0,-9,11,-9,10,-10,11,-8,11,-10,11,-10,11,-10,11,-9,11,-9,11,-9,11,-10,12,-10,11,-10,11,-11,11,-10,11,-10,12,-11,11,-11,11,-11,10,-11,10,-12,10,-12,9,-13,9,-12,9,-13,8,-13,7,0,0,17,9,17,8,17,7,18,8,17,7,17,7,17,6,16,6,16,5,16,4,18,3,17,3,17,2,16,2,17,2,18,1,16,1,16,1,16,1,16,1,15,1,15,1,14,1,13,-1,13,0,13,0,0,0,11,1,11,1,10,1,9,1,8,2,8,2,6,3,5,4,5,4,3,4,2,6,1,5,0,6,-2,6,-2,6,-3,7,-4,7,-5,8,-6,9,-6,9,-8,10,-8,9,-8,10,-9,11,-11,11,-11,12,0,0]"
CSI_DATA: 1073,5,239,239,246,238,258,0,-26,-34,100465.392,100467.193,102.436,100755.269,328.15,131.270,"[-14,9,-15,10,-13,11,-15,11,-14,10,-15,10,-15,10,-14,9,-14,9,-13,9,-14,10,-14,10,-14,10,-14,10,-14,10,-13,11,-13,10,-13,10,-13,11,-13,10,-13,10,-13,10,-13,9,-12,11,-13,11,-12,11,0,0,-12,11,-13,11,-12,11,-12,11,-13,11,-13,11,-13,10,-12,10,-12,10,-12,10,-12,11,-12,9,-12,9,-12,9,-12,9,-12,9,-12,9,-12,8,-12,7,-12,7,-12,7,-11,6,-11,6,-11,7,-12,5,-11,6,0,0,-10,-1,-11,-1,-11,-1,-12,-1,-11,-1,-12,-1,-12,-1,-12,0,-12,0,-12,0,-14,0,-14,1,-14,1,-14,1,-15,1,-15,2,-15,2,-15,1,-16,2,-17,1,-17,0,-17,1,-17,0,-17,2,-18,1,-19,2,0,0,-19,2,-19,1,-20,1,-19,2,-19,1,-20,1,-20,0,-19,0,-19,0,-19,0,-20,1,-18,0,-19,0,-19,1,-19,0,-20,1,-19,1,-20,1,-20,1,-19,0,-20,0,-19,0,-19,0,-21,1,-20,-1,-21,-1,0,0]"
CSI_DATA: 1074,6,225,225,231,224,258,0,-33,-18,100468.574,100470.375,157.768,100823.906,396.652,199.907,"[-5,-5,-5,-5,-5,-4,-6,-5,-6,-3,-7,-3,-7,-3,-7,-3,-8,-2,-8,-2,-9,-2,-9,-2,-9,-2,-9,-2,-10,-2,-10,-1,-10,-1,-10,-1,-11,0,-11,0,-11,-1,-11,0,-11,0,-12,1,-12,1,-13,1,0,0,-13,1,-13,1,-15,2,-14,2,-15,2,-15,2,-15,1,-15,2,-16,2,-16,2,-17,2,-17,1,-17,1,-18,1,-16,1,-18,1,-17,1,-18,0,-17,-1,-17,-1,-17,-2,-17,-2,-17,-2,-17,-2,-17,-3,-17,-3,0,0,5,13,6,14,7,13,6,15,6,14,7,14,7,14,7,14,7,14,7,14,8,15,9,14,9,14,9,14,9,14,10,13,11,13,10,12,11,13,11,13,11,14,12,13,12,13,14,12,14,13,16,12,0,0,16,12,16,12,17,13,16,12,18,13,18,13,18,13,18,13,18,13,19,12,21,13,19,13,19,13,20,14,19,14,20,15,20,15,20,16,20,16,19,17,18,18,17,17,17,18,18,18,17,19,17,19,0,0]"
CSI_DATA: 1075,7,217,217,220,217,258,0,-27,-19,100383.608,100385.409,202.128,100888.922,461.668,264.923,"[10,-3,10,-3,10,-4,10,-4,10,-4,10,-4,9,-4,9,-4,9,-5,9,-5,10,-6,10,-6,10,-6,10,-5,10,-5,10,-6,9,-5,8,-5,8,-5,8,-5,8,-5,8,-5,8,-5,7,-6,7,-6,7,-7,0,0,7,-8,6,-8,6,-8,6,-9,6,-8,6,-9,6,-9,6,-10,6,-10,6,-10,5,-12,6,-11,6,-12,6,-13,7,-12,7,-13,7,-14,8,-14,8,-14,9,-14,10,-14,10,-14,11,-14,11,-15,13,-14,13,-14,0,0,-13,13,-12,14,-12,14,-13,14,-13,14,-13,15,-13,15,-12,14,-13,14,-12,14,-13,15,-12,15,-12,14,-11,13,-11,13,-10,14,-9,14,-9,13,-8,14,-8,15,-8,15,-7,15,-8,15,-6,16,-7,17,-6,18,0,0,-5,18,-6,18,-6,19,-5,18,-6,19,-6,19,-7,19,-6,19,-6,19,-6,19,-7,21,-7,18,-8,18,-8,19,-8,19,-8,19,-8,18,-8,18,-9,18,-9,17,-10,16,-9,15,-10,15,-9,15,-10,14,-10,14,0,0]"
CSI_DATA: 1076,3,214,214,247,213,259,0,-21,-21,100855.313,100857.178,12.15,101027.352,138.430,13.353,"[1,-7,1,-7,1,-7,1,-7,1,-7,1,-7,1,-7,1,-7,0,-7,0,-7,0,-7,0,-7,0,-7,-1,-7,0,-7,-1,-7,-1,-7,-1,-7,-1,-7,-1,-7,-1,-7,-2,-7,-1,-7,-2,-7,-2,-8,-2,-8,0,0,-3,-8,-3,-8,-3,-8,-3,-8,-3,-8,-3,-9,-3,-9,-3,-9,-3,-9,-3,-9,-4,-9,-3,-9,-3,-9,-3,-9,-3,-10,-4,-10,-4,-10,-3,-10,-3,-10,-2,-10,-2,-11,-2,-10,-2,-11,-2,-11,-2,-11,-1,-11,0,0,1,-20,1,-20,0,-19,2,-21,1,-19,2,-20,2,-19,2,-19,3,-19,1,-18,1,-20,0,-19,1,-19,0,-19,2,-19,0,-19,0,-18,0,-18,0,-18,0,-18,1,-18,0,-18,0,-18,-2,-18,-2,-19,-2,-20,0,0,-2,-19,-2,-19,-3,-20,-3,-19,-2,-19,-2,-20,-2,-20,-2,-19,-3,-20,-3,-19,-4,-21,-3,-20,-3,-19,-3,-20,-3,-20,-3,-21,-3,-20,-2,-21,-2,-21,-1,-20,-1,-21,0,-20,0,-21,-1,-21,1,-21,1,-21,0,0]"
CSI_DATA: 1077,5,240,240,247,239,259,0,-26,-27,100855.399,100857.264,102.450,101117.815,228.893,103.816,"[7,17,7,16,8,16,8,18,7,17,7,16,7,16,7,15,6,16,7,15,8,16,8,16,8,15,8,15,7,15,9,15,8,13,8,14,9,14,9,14,9,14,9,14,8,14,10,13,10,14,10,13,0,0,11,13,11,13,11,13,12,13,11,14,12,14,12,14,12,14,12,14,12,14,13,14,11,15,11,14,11,15,11,15,11,14,11,16,10,15,10,15,9,15,9,16,9,16,9,17,9,17,7,17,7,17,0,0,15,4,15,4,15,4,16,5,16,5,15,5,15,5,14,5,15,5,14,4,16,5,16,4,16,4,16,4,15,5,17,4,16,3,16,4,16,3,16,4,16,5,16,5,16,5,16,3,17,4,18,3,0,0,17,3,17,4,17,4,17,3,16,4,16,4,16,5,15,5,16,4,15,4,17,4,15,4,16,3,15,4,15,4,16,3,16,3,16,3,15,4,15,4,15,4,14,5,15,4,16,4,15,5,15,6,0,0]"
CSI_DATA: 1078,7,218,218,221,218,259,0,-28,-21,100773.616,100775.481,202.34,101217.491,328.569,203.492,"[-11,-1,-11,-1,-11,-1,-12,-1,-11,-1,-11,-1,-11,0,-11,0,-11,0,-10,0,-12,0,-12,0,-12,0,-11,0,-11,0,-11,1,-10,0,-10,0,-10,1,-10,1,-10,1,-10,1,-10,1,-10,2,-10,2,-10,3,0,0,-9,4,-10,4,-10,4,-10,4,-10,4,-10,5,-10,5,-10,5,-10,6,-10,6,-11,7,-11,6,-11,6,-11,7,-11,7,-12,8,-12,8,-13,8,-13,8,-14,7,-15,7,-15,7,-16,7,-16,7,-17,6,-18,6,0,0,16,8,17,8,17,7,18,9,17,9,17,9,17,9,17,9,16,10,16,9,17,9,16,9,15,8,14,8,14,8,15,6,14,5,13,5,15,4,15,4,15,5,15,4,15,4,16,2,17,3,17,2,0,0,17,2,17,2,18,2,17,2,18,3,18,3,18,3,17,3,18,4,17,3,18,3,17,3,17,4,17,4,16,4,17,4,16,4,15,5,15,5,14,5,14,6,13,6,12,6,13,5,12,6,11,6,0,0]"
CSI_DATA: 1079,4,224,224,250,223,260,0,-22,-44,101242.357,101244.187,57.754,101463.279,245.788,59.282,"[-14,3,-14,3,-13,4,-15,4,-14,4,-15,4,-14,4,-14,4,-14,4,-13,5,-15,5,-14,6,-14,6,-14,6,-14,5,-14,6,-13,6,-13,6,-13,7,-13,7,-13,6,-13,7,-13,6,-12,8,-13,8,-13,9,0,0,-12,9,-13,9,-13,10,-12,10,-13,10,-13,10,-13,10,-13,10,-13,10,-13,10,-13,12,-13,10,-14,10,-14,11,-13,10,-14,11,-14,11,-15,10,-15,10,-14,9,-15,8,-15,7,-16,7,-16,8,-16,6,-16,6,0,0,1,-2,1,-2,1,-3,0,-4,0,-4,-1,-4,-1,-4,-2,-4,-2,-5,-3,-5,-4,-6,-4,-6,-5,-6,-6,-6,-6,-7,-7,-7,-8,-7,-8,-8,-9,-7,-9,-9,-9,-9,-9,-8,-9,-9,-11,-8,-11,-9,-12,-8,0,0,-13,-7,-12,-8,-13,-7,-13,-7,-13,-7,-14,-7,-13,-8,-13,-7,-14,-7,-14,-7,-14,-7,-13,-7,-13,-7,-13,-7,-14,-7,-14,-8,-13,-7,-13,-8,-13,-8,-12,-9,-12,-9,-11,-9,-11,-9,-12,-9,-10,-11,-10,-11,0,0]"
CSI_DATA: 1080,5,241,241,248,240,260,0,-40,-21,101245.374,101247.205,102.451,101520.937,303.446,116.940,"[-13,-20,-14,-19,-16,-17,-15,-19,-15,-18,-15,-17,-15,-16,-15,-15,-15,-15,-15,-14,-17,-14,-17,-13,-16,-14,-17,-12,-16,-13,-18,-12,-16,-10,-16,-11,-16,-10,-16,-11,-15,-11,-15,-10,-14,-10,-15,-9,-14,-10,-14,-9,0,0,-13,-8,-13,-8,-12,-8,-12,-7,-11,-8,-11,-8,-9,-8,-9,-7,-8,-7,-7,-7,-7,-7,-5,-8,-6,-8,-4,-8,-4,-8,-3,-9,-2,-9,0,-9,1,-9,2,-9,4,-9,5,-9,6,-9,8,-8,9,-8,11,-8,0,0,12,9,12,9,12,8,13,10,12,9,12,9,12,9,11,8,12,9,11,8,13,9,13,8,13,8,13,8,13,9,14,7,13,7,13,7,14,7,14,7,14,8,14,7,13,7,14,5,15,7,15,6,0,0,15,5,15,6,16,6,15,5,15,5,16,6,16,6,15,5,16,5,15,5,17,5,16,5,16,5,17,5,17,5,18,5,17,5,18,5,18,6,17,7,17,7,17,8,17,8,18,8,17,10,17,10,0,0]"
CSI_DATA: 1081,7,219,219,222,219,260,0,-26,-21,101163.592,101165.423,202.38,101607.549,390.58,203.552,"[-13,0,-13,0,-13,1,-13,0,-13,0,-13,0,-13,0,-12,0,-12,0,-11,1,-13,1,-12,2,-12,1,-12,2,-12,1,-12,2,-12,2,-12,2,-11,2,-12,2,-12,1,-11,2,-11,1,-11,3,-11,3,-11,3,0,0,-10,4,-10,4,-10,5,-10,5,-10,5,-10,6,-11,5,-10,6,-10,6,-10,7,-11,8,-11,7,-11,8,-12,8,-12,8,-13,9,-13,10,-14,9,-14,9,-14,8,-15,8,-16,8,-17,8,-17,9,-18,7,-19,7,0,0,-17,-9,-17,-9,-17,-8,-18,-10,-17,-10,-17,-10,-17,-9,-16,-9,-16,-10,-15,-9,-16,-9,-15,-8,-15,-7,-14,-7,-14,-6,-16,-5,-15,-4,-15,-4,-16,-3,-17,-3,-17,-4,-18,-3,-17,-3,-18,-2,-19,-3,-19,-2,0,0,-19,-2,-20,-3,-20,-2,-20,-2,-20,-3,-21,-3,-21,-3,-20,-3,-20,-3,-20,-3,-21,-3,-20,-4,-20,-4,-20,-5,-20,-5,-20,-4,-20,-4,-19,-5,-19,-6,-18,-6,-18,-6,-17,-6,-18,-7,-18,-6,-17,-7,-17,-8,0,0]"
CSI_DATA: 1082,3,215,215,249,214,261,0,-22,-34,101635.306,101637.156,11.861,101807.469,199.920,13.467,"[14,0,15,-1,14,-2,16,-1,15,-1,15,-1,15,-1,15,-1,15,0,15,-1,16,-1,15,-2,16,-1,15,-1,16,-1,15,-2,15,-2,15,-2,15,-2,15,-1,15,-1,15,-2,14,-1,15,-3,16,-2,16,-3,0,0,15,-3,16,-3,16,-3,15,-3,16,-3,16,-3,17,-3,16,-2,16,-3,15,-3,16,-3,16,-3,16,-2,16,-3,15,-2,16,-3,16,-3,16,-3,16,-2,16,-2,16,-1,16,-1,16,-1,16,-1,16,0,16,0,0,0,-3,1,-4,1,-4,0,-5,0,-5,0,-6,0,-6,-1,-7,0,-7,-1,-7,-1,-8,-1,-8,-1,-9,-1,-8,-1,-9,-1,-9,-1,-9,0,-10,0,-10,0,-10,0,-11,0,-11,1,-11,0,-11,2,-12,2,-12,2,0,0,-12,3,-13,2,-13,4,-13,4,-14,4,-14,4,-14,4,-14,4,-14,4,-14,4,-15,6,-15,5,-15,5,-15,5,-15,5,-16,6,-15,6,-15,5,-16,5,-15,4,-16,3,-15,3,-15,3,-16,4,-15,2,-15,2,0,0]"
CSI_DATA: 1083,4,225,225,251,224,261,0,-23,-35,101632.376,101634.226,57.815,101860.685,253.136,66.683,"[-1,-15,-1,-15,-2,-15,-1,-16,-1,-15,-2,-16,-1,-15,-2,-15,-1,-15,-2,-15,-2,-16,-3,-16,-3,-16,-3,-15,-2,-16,-4,-15,-4,-15,-3,-14,-5,-15,-4,-15,-3,-15,-4,-15,-4,-14,-6,-15,-5,-16,-6,-16,0,0,-6,-16,-6,-16,-7,-16,-6,-15,-6,-16,-6,-17,-6,-17,-6,-16,-6,-17,-6,-16,-7,-18,-6,-17,-6,-17,-6,-18,-5,-17,-5,-18,-5,-18,-5,-18,-4,-18,-3,-18,-2,-18,-2,-18,-2,-18,-2,-18,0,-18,0,-18,0,0,-18,5,-18,6,-18,6,-20,6,-18,6,-19,6,-19,6,-19,6,-20,5,-19,6,-20,6,-20,6,-20,7,-19,6,-20,6,-20,7,-18,7,-18,7,-17,7,-17,6,-17,7,-16,8,-16,7,-14,9,-15,9,-15,11,0,0,-14,11,-13,12,-13,13,-12,13,-12,13,-12,15,-13,15,-12,16,-12,17,-11,18,-11,20,-12,20,-11,20,-12,22,-12,22,-12,25,-13,25,-14,26,-15,26,-17,26,-18,27,-19,26,-20,27,-20,28,-23,27,-24,27,0,0]"
CSI_DATA: 1084,5,242,242,249,241,261,0,-37,-21,101635.393,101637.243,102.430,101932.55,324.506,138.53,"[-10,-16,-11,-16,-11,-15,-12,-17,-11,-15,-11,-15,-11,-15,-11,-14,-11,-14,-11,-13,-12,-13,-13,-12,-13,-12,-14,-11,-13,-12,-14,-10,-14,-10,-13,-9,-15,-10,-14,-10,-14,-10,-15,-9,-14,-9,-16,-7,-16,-8,-17,-8,0,0,-16,-7,-17,-8,-17,-8,-16,-7,-16,-8,-17,-8,-17,-8,-17,-7,-16,-8,-16,-7,-17,-8,-16,-8,-17,-8,-17,-9,-15,-9,-16,-10,-16,-10,-14,-10,-13,-11,-12,-12,-11,-12,-11,-13,-10,-12,-10,-13,-8,-13,-7,-13,0,0,-7,-11,-7,-11,-8,-10,-8,-11,-8,-10,-9,-11,-9,-10,-9,-10,-9,-10,-9,-10,-10,-10,-10,-10,-10,-10,-10,-9,-10,-10,-12,-9,-11,-9,-11,-9,-12,-9,-13,-9,-12,-10,-13,-9,-12,-9,-14,-8,-14,-9,-15,-9,0,0,-15,-8,-15,-9,-16,-8,-16,-8,-16,-9,-17,-9,-16,-9,-16,-9,-17,-8,-16,-8,-18,-9,-17,-9,-17,-9,-18,-9,-18,-9,-19,-9,-19,-9,-20,-10,-19,-10,-19,-11,-19,-12,-18,-12,-19,-13,-20,-13,-18,-15,-18,-15,0,0]"
CSI_DATA: 1085,6,227,227,233,226,261,0,-33,-17,101638.577,101640.427,157.868,102009.862,402.313,215.860,"[2,3,2,3,3,3,3,3,3,4,4,4,4,4,5,4,5,4,5,3,6,4,7,4,7,4,7,4,7,5,8,5,8,5,7,5,8,5,8,6,8,6,8,6,8,6,10,5,10,6,10,5,0,0,11,6,11,6,11,6,11,6,12,6,12,7,12,8,11,7,12,7,12,6,13,6,13,7,13,7,14,7,13,6,14,7,14,7,15,6,15,7,14,8,14,9,14,9,15,8,16,8,16,9,16,10,0,0,-3,14,-4,15,-2,14,-4,16,-3,15,-4,16,-4,16,-3,15,-4,15,-3,15,-3,16,-2,16,-2,16,-2,16,-3,16,-1,17,0,16,-1,15,0,17,0,17,0,17,0,17,0,17,3,17,2,19,3,19,0,0,3,18,3,19,4,20,4,19,4,21,4,21,4,21,4,21,4,21,5,21,5,23,4,22,4,22,4,23,4,23,4,24,4,23,4,25,3,25,2,24,1,25,0,24,0,24,1,25,-1,25,-2,25,0,0]"
CSI_DATA: 1086,7,220,220,223,220,261,0,-27,-18,101553.612,101555.462,201.996,102065.665,458.116,271.663,"[-7,8,-7,9,-6,8,-7,9,-6,8,-7,9,-7,8,-6,8,-7,8,-5,8,-6,9,-5,9,-5,10,-5,10,-6,10,-5,10,-5,10,-5,9,-5,10,-6,10,-5,10,-5,10,-5,9,-4,10,-5,11,-5,11,0,0,-4,11,-4,11,-4,12,-3,11,-4,11,-4,12,-4,12,-3,12,-3,12,-3,12,-2,13,-3,13,-3,13,-3,14,-3,13,-3,15,-2,15,-3,16,-4,16,-4,15,-5,16,-5,16,-5,17,-6,18,-7,18,-8,18,0,0,9,13,9,13,10,12,10,14,9,13,9,14,9,14,9,13,8,14,8,13,9,14,9,13,9,12,9,11,8,12,10,11,10,10,10,10,11,10,11,10,11,11,11,10,10,11,12,9,12,11,13,10,0,0,13,10,13,10,14,10,13,10,13,11,13,11,13,11,12,11,13,11,12,11,13,11,12,11,12,11,12,11,12,11,12,12,12,11,12,12,11,11,10,11,10,12,10,11,9,12,10,11,9,12,9,11,0,0]"
CSI_DATA: 1087,3,216,216,250,215,262,0,-24,-28,102025.299,102027.101,11.942,102197.300,131.635,13.301,"[-9,10,-9,10,-8,11,-9,12,-9,11,-9,11,-9,11,-8,11,-9,11,-8,11,-9,12,-9,12,-9,13,-9,13,-9,12,-8,13,-8,13,-8,13,-8,14,-8,13,-9,13,-8,14,-8,13,-7,14,-9,15,-8,15,0,0,-7,15,-8,15,-8,16,-7,15,-8,16,-8,16,-8,16,-8,16,-8,16,-7,15,-8,17,-8,16,-9,16,-8,16,-8,16,-8,17,-8,17,-8,17,-9,16,-8,16,-10,16,-9,15,-11,15,-10,16,-11,15,-11,15,0,0,-12,12,-12,13,-11,13,-13,13,-12,13,-12,13,-12,12,-11,12,-11,12,-10,12,-11,13,-10,13,-10,13,-10,13,-10,13,-9,14,-8,13,-8,13,-8,14,-8,15,-8,14,-7,15,-8,14,-6,15,-7,16,-6,17,0,0,-6,17,-6,17,-6,18,-5,18,-5,18,-5,19,-6,18,-5,18,-5,19,-5,19,-5,20,-5,19,-6,20,-6,20,-6,20,-6,22,-6,21,-6,22,-7,22,-8,21,-9,21,-9,20,-10,21,-10,21,-12,20,-12,20,0,0]"
CSI_DATA: 1088,4,226,226,252,225,262,0,-23,-25,102022.370,102024.171,57.849,102253.641,187.976,69.642,"[-12,-1,-12,0,-12,1,-13,1,-13,1,-13,1,-13,1,-12,1,-12,2,-12,2,-13,2,-13,2,-13,3,-13,3,-13,3,-12,4,-12,4,-12,4,-12,5,-13,5,-13,5,-12,5,-12,4,-12,6,-13,6,-13,7,0,0,-12,8,-13,7,-13,8,-12,8,-13,8,-14,9,-14,9,-13,9,-13,9,-13,8,-14,9,-14,8,-15,8,-15,9,-14,8,-15,9,-15,9,-15,8,-15,8,-15,7,-16,6,-16,6,-16,5,-16,5,-16,3,-16,3,0,0,-14,-10,-15,-10,-14,-8,-15,-10,-14,-9,-15,-10,-15,-9,-14,-9,-15,-9,-14,-9,-15,-9,-15,-9,-15,-8,-15,-8,-14,-9,-16,-7,-15,-7,-14,-7,-15,-7,-15,-7,-15,-7,-15,-6,-15,-6,-15,-5,-16,-6,-16,-5,0,0,-16,-4,-17,-5,-17,-4,-17,-4,-17,-4,-18,-4,-18,-4,-17,-3,-18,-3,-18,-4,-20,-4,-18,-4,-19,-4,-19,-4,-20,-4,-21,-4,-20,-4,-21,-5,-21,-6,-21,-6,-21,-7,-20,-7,-20,-8,-21,-8,-21,-10,-20,-11,0,0]"
CSI_DATA: 1089,5,243,243,250,242,262,0,-36,-19,102025.387,102027.188,102.450,102323.459,257.794,139.460,"[-3,16,-2,16,-1,16,-1,17,-1,17,-1,16,0,16,0,16,0,16,1,15,1,17,2,17,2,16,3,16,2,17,5,17,4,15,4,16,5,16,5,16,5,16,6,16,4,16,6,15,5,17,6,16,0,0,6,16,6,16,6,16,6,15,6,16,5,15,5,15,5,15,5,15,4,15,4,15,3,14,3,14,2,14,2,14,2,14,1,14,0,13,-1,13,-2,12,-3,12,-3,11,-5,11,-5,10,-6,9,-6,8,0,0,-13,-9,-13,-8,-13,-7,-14,-9,-13,-8,-14,-8,-14,-8,-14,-7,-14,-7,-14,-7,-15,-7,-15,-6,-15,-6,-15,-6,-15,-6,-16,-5,-16,-5,-15,-5,-16,-4,-17,-4,-17,-5,-17,-4,-16,-5,-17,-3,-18,-4,-19,-3,0,0,-18,-3,-19,-3,-20,-3,-19,-2,-20,-3,-20,-3,-20,-3,-20,-2,-20,-2,-20,-2,-22,-2,-20,-2,-21,-3,-22,-2,-22,-2,-23,-2,-23,-2,-23,-3,-23,-3,-23,-4,-24,-5,-23,-5,-23,-6,-24,-6,-24,-8,-24,-8,0,0]"
CSI_DATA: 1090,6,228,228,234,227,262,0,-35,-17,102028.571,102030.372,157.788,102389.679,324.14,205.680,"[-5,6,-5,7,-5,7,-6,8,-6,8,-6,8,-6,8,-6,8,-7,9,-7,9,-8,10,-8,10,-9,10,-9,10,-10,10,-9,10,-9,10,-9,10,-10,10,-11,10,-11,10,-10,10,-11,9,-11,11,-12,11,-11,11,0,0,-11,11,-12,11,-12,12,-12,11,-13,11,-13,11,-13,10,-12,11,-12,10,-12,10,-12,11,-12,10,-12,10,-12,11,-11,11,-11,11,-12,12,-11,12,-11,12,-11,11,-11,12,-12,12,-12,12,-12,13,-13,13,-13,13,0,0,-4,-8,-4,-8,-5,-8,-5,-9,-5,-9,-5,-9,-5,-9,-5,-9,-5,-9,-5,-9,-6,-9,-6,-9,-6,-9,-6,-9,-6,-9,-7,-9,-7,-8,-7,-8,-7,-8,-7,-9,-7,-9,-8,-8,-7,-9,-9,-8,-9,-9,-10,-9,0,0,-10,-8,-10,-9,-11,-9,-10,-8,-10,-9,-11,-9,-11,-9,-10,-9,-11,-9,-11,-9,-12,-10,-11,-10,-11,-10,-11,-10,-12,-10,-12,-10,-12,-10,-12,-11,-12,-11,-11,-11,-11,-12,-11,-12,-11,-12,-11,-12,-10,-13,-10,-13,0,0]"
CSI_DATA: 1091,3,217,217,251,216,263,0,-23,-22,102415.654,102419.578,14.435,102589.899,200.220,15.900,"[-2,13,-1,13,0,13,-1,14,-1,14,-1,14,-1,13,-1,13,0,13,0,13,0,14,0,14,1,14,1,14,0,14,2,14,2,13,1,14,2,13,2,14,1,14,2,14,2,14,3,14,3,15,3,15,0,0,4,14,4,15,4,15,5,15,4,15,4,16,4,16,4,15,5,16,5,16,5,16,4,16,4,16,5,17,4,16,5,17,5,17,4,17,4,17,3,17,3,18,3,17,2,17,3,18,1,18,1,18,0,0,8,-15,8,-16,7,-16,8,-17,8,-16,8,-16,8,-16,7,-15,8,-16,7,-16,7,-17,6,-17,6,-17,6,-17,7,-16,5,-18,5,-16,5,-16,4,-17,5,-17,5,-17,5,-17,4,-17,2,-17,3,-19,2,-19,0,0,2,-18,2,-19,2,-20,2,-19,2,-20,2,-20,3,-20,3,-20,2,-21,2,-20,1,-22,2,-21,2,-21,3,-22,3,-21,3,-22,3,-22,3,-22,4,-21,5,-21,6,-22,6,-21,6,-21,5,-22,7,-21,8,-20,0,0]"
CSI_DATA: 1092,4,227,227,253,226,263,0,-28,-27,102412.725,102416.650,57.860,102639.919,250.240,65.920,"[9,-7,9,-7,9,-9,10,-9,10,-9,10,-9,10,-10,10,-10,10,-10,10,-11,10,-11,9,-12,10,-12,10,-12,10,-12,9,-14,8,-13,8,-13,9,-14,9,-13,10,-14,9,-14,9,-13,7,-15,9,-15,8,-16,0,0,7,-16,8,-17,8,-17,7,-17,8,-17,8,-17,9,-17,8,-17,8,-17,8,-17,8,-18,9,-17,9,-17,9,-18,9,-18,9,-17,9,-18,9,-17,10,-17,10,-15,11,-16,12,-15,12,-15,12,-15,13,-13,12,-13,0,0,12,5,12,5,12,4,13,4,13,4,12,4,12,4,12,4,12,4,12,3,13,3,13,2,13,2,12,2,13,3,14,1,12,1,12,2,12,1,13,1,13,1,13,1,13,1,13,-1,14,-1,14,-1,0,0,14,-2,14,-2,14,-2,14,-3,15,-2,15,-2,15,-2,15,-2,16,-2,16,-3,17,-3,16,-3,17,-3,17,-3,18,-2,18,-3,18,-2,18,-2,18,-1,18,0,19,1,18,0,18,1,19,1,19,3,19,3,0,0]"
CSI_DATA: 1093,5,244,244,250,243,263,0,-36,-20,102025.387,102419.666,112.465,102703.546,313.867,129.547,"[-3,16,-2,16,-1,16,-1,17,-1,17,-1,16,0,16,0,16,0,16,1,15,1,17,2,17,2,16,3,16,2,17,5,17,4,15,4,16,5,16,5,16,5,16,6,16,4,16,6,15,5,17,6,16,0,0,6,16,6,16,6,16,6,15,6,16,5,15,5,15,5,15,5,15,4,15,4,15,3,14,3,14,2,14,2,14,2,14,1,14,0,13,-1,13,-2,12,-3,12,-3,11,-5,11,-5,10,-6,9,-6,8,0,0,-3,6,-3,7,-2,7,-3,7,-3,7,-3,7,-3,7,-3,7,-3,7,-2,6,-2,7,-2,7,-2,7,-2,7,-2,7,-2,8,-1,8,-2,7,-1,8,-2,8,-2,8,-2,8,-2,8,-1,8,-1,9,-1,9,0,0,-1,9,-1,9,-1,9,-1,9,-1,9,-1,9,-1,9,-1,9,0,9,0,9,0,10,0,9,0,10,0,10,0,10,0,11,0,10,0,10,-1,11,-1,11,-2,11,-2,11,-2,11,-2,11,-3,12,-3,11,0,0]"
CSI_DATA: 1094,6,229,229,235,228,263,0,-31,-18,102418.926,102422.850,157.811,102761.216,371.537,187.217,"[0,5,0,5,1,6,2,7,2,7,2,8,2,8,3,8,3,9,4,9,4,10,5,10,5,11,5,11,5,11,5,11,5,11,6,11,6,12,6,13,6,13,7,12,7,13,8,12,9,14,9,13,0,0,9,13,10,14,10,14,10,13,10,15,11,16,10,15,10,15,10,16,11,15,12,15,11,16,11,16,11,16,11,15,11,16,11,17,11,16,10,16,9,16,9,16,9,17,9,17,10,16,9,16,8,15,0,0,12,5,12,5,13,4,13,5,13,5,13,5,13,5,13,5,13,5,13,4,14,4,14,4,14,4,14,3,14,4,15,2,14,1,14,2,14,1,15,1,15,1,15,0,15,0,16,-2,17,-1,17,-2,0,0,17,-3,18,-3,18,-3,18,-3,19,-3,19,-3,20,-3,20,-3,20,-4,21,-4,22,-4,21,-4,21,-3,22,-4,23,-4,23,-4,23,-3,23,-4,23,-2,23,-2,24,-1,24,-1,24,0,24,0,25,1,24,2,0,0]"
CSI_DATA: 1095,3,218,218,252,217,264,0,-28,-22,102805.263,102807.176,11.786,102977.373,216.157,13.374,"[-17,3,-17,4,-17,4,-19,3,-18,3,-18,3,-18,2,-18,2,-18,2,-17,2,-19,2,-19,3,-19,2,-18,2,-19,1,-19,2,-18,2,-18,1,-18,2,-19,1,-18,0,-18,1,-17,0,-18,2,-19,1,-18,1,0,0,-17,1,-17,1,-18,1,-16,1,-17,1,-17,1,-16,1,-16,1,-16,1,-15,2,-16,2,-15,2,-15,2,-15,3,-15,3,-15,4,-15,4,-15,4,-15,4,-15,4,-16,4,-16,4,-17,4,-17,5,-18,4,-18,4,0,0,-13,-7,-13,-7,-13,-6,-14,-7,-13,-7,-14,-7,-14,-6,-14,-6,-14,-6,-13,-5,-15,-5,-14,-5,-15,-5,-15,-4,-15,-5,-16,-3,-15,-3,-15,-3,-15,-2,-16,-3,-16,-3,-16,-2,-16,-2,-16,0,-17,-1,-18,0,0,0,-18,0,-18,0,-19,1,-18,1,-19,0,-19,0,-20,0,-19,0,-20,0,-20,0,-21,1,-20,0,-20,0,-21,0,-21,-1,-22,-1,-21,0,-21,-1,-21,-2,-20,-3,-21,-4,-20,-4,-20,-4,-20,-3,-20,-6,-20,-6,0,0]"
CSI_DATA: 1096,4,228,228,254,227,264,0,-32,-27,102802.336,102804.249,57.619,103034.392,273.176,70.393,"[5,-8,6,-8,5,-9,6,-10,6,-10,6,-10,6,-10,6,-10,6,-10,5,-11,5,-12,5,-12,4,-13,4,-12,5,-12,4,-13,3,-13,3,-13,2,-14,3,-14,3,-14,2,-14,1,-14,-1,-15,0,-16,-1,-16,0,0,-2,-17,-2,-18,-3,-18,-4,-18,-3,-19,-4,-20,-4,-20,-4,-20,-5,-21,-6,-21,-7,-23,-6,-22,-6,-23,-7,-24,-6,-24,-7,-25,-7,-26,-7,-26,-6,-27,-5,-27,-4,-28,-3,-28,-4,-29,-4,-29,-2,-29,-2,-30,0,0,-14,-1,-14,0,-13,1,-15,0,-14,0,-14,0,-14,1,-14,0,-14,1,-13,1,-14,1,-14,2,-15,2,-14,2,-14,2,-14,3,-14,3,-14,3,-14,4,-14,3,-14,3,-14,4,-13,3,-13,6,-14,5,-14,6,0,0,-14,6,-14,7,-14,8,-14,8,-14,8,-15,8,-15,8,-14,8,-15,9,-14,9,-16,10,-16,9,-16,9,-17,10,-16,10,-18,10,-18,10,-18,10,-19,9,-19,9,-20,9,-19,8,-20,8,-21,9,-22,7,-22,6,0,0]"
CSI_DATA: 1097,5,245,245,251,244,264,0,-41,-21,102805.352,102807.265,102.220,103102.133,340.917,138.134,"[-3,-3,-3,-3,-3,-3,-3,-4,-4,-3,-4,-3,-4,-4,-4,-3,-4,-3,-5,-3,-6,-3,-6,-2,-6,-3,-7,-3,-7,-3,-7,-3,-8,-2,-8,-2,-9,-1,-9,-2,-10,-1,-10,-1,-11,-1,-11,0,-12,0,-13,0,0,0,-13,1,-14,1,-14,1,-15,1,-15,2,-15,1,-16,2,-16,2,-17,3,-17,3,-18,4,-18,3,-18,4,-18,4,-19,4,-20,5,-20,4,-21,4,-21,3,-20,2,-21,2,-21,2,-21,2,-22,2,-21,1,-21,0,0,0,-1,14,0,14,1,14,0,15,0,14,0,15,1,14,0,14,0,15,1,13,1,15,2,15,2,15,2,15,1,15,3,15,3,15,2,14,3,15,3,16,2,16,3,15,2,15,4,15,4,16,4,17,0,0,5,16,4,16,5,17,5,16,5,16,5,16,4,16,4,16,5,16,5,15,6,16,5,16,5,16,6,16,6,16,6,17,6,16,6,18,6,17,5,17,5,18,5,17,4,18,5,19,3,20,3,20,0,0]"
CSI_DATA: 1098,6,230,230,236,229,264,0,-31,-19,102808.536,102810.450,157.538,103163.373,402.157,199.374,"[-10,-2,-10,-2,-10,-2,-11,-2,-11,-2,-12,-2,-12,-2,-12,-2,-12,-2,-12,-2,-14,-2,-14,-2,-14,-2,-14,-2,-14,-2,-14,-2,-13,-2,-14,-2,-14,-1,-14,-2,-14,-2,-14,-1,-14,-2,-14,0,-15,-1,-15,0,0,0,-15,0,-15,1,-16,1,-15,1,-16,1,-16,1,-16,1,-16,1,-17,1,-16,2,-17,2,-17,2,-18,2,-18,2,-18,2,-19,2,-19,2,-19,2,-19,1,-19,0,-20,-1,-20,-1,-20,-1,-21,-1,-20,-3,-20,-3,0,0,-13,10,-13,11,-12,11,-14,11,-13,11,-14,11,-14,11,-13,11,-14,11,-13,11,-14,12,-13,12,-13,12,-12,12,-13,12,-12,13,-11,13,-11,12,-11,14,-12,13,-12,14,-11,14,-11,14,-10,16,-11,16,-10,17,0,0,-10,17,-11,17,-11,18,-10,18,-10,18,-11,18,-11,18,-11,18,-11,19,-10,19,-11,20,-11,19,-11,19,-12,20,-12,20,-12,20,-12,20,-12,21,-13,20,-13,19,-14,20,-15,18,-15,19,-15,19,-16,19,-17,18,0,0]"
CSI_DATA: 1099,7,221,221,226,221,264,0,-24,-20,102723.573,102725.486,201.796,103235.665,474.449,271.666,"[-2,-15,-2,-15,-3,-15,-3,-16,-3,-15,-3,-14,-2,-14,-2,-13,-2,-14,-3,-13,-3,-14,-3,-14,-3,-14,-3,-13,-2,-13,-3,-13,-4,-12,-3,-12,-4,-12,-3,-12,-3,-12,-4,-12,-4,-11,-5,-11,-5,-12,-6,-11,0,0,-6,-11,-7,-11,-7,-11,-7,-10,-7,-11,-8,-11,-8,-11,-8,-11,-9,-11,-9,-10,-10,-11,-9,-11,-10,-11,-10,-12,-11,-12,-12,-12,-12,-13,-12,-13,-11,-14,-11,-14,-11,-16,-10,-17,-11,-17,-11,-18,-9,-19,-9,-19,0,0,-17,10,-18,10,-17,10,-19,10,-18,9,-19,9,-18,9,-18,8,-18,7,-17,7,-18,7,-17,8,-16,7,-15,7,-15,6,-14,9,-13,9,-13,9,-14,9,-14,9,-15,9,-14,10,-14,9,-13,11,-15,11,-15,11,0,0,-14,11,-15,10,-15,11,-14,11,-15,10,-16,10,-15,9,-15,9,-15,10,-14,9,-15,11,-14,9,-14,9,-15,9,-14,9,-15,10,-14,9,-15,9,-14,9,-14,8,-15,8,-14,7,-15,7,-15,8,-15,7,-15,7,0,0]"
CSI_DATA: 1100,3,219,219,253,218,265,0,-39,-22,103195.274,103197.107,11.990,103367.283,131.618,13.284,"[-6,5,-6,6,-5,6,-6,7,-5,7,-5,7,-5,7,-5,7,-4,7,-4,7,-4,8,-3,8,-3,8,-3,8,-3,7,-2,8,-1,7,-2,7,-1,7,-1,7,-1,7,0,7,0,6,1,6,1,7,3,6,0,0,3,6,4,5,5,5,6,5,6,5,7,5,7,5,8,5,9,5,10,5,11,5,11,5,11,6,12,6,13,6,14,7,14,8,15,8,15,9,15,10,15,11,14,11,14,13,15,13,14,14,14,15,0,0,-5,14,-4,15,-3,14,-4,16,-4,14,-4,15,-3,15,-4,15,-4,15,-3,14,-3,15,-2,15,-2,15,-1,15,-2,16,0,15,0,15,0,15,0,15,-1,15,0,16,0,16,0,15,2,15,1,17,2,17,0,0,3,17,2,16,3,18,3,16,3,18,3,18,2,18,2,17,3,18,3,17,4,19,3,18,3,18,2,19,2,18,3,20,2,19,2,19,1,19,1,18,0,19,-1,18,-1,18,0,18,-1,18,-2,18,0,0]"
CSI_DATA: 1101,4,229,229,255,228,265,0,-35,-26,103192.348,103194.181,58.182,103413.575,177.910,59.576,"[-3,-4,-3,-3,-4,-2,-4,-2,-4,-1,-4,0,-4,0,-4,1,-4,2,-4,2,-3,3,-3,3,-3,4,-3,4,-2,4,-2,5,-1,5,-1,5,0,5,0,6,0,6,1,7,2,6,3,6,3,7,5,7,0,0,6,7,7,7,8,7,9,7,10,8,11,8,12,8,13,8,14,7,15,7,17,7,18,8,19,8,20,9,21,9,23,9,24,10,25,10,25,11,26,12,27,14,27,15,28,16,30,16,29,18,29,19,0,0,6,-10,6,-10,6,-10,7,-11,6,-11,6,-11,6,-11,6,-11,6,-12,5,-11,6,-13,5,-13,5,-13,5,-13,5,-12,5,-14,4,-14,4,-13,4,-14,3,-14,4,-14,3,-14,4,-14,2,-15,2,-15,2,-16,0,0,1,-16,1,-16,0,-17,0,-16,0,-17,0,-18,0,-18,0,-18,-1,-18,-1,-18,-1,-20,-1,-19,-1,-20,-1,-21,-1,-21,-2,-22,-1,-22,0,-23,0,-23,1,-23,2,-23,3,-23,3,-23,3,-24,5,-23,5,-23,0,0]"
CSI_DATA: 1102,5,246,246,252,245,265,0,-29,-21,103195.363,103197.197,102.492,103474.940,239.275,120.941,"[4,16,5,16,5,15,5,17,4,16,5,15,5,15,4,14,4,15,5,14,6,14,6,13,7,14,7,13,6,14,8,13,8,12,7,12,9,12,8,12,8,13,9,12,8,12,10,11,10,12,11,12,0,0,11,11,11,12,12,12,12,11,12,12,12,12,12,12,12,12,12,12,12,12,14,12,12,12,12,12,12,13,12,13,13,13,12,14,12,14,11,14,10,14,9,15,9,15,8,15,9,15,7,15,6,15,0,0,2,13,2,13,4,13,4,14,3,13,3,14,3,14,3,13,3,13,4,13,5,14,6,13,6,13,6,14,5,14,7,14,7,14,7,13,8,13,7,14,7,14,8,14,7,14,9,13,9,14,10,15,0,0,10,14,10,14,11,15,10,14,11,15,11,15,10,15,11,15,11,15,11,14,13,15,12,15,12,15,12,16,12,15,13,17,13,16,13,17,12,17,12,17,11,18,11,18,11,18,12,19,10,20,10,20,0,0]"
CSI_DATA: 1103,6,231,231,237,230,265,0,-27,-18,103198.549,103200.382,157.913,103535.382,299.717,181.383,"[8,-1,8,-2,8,-2,9,-2,9,-3,9,-3,8,-3,8,-4,8,-3,9,-4,9,-4,9,-5,9,-5,9,-5,10,-5,10,-6,9,-6,9,-6,9,-6,10,-6,10,-6,10,-7,10,-6,9,-7,10,-8,10,-8,0,0,10,-8,11,-8,10,-9,10,-8,10,-9,11,-8,11,-9,11,-9,11,-9,11,-9,11,-10,11,-9,11,-10,12,-9,12,-10,12,-10,13,-10,13,-9,13,-9,13,-9,14,-7,14,-8,15,-8,15,-8,15,-6,15,-6,0,0,14,-5,15,-5,14,-6,16,-6,15,-6,15,-6,15,-6,15,-6,16,-6,15,-6,16,-7,16,-7,15,-8,15,-8,16,-7,15,-9,14,-10,14,-9,14,-10,14,-10,15,-10,15,-11,14,-10,13,-13,15,-13,15,-14,0,0,15,-14,14,-14,14,-15,14,-15,15,-15,16,-15,16,-15,15,-16,15,-16,15,-17,15,-18,16,-17,16,-17,17,-17,16,-17,18,-18,17,-17,18,-18,18,-17,19,-16,20,-16,20,-15,20,-15,19,-15,21,-14,21,-14,0,0]"
CSI_DATA: 1104,7,222,222,227,222,265,0,-20,-21,103113.586,103115.419,202.58,103602.457,366.792,248.458,"[11,-11,11,-11,10,-12,11,-12,10,-11,10,-11,10,-11,10,-10,9,-10,9,-10,10,-11,9,-11,8,-11,8,-11,8,-10,7,-12,6,-11,7,-11,6,-11,6,-12,7,-11,6,-12,6,-11,5,-12,6,-13,5,-13,0,0,5,-13,4,-13,4,-13,4,-13,4,-14,4,-14,4,-14,4,-14,4,-14,4,-15,3,-15,4,-15,4,-15,4,-15,4,-16,3,-16,4,-17,5,-16,5,-16,6,-16,6,-17,7,-17,8,-17,7,-17,9,-16,9,-16,0,0,-14,11,-14,11,-13,11,-15,11,-14,11,-14,10,-14,10,-14,9,-14,9,-13,8,-14,9,-13,9,-12,9,-12,8,-12,8,-11,10,-10,10,-10,10,-10,10,-10,10,-11,10,-10,11,-10,10,-9,11,-10,12,-10,13,0,0,-10,12,-10,12,-10,13,-9,12,-10,12,-11,12,-10,12,-10,12,-10,12,-10,11,-10,12,-10,11,-10,11,-11,11,-10,11,-10,12,-10,11,-10,11,-10,10,-10,10,-10,10,-10,9,-10,9,-10,9,-10,9,-10,9,0,0]"
CSI_DATA: 1105,3,220,220,254,219,266,0,-35,-25,103585.256,103587.154,10.952,103759.820,157.363,15.820,"[-4,9,-4,9,-4,10,-4,10,-4,11,-4,10,-4,10,-4,10,-4,11,-4,10,-4,11,-4,11,-4,12,-4,11,-5,11,-4,12,-4,11,-4,11,-4,12,-4,12,-4,12,-4,12,-5,11,-4,12,-5,12,-4,12,0,0,-3,12,-4,12,-3,12,-3,12,-3,12,-3,12,-3,12,-2,12,-2,12,-2,13,-1,14,-1,13,-1,13,-1,14,0,14,0,15,0,16,0,16,0,16,-1,17,-1,17,-1,17,-2,18,-1,19,-4,19,-4,19,0,0,2,-16,3,-16,1,-16,2,-17,2,-16,2,-17,2,-17,2,-16,2,-16,1,-16,1,-18,1,-17,1,-17,0,-17,1,-18,0,-18,0,-17,0,-17,-1,-18,0,-18,0,-18,-1,-18,-1,-17,-3,-18,-2,-19,-3,-19,0,0,-3,-19,-2,-19,-3,-21,-3,-18,-3,-20,-3,-21,-2,-20,-3,-20,-3,-20,-3,-19,-4,-21,-2,-20,-2,-20,-2,-21,-1,-20,-2,-21,-2,-20,-2,-20,0,-20,0,-19,1,-20,1,-19,1,-19,1,-19,2,-18,2,-18,0,0]"
CSI_DATA: 1106,4,230,230,256,229,266,0,-31,-23,103582.331,103584.228,56.807,103815.323,212.866,71.323,"[-1,-5,-1,-5,-2,-5,-2,-5,-3,-5,-4,-4,-4,-4,-5,-4,-5,-3,-5,-3,-6,-3,-6,-2,-7,-2,-7,-1,-8,-1,-8,0,-8,1,-8,1,-9,2,-9,2,-10,2,-10,3,-10,3,-10,5,-11,5,-11,6,0,0,-11,7,-13,8,-12,9,-12,9,-13,10,-14,10,-14,11,-14,11,-14,12,-14,12,-15,13,-16,13,-16,13,-16,14,-17,14,-17,16,-18,16,-18,15,-19,15,-19,15,-21,14,-20,14,-22,14,-22,15,-23,12,-23,12,0,0,-4,12,-3,13,-3,12,-4,13,-3,13,-3,13,-3,13,-2,13,-2,13,-1,13,-2,14,-1,14,-1,14,-1,14,-1,14,0,15,0,14,0,13,1,14,1,15,1,15,1,15,1,14,3,14,3,15,4,15,0,0,4,15,4,16,4,17,5,16,5,17,5,17,5,17,5,17,6,18,6,17,8,18,6,18,6,18,7,19,6,19,7,21,7,20,7,21,6,21,6,21,5,22,4,21,4,22,4,23,3,23,2,23,0,0]"
CSI_DATA: 1107,5,247,247,253,246,266,0,-28,-25,103585.346,103587.243,101.409,103878.520,276.63,134.520,"[4,-16,3,-16,2,-16,3,-17,2,-16,2,-16,2,-16,2,-15,1,-16,1,-16,1,-16,0,-16,0,-16,-1,-16,0,-17,-2,-17,-2,-16,-2,-16,-3,-17,-2,-17,-2,-17,-3,-17,-2,-17,-4,-17,-3,-18,-4,-18,0,0,-4,-17,-4,-19,-5,-19,-4,-18,-4,-19,-4,-19,-4,-19,-4,-18,-4,-19,-4,-18,-4,-20,-3,-19,-3,-19,-3,-20,-2,-19,-2,-20,-2,-20,-1,-19,-1,-19,0,-18,1,-18,1,-18,2,-18,1,-17,3,-16,3,-16,0,0,-11,-10,-11,-10,-12,-9,-12,-11,-12,-10,-13,-10,-12,-10,-12,-10,-12,-10,-13,-9,-14,-10,-14,-9,-15,-9,-15,-9,-14,-10,-16,-9,-15,-9,-15,-10,-16,-9,-16,-10,-16,-10,-16,-10,-16,-10,-17,-8,-18,-10,-18,-9,0,0,-18,-9,-18,-9,-18,-9,-18,-8,-18,-9,-19,-9,-18,-9,-18,-9,-18,-9,-18,-8,-20,-7,-19,-8,-19,-8,-20,-8,-20,-8,-22,-8,-21,-8,-22,-8,-21,-9,-21,-9,-21,-11,-21,-11,-21,-11,-23,-11,-22,-13,-22,-14,0,0]"
CSI_DATA: 1108,6,232,232,238,231,266,0,-25,-20,103588.532,103590.429,156.753,103952.751,350.294,208.751,"[0,12,0,12,1,11,0,12,0,12,0,12,0,11,0,11,0,11,1,10,1,12,1,11,1,11,2,11,1,11,2,11,2,10,2,10,2,10,2,11,2,11,3,10,2,10,4,10,3,11,4,10,0,0,4,11,4,11,4,11,5,11,5,11,4,12,4,11,5,12,5,12,6,11,6,12,5,12,5,12,5,13,5,13,6,13,5,14,5,14,5,14,4,14,3,15,3,15,2,15,2,15,1,16,1,16,0,0,-4,14,-4,14,-3,14,-4,15,-4,15,-4,16,-5,15,-4,15,-5,15,-4,15,-4,16,-3,16,-3,16,-2,16,-3,16,-2,16,-1,15,-1,15,0,16,-1,17,-1,17,-1,17,0,17,3,17,2,18,3,19,0,0,3,19,3,19,3,20,4,19,3,20,3,21,3,21,3,21,3,21,4,22,5,23,4,22,3,22,3,23,3,23,3,24,3,23,3,24,1,24,0,24,0,24,-1,23,0,24,0,24,-2,24,-3,24,0,0]"
CSI_DATA: 1109,7,223,223,228,223,266,0,-20,-20,103503.570,103505.467,201.06,104010.898,408.441,266.898,"[-4,-17,-4,-16,-5,-16,-4,-17,-4,-16,-4,-16,-4,-15,-3,-15,-3,-15,-4,-15,-4,-15,-5,-15,-4,-15,-4,-14,-4,-14,-5,-14,-5,-13,-5,-13,-5,-13,-4,-13,-4,-13,-5,-13,-4,-12,-6,-12,-6,-13,-6,-12,0,0,-6,-12,-7,-13,-7,-12,-7,-12,-7,-12,-7,-12,-7,-12,-7,-12,-8,-12,-8,-11,-9,-12,-8,-12,-9,-12,-9,-13,-9,-13,-10,-13,-10,-13,-10,-13,-9,-14,-9,-14,-9,-16,-8,-16,-8,-17,-9,-17,-7,-17,-7,-18,0,0,-20,0,-20,0,-20,1,-21,0,-20,0,-20,-1,-20,-1,-19,-1,-20,-2,-18,-1,-20,-1,-18,0,-18,0,-17,0,-17,-1,-17,1,-16,2,-16,2,-17,3,-17,2,-17,2,-17,2,-17,2,-17,4,-18,3,-18,4,0,0,-18,4,-18,3,-19,4,-18,4,-18,3,-19,3,-18,2,-18,3,-18,3,-18,3,-18,3,-17,2,-17,2,-17,2,-17,2,-17,2,-17,2,-17,2,-16,1,-16,1,-16,1,-15,1,-15,1,-15,1,-15,0,-15,0,0,0]"
CSI_DATA: 1110,3,221,221,255,220,267,0,-31,-19,103975.311,103977.125,12.04,104148.262,137.364,14.264,"[8,-8,7,-9,7,-9,8,-11,8,-10,8,-10,7,-11,8,-11,8,-11,8,-12,8,-13,9,-13,9,-13,9,-14,10,-14,9,-15,9,-15,9,-14,9,-16,10,-15,11,-15,10,-16,10,-14,9,-16,11,-17,11,-17,0,0,10,-17,11,-17,11,-18,10,-16,11,-17,11,-17,11,-17,10,-17,10,-17,9,-17,9,-19,10,-18,9,-19,9,-20,9,-19,9,-21,9,-21,10,-22,10,-22,11,-21,12,-23,13,-23,13,-23,14,-24,16,-23,17,-23,0,0,2,-14,2,-15,1,-14,2,-16,2,-15,2,-16,2,-15,2,-15,2,-15,1,-15,1,-16,0,-16,0,-16,0,-16,1,-16,0,-16,-1,-16,-1,-15,-1,-16,0,-16,0,-16,-1,-16,-1,-16,-3,-16,-2,-17,-3,-18,0,0,-3,-17,-3,-18,-3,-18,-3,-17,-3,-18,-3,-19,-2,-18,-3,-18,-3,-19,-3,-18,-4,-20,-3,-19,-3,-19,-3,-20,-2,-19,-3,-21,-2,-19,-2,-20,-1,-20,-1,-19,0,-20,0,-19,1,-19,0,-20,1,-19,2,-19,0,0]"
CSI_DATA: 1111,4,231,231,257,230,267,0,-27,-27,103972.386,103974.200,57.887,104206.528,195.630,72.530,"[-1,5,-1,6,0,6,0,7,0,7,1,7,1,7,2,7,2,7,2,8,3,8,4,8,4,8,4,8,4,8,5,8,6,8,6,8,7,8,7,9,7,9,8,9,8,8,9,8,10,9,11,8,0,0,11,8,11,9,13,9,13,8,13,10,14,10,14,9,14,10,15,9,15,9,16,10,15,10,15,11,16,11,15,11,17,11,16,12,17,12,16,12,15,12,15,13,14,13,13,14,13,14,12,15,12,15,0,0,7,8,8,8,8,7,8,9,8,8,9,8,9,8,9,8,9,8,9,7,11,8,11,7,11,7,11,7,11,8,12,7,12,6,11,6,12,5,12,6,12,6,13,5,13,5,14,3,14,4,16,3,0,0,15,3,16,3,16,2,17,1,17,2,18,2,18,2,19,2,20,1,19,1,21,0,20,0,21,1,22,1,22,1,24,0,23,1,24,2,23,3,23,3,24,5,23,5,24,6,24,5,24,7,24,7,0,0]"
CSI_DATA: 1112,5,248,248,254,247,267,0,-24,-23,103975.401,103977.215,102.489,104261.544,250.646,127.546,"[8,14,8,15,8,13,9,15,8,14,8,14,8,14,8,13,8,14,8,12,9,13,9,13,9,13,10,13,9,14,10,12,10,12,9,11,10,12,10,12,10,13,10,12,9,12,11,11,11,13,11,12,0,0,11,11,11,12,12,12,11,11,11,12,12,12,11,12,11,12,11,12,11,11,12,12,11,13,11,12,11,13,10,12,11,13,10,12,11,13,9,13,9,13,8,13,8,13,8,13,8,13,7,13,7,13,0,0,-14,-3,-15,-3,-14,-2,-16,-3,-15,-3,-15,-3,-15,-3,-15,-3,-15,-2,-15,-2,-16,-1,-16,-1,-16,-1,-16,0,-17,-1,-17,0,-17,0,-17,0,-17,1,-18,0,-18,0,-18,0,-17,0,-18,2,-19,1,-20,2,0,0,-19,2,-20,1,-20,2,-19,2,-20,2,-21,1,-20,1,-20,2,-20,2,-19,2,-21,3,-20,2,-20,2,-21,2,-21,2,-22,2,-22,3,-22,3,-22,2,-22,1,-23,0,-22,0,-23,-1,-24,0,-24,-2,-24,-3,0,0]"
CSI_DATA: 1113,7,224,224,229,224,267,0,-19,-19,103893.625,103895.439,202.77,104337.477,326.579,203.479,"[-12,13,-11,14,-10,14,-12,14,-11,14,-11,13,-11,13,-11,12,-11,12,-10,12,-11,13,-10,13,-10,13,-9,13,-10,12,-9,13,-8,12,-8,12,-8,13,-8,13,-8,13,-7,13,-8,12,-6,13,-7,14,-7,14,0,0,-6,14,-6,14,-6,15,-5,13,-6,15,-5,15,-5,15,-5,15,-5,15,-4,14,-4,16,-5,15,-5,16,-4,17,-4,16,-4,17,-4,18,-5,18,-5,18,-5,18,-6,19,-7,19,-8,19,-8,20,-9,19,-10,19,0,0,20,-5,21,-5,20,-6,23,-5,21,-4,22,-4,21,-4,21,-3,20,-3,19,-3,21,-3,20,-4,19,-4,18,-4,18,-3,18,-5,17,-6,16,-5,17,-6,17,-5,18,-5,17,-6,17,-6,17,-8,18,-7,18,-8,0,0,18,-8,18,-7,18,-8,17,-8,18,-7,18,-7,18,-6,18,-6,18,-7,17,-7,18,-7,17,-6,17,-6,18,-6,17,-5,18,-6,17,-5,16,-5,16,-4,16,-4,16,-4,15,-3,15,-3,15,-4,14,-3,15,-3,0,0]"
CSI_DATA: 1114,3,222,222,256,221,268,0,-27,-20,104365.260,104367.110,11.982,104537.429,199.952,13.426,"[-1,10,-1,10,0,10,0,10,0,10,1,10,2,9,2,9,2,9,3,9,3,9,3,9,4,9,5,8,5,9,6,8,6,8,6,8,7,8,7,8,8,8,8,8,8,8,10,7,11,9,11,8,0,0,11,8,12,8,13,8,13,8,14,8,14,8,14,8,15,8,15,8,15,8,17,8,16,9,17,9,18,9,18,10,19,10,19,10,19,11,19,12,19,12,19,14,19,14,20,16,19,16,18,18,18,18,0,0,15,1,15,0,14,0,16,0,15,0,15,0,15,0,15,0,15,0,14,-1,16,-1,15,-2,15,-2,15,-2,15,-1,16,-3,15,-4,14,-3,15,-4,15,-3,16,-3,15,-4,15,-3,15,-6,17,-5,16,-6,0,0,16,-6,16,-6,17,-7,16,-7,17,-7,17,-6,18,-6,17,-6,18,-7,18,-7,18,-8,18,-7,18,-7,19,-7,19,-7,20,-7,19,-7,20,-6,20,-6,20,-5,20,-4,20,-4,20,-4,20,-5,21,-3,21,-2,0,0]"
CSI_DATA: 1115,4,232,232,258,231,268,0,-25,-24,104362.336,104364.186,57.857,104585.830,248.353,61.827,"[-2,-8,-3,-9,-4,-8,-4,-9,-4,-8,-5,-8,-5,-8,-5,-8,-6,-8,-6,-7,-6,-8,-7,-8,-7,-8,-7,-8,-8,-8,-8,-8,-9,-7,-9,-7,-9,-7,-10,-7,-10,-7,-10,-6,-10,-7,-11,-6,-12,-7,-12,-6,0,0,-13,-6,-14,-6,-14,-6,-14,-5,-15,-6,-15,-6,-15,-6,-15,-6,-16,-6,-16,-7,-17,-7,-16,-8,-17,-8,-17,-8,-17,-8,-18,-8,-18,-8,-18,-9,-18,-9,-17,-10,-17,-11,-17,-11,-16,-12,-16,-12,-15,-13,-15,-13,0,0,-7,-14,-7,-15,-8,-13,-8,-16,-8,-14,-8,-15,-8,-14,-8,-15,-8,-14,-8,-14,-9,-15,-10,-15,-10,-15,-10,-14,-9,-15,-10,-14,-11,-14,-10,-13,-11,-13,-11,-13,-11,-14,-11,-14,-11,-13,-12,-12,-13,-13,-14,-13,0,0,-14,-12,-14,-13,-16,-13,-15,-12,-15,-13,-15,-13,-15,-13,-15,-13,-17,-13,-16,-13,-19,-13,-17,-13,-17,-13,-18,-15,-18,-14,-20,-15,-19,-15,-19,-16,-18,-17,-18,-17,-18,-19,-16,-19,-16,-18,-18,-18,-16,-21,-16,-22,0,0]"
CSI_DATA: 1116,5,249,249,255,248,268,0,-24,-22,104365.351,104367.201,102.476,104662.408,324.931,138.405,"[-15,-2,-15,-1,-14,0,-15,-1,-15,0,-14,-1,-15,0,-14,-1,-14,0,-14,0,-15,1,-14,1,-15,1,-14,2,-14,1,-14,3,-14,2,-14,3,-14,3,-14,3,-15,3,-14,4,-14,3,-14,5,-16,4,-15,5,0,0,-15,5,-16,5,-16,6,-15,6,-15,6,-16,6,-16,6,-16,6,-16,7,-16,6,-16,7,-16,6,-17,6,-17,6,-17,6,-17,7,-18,6,-18,6,-18,6,-17,5,-18,5,-18,4,-18,3,-18,4,-18,3,-18,2,0,0,4,-16,4,-17,2,-16,4,-18,3,-16,3,-17,3,-17,3,-17,3,-17,2,-16,2,-18,1,-18,1,-18,1,-18,2,-19,0,-20,0,-19,1,-18,0,-19,1,-19,1,-19,1,-20,1,-19,-2,-19,-1,-21,-2,-21,0,0,-2,-21,-2,-21,-3,-21,-3,-21,-2,-21,-2,-21,-2,-21,-2,-21,-2,-22,-3,-21,-5,-23,-4,-22,-4,-22,-4,-23,-4,-22,-5,-25,-4,-24,-4,-24,-3,-24,-2,-25,-1,-25,-1,-25,-1,-25,-2,-25,0,-26,1,-27,0,0]"
CSI_DATA: 1117,6,234,234,240,233,268,0,-25,-18,104368.538,104370.388,157.907,104730.274,392.797,206.271,"[-13,3,-13,3,-12,4,-13,3,-12,4,-12,3,-12,3,-12,3,-12,3,-12,4,-12,4,-12,4,-12,4,-12,5,-12,5,-12,5,-11,5,-11,6,-11,6,-11,6,-11,6,-11,7,-11,6,-10,7,-12,7,-11,7,0,0,-10,8,-11,8,-11,9,-11,8,-11,8,-11,9,-11,9,-11,9,-11,9,-11,9,-11,10,-12,9,-12,9,-12,10,-12,10,-12,10,-12,11,-13,10,-13,10,-13,9,-15,9,-14,9,-15,8,-15,8,-16,7,-16,7,0,0,-8,-16,-9,-16,-9,-15,-9,-18,-9,-16,-9,-17,-8,-17,-8,-17,-9,-17,-9,-16,-10,-17,-10,-17,-10,-16,-11,-16,-10,-17,-12,-16,-12,-15,-11,-15,-13,-15,-12,-16,-12,-17,-13,-16,-12,-16,-15,-14,-15,-16,-17,-15,0,0,-16,-16,-16,-16,-18,-16,-16,-15,-18,-16,-17,-17,-17,-17,-17,-16,-18,-16,-18,-16,-20,-17,-19,-16,-18,-17,-19,-18,-19,-17,-20,-18,-19,-17,-20,-18,-18,-19,-17,-19,-18,-20,-17,-20,-17,-20,-18,-20,-17,-22,-16,-22,0,0]"
CSI_DATA: 1118,7,225,225,230,225,268,0,-19,-20,104283.576,104285.426,202.47,104804.132,466.655,280.129,"[14,-4,14,-4,13,-5,14,-4,13,-4,13,-4,13,-5,12,-4,12,-5,11,-5,13,-5,12,-6,12,-6,11,-6,12,-6,12,-8,11,-7,11,-7,11,-8,11,-8,11,-8,11,-8,11,-8,10,-9,11,-9,11,-10,0,0,11,-11,11,-11,11,-12,10,-12,11,-12,11,-12,11,-12,11,-12,11,-13,11,-13,12,-14,12,-13,12,-13,12,-14,12,-14,13,-15,13,-15,13,-15,14,-15,14,-14,15,-14,16,-14,17,-14,17,-14,18,-13,18,-12,0,0,10,-15,10,-15,9,-15,11,-16,10,-14,11,-14,10,-14,11,-13,11,-13,10,-12,10,-13,9,-13,9,-12,8,-12,9,-12,8,-13,7,-13,7,-12,7,-13,7,-13,8,-13,7,-14,8,-13,6,-14,8,-15,7,-15,0,0,7,-15,7,-14,7,-15,7,-14,8,-14,8,-14,8,-14,8,-13,8,-14,8,-13,8,-14,8,-13,8,-12,8,-13,8,-12,8,-13,7,-12,8,-12,8,-11,8,-11,8,-11,8,-10,8,-10,7,-11,8,-10,8,-10,0,0]"
CSI_DATA: 1119,3,223,223,257,222,269,0,-26,-21,104755.365,104757.187,12.71,104927.394,123.262,13.394,"[11,-5,11,-6,10,-7,11,-6,11,-7,10,-7,10,-7,10,-7,10,-7,10,-8,11,-9,10,-9,11,-9,10,-9,11,-9,10,-10,9,-10,9,-10,10,-11,10,-10,11,-11,10,-11,10,-11,9,-12,10,-12,10,-13,0,0,9,-13,10,-14,10,-15,9,-14,10,-14,10,-15,10,-15,10,-15,9,-16,9,-16,9,-18,10,-17,10,-18,10,-18,10,-18,10,-19,11,-19,11,-20,12,-19,13,-19,14,-19,15,-19,16,-18,17,-19,17,-18,18,-17,0,0,5,13,5,14,6,13,6,14,5,14,5,14,6,14,5,13,6,14,6,13,7,14,7,14,7,14,7,14,6,14,8,13,8,12,8,13,9,13,8,13,8,14,9,13,8,13,10,12,10,13,11,14,0,0,11,13,11,13,12,13,12,13,11,14,12,14,11,14,11,14,12,14,12,14,13,14,11,14,12,14,12,15,12,15,13,15,12,15,12,16,11,16,10,16,10,17,9,16,8,17,9,16,8,17,8,17,0,0]"
CSI_DATA: 1120,4,233,233,259,232,269,0,-25,-24,104752.443,104754.265,57.888,104981.351,177.219,67.351,"[2,-9,2,-10,1,-10,2,-11,1,-10,1,-11,1,-11,1,-11,0,-11,0,-11,-1,-12,-1,-12,-1,-12,-1,-12,-1,-12,-3,-12,-3,-12,-3,-11,-4,-12,-4,-12,-4,-13,-5,-12,-4,-12,-6,-12,-6,-13,-7,-13,0,0,-7,-14,-7,-14,-8,-14,-8,-13,-8,-14,-8,-15,-8,-15,-8,-15,-9,-16,-9,-15,-10,-16,-8,-16,-9,-16,-9,-17,-9,-16,-9,-17,-9,-17,-9,-18,-8,-18,-7,-18,-7,-18,-6,-18,-6,-19,-6,-19,-4,-19,-4,-19,0,0,-5,1,-5,1,-5,2,-5,2,-5,1,-5,2,-5,2,-5,2,-5,2,-5,2,-5,2,-5,2,-5,2,-5,2,-5,2,-5,3,-5,3,-5,3,-5,3,-5,3,-5,3,-5,3,-5,3,-4,4,-4,4,-4,4,0,0,-4,5,-4,5,-4,5,-4,5,-4,5,-4,5,-4,5,-4,5,-4,6,-4,6,-4,7,-4,6,-4,6,-4,7,-4,7,-4,7,-4,7,-4,7,-5,7,-5,7,-5,7,-6,7,-6,7,-6,7,-7,7,-7,7,0,0]"
CSI_DATA: 1121,5,250,250,256,249,269,0,-25,-21,104755.457,104757.279,102.491,105045.586,241.454,131.586,"[10,10,10,10,11,9,11,11,10,10,11,10,10,10,10,9,10,10,10,9,12,9,11,9,11,9,11,9,11,10,12,8,12,8,12,8,12,8,12,8,12,8,13,8,11,8,13,7,13,8,14,7,0,0,13,6,14,7,15,7,14,6,14,7,14,7,14,7,14,7,14,7,14,6,16,6,14,7,15,6,15,7,15,7,16,7,15,7,15,8,15,8,14,8,14,9,13,9,13,10,14,9,13,10,12,10,0,0,4,-15,4,-16,3,-15,4,-17,3,-16,4,-16,3,-16,3,-16,3,-16,2,-15,3,-17,2,-17,2,-17,2,-17,2,-17,1,-18,0,-18,1,-17,0,-18,1,-17,1,-18,0,-18,1,-18,-1,-18,0,-19,-1,-20,0,0,-1,-19,-1,-19,-2,-20,-2,-19,-1,-20,-1,-20,-1,-20,-1,-20,-2,-20,-2,-20,-2,-21,-1,-20,-2,-21,-2,-22,-2,-21,-2,-23,-2,-22,-1,-23,-1,-23,0,-23,1,-24,1,-23,2,-23,1,-24,4,-24,4,-25,0,0]"
CSI_DATA: 1122,4,234,234,260,233,270,0,-30,-27,105142.320,105144.197,57.917,105364.91,318.505,60.91,"[-4,3,-4,4,-3,4,-3,4,-3,5,-2,5,-2,5,-2,5,-2,5,-1,6,-1,6,0,6,0,7,0,7,0,7,1,7,2,7,2,7,2,7,2,7,2,8,3,7,3,7,5,7,5,8,6,8,0,0,6,8,7,8,7,8,8,8,8,9,8,9,8,9,8,9,9,9,10,10,11,10,10,10,10,11,10,11,10,11,11,12,11,12,11,12,10,12,10,13,9,13,9,13,8,14,9,14,8,14,7,15,0,0,-6,10,-5,11,-4,11,-4,12,-4,12,-4,12,-4,12,-3,12,-3,12,-3,12,-3,13,-2,13,-2,14,-1,13,-2,13,0,14,0,13,0,13,1,14,1,14,1,14,2,14,2,14,4,13,4,15,5,15,0,0,6,15,6,16,7,16,8,15,8,16,8,17,9,17,9,17,10,17,11,18,12,19,10,19,11,19,11,20,12,21,13,21,12,22,12,23,12,24,11,23,10,25,9,25,9,26,10,27,8,27,7,27,0,0]"
CSI_DATA: 1123,5,251,251,257,250,270,0,-24,-22,105145.333,105147.211,102.405,105410.536,364.950,106.536,"[8,14,8,14,9,13,9,14,8,14,8,13,8,13,8,13,8,13,9,12,9,13,9,12,10,13,10,12,9,13,10,12,10,11,10,11,10,12,10,12,10,12,11,12,10,12,12,11,12,12,12,11,0,0,12,11,13,11,14,11,13,10,13,11,13,12,14,12,13,12,14,11,14,11,15,12,14,12,14,12,15,13,14,12,15,13,15,13,14,13,14,14,13,14,13,15,12,15,12,16,13,16,11,16,11,17,0,0,-13,3,-14,3,-13,4,-15,3,-14,3,-14,4,-14,4,-14,4,-14,4,-13,4,-14,5,-14,6,-14,6,-14,6,-14,6,-14,7,-14,7,-14,7,-14,8,-15,7,-15,7,-14,8,-15,7,-14,9,-15,9,-15,10,0,0,-15,10,-15,10,-15,11,-14,11,-15,10,-15,11,-15,10,-15,10,-15,11,-15,11,-15,12,-15,11,-15,11,-16,12,-16,13,-16,13,-16,13,-17,13,-17,13,-17,12,-19,12,-18,11,-19,11,-20,12,-21,10,-21,10,0,0]"
CSI_DATA: 1124,6,235,235,241,234,270,0,-22,-19,105148.521,105150.398,157.958,105476.611,431.25,172.611,"[2,-13,2,-13,1,-13,2,-14,1,-13,1,-13,1,-13,1,-13,0,-13,0,-13,0,-14,-1,-14,-1,-14,-1,-14,0,-14,-2,-14,-2,-14,-2,-14,-2,-14,-2,-14,-1,-15,-2,-14,-2,-14,-3,-14,-3,-16,-3,-15,0,0,-3,-15,-3,-16,-4,-16,-4,-15,-3,-16,-3,-17,-3,-17,-3,-16,-3,-16,-3,-16,-4,-17,-3,-17,-3,-17,-3,-17,-3,-17,-3,-18,-3,-17,-3,-18,-2,-17,-2,-17,-1,-18,0,-18,-1,-17,0,-18,1,-18,1,-17,0,0,14,2,14,2,14,1,16,2,15,1,15,1,15,1,15,1,15,1,15,1,16,1,16,0,16,0,15,-1,16,0,16,-2,15,-3,15,-3,16,-3,16,-3,17,-3,16,-4,17,-4,17,-6,18,-6,18,-8,0,0,18,-8,18,-8,19,-8,18,-9,20,-8,20,-9,20,-9,20,-9,20,-9,21,-10,22,-11,21,-10,21,-10,22,-10,22,-10,23,-10,23,-10,24,-10,24,-9,24,-8,25,-8,24,-7,25,-7,25,-8,26,-5,26,-5,0,0]"
CSI_DATA: 1125,7,226,226,231,226,270,0,-20,-19,105063.560,105065.438,202.205,105544.404,498.818,240.404,"[13,-5,13,-5,13,-6,14,-5,13,-5,13,-5,13,-5,12,-5,12,-5,12,-5,13,-6,12,-6,12,-6,12,-6,12,-6,12,-7,11,-7,11,-6,11,-7,11,-7,12,-7,11,-7,11,-6,10,-8,11,-8,11,-9,0,0,10,-9,11,-9,11,-10,10,-10,11,-10,11,-10,11,-10,11,-10,11,-10,11,-11,11,-12,11,-11,11,-12,12,-12,11,-12,12,-13,12,-13,13,-13,13,-12,14,-11,15,-11,15,-11,15,-11,16,-12,17,-11,17,-10,0,0,18,0,19,0,18,-1,20,0,19,0,19,0,18,0,18,0,18,1,17,1,18,1,17,0,17,0,16,0,16,0,17,-2,16,-3,15,-2,16,-3,16,-2,16,-2,16,-3,16,-2,16,-4,17,-3,18,-4,0,0,17,-4,17,-4,18,-4,17,-4,17,-3,18,-3,18,-3,17,-3,17,-3,16,-2,17,-2,16,-1,16,-1,16,-1,15,-1,16,-1,15,-1,15,-1,14,0,13,0,13,0,12,1,12,1,12,0,11,1,11,1,0,0]"
CSI_DATA: 1126,3,224,224,258,223,271,0,-30,-21,105535.245,105537.149,12.48,105707.465,163.61,13.465,"[6,-5,5,-5,5,-6,5,-6,5,-6,4,-6,4,-6,3,-6,3,-7,2,-7,2,-8,1,-8,1,-9,1,-9,1,-9,0,-10,0,-10,0,-10,-1,-10,-1,-11,0,-11,-1,-11,-1,-12,-2,-12,-2,-13,-2,-13,0,0,-3,-13,-3,-14,-4,-14,-4,-14,-3,-14,-3,-15,-3,-15,-3,-15,-4,-15,-4,-15,-5,-17,-4,-16,-5,-17,-5,-18,-5,-18,-6,-19,-6,-19,-5,-19,-5,-20,-4,-20,-3,-21,-3,-21,-2,-22,-3,-22,-1,-23,0,-23,0,0,15,-4,15,-5,15,-5,16,-5,15,-5,16,-5,16,-5,15,-5,15,-5,15,-5,16,-6,16,-6,15,-6,15,-7,15,-6,15,-8,14,-7,15,-7,14,-8,15,-7,15,-7,15,-8,15,-7,14,-9,15,-9,15,-10,0,0,14,-10,15,-11,15,-11,15,-11,15,-11,16,-11,15,-11,15,-10,15,-11,15,-11,16,-12,15,-11,15,-11,16,-11,16,-12,16,-12,16,-12,17,-11,17,-11,17,-10,18,-10,17,-10,18,-9,18,-10,18,-8,18,-8,0,0]"
CSI_DATA: 1127,4,235,235,261,234,271,0,-26,-27,105532.324,105534.228,57.903,105765.81,220.677,71.81,"[6,6,6,6,7,5,8,6,7,6,8,5,8,5,8,5,8,5,8,4,9,4,9,4,10,4,10,3,10,4,11,3,11,2,11,2,11,2,11,2,12,2,12,1,12,2,13,0,13,1,14,0,0,0,14,0,14,0,15,-1,14,-1,15,-1,16,-1,16,-1,15,-1,16,-1,16,-1,17,-1,17,0,17,-1,17,-1,17,0,18,0,18,0,17,1,17,1,17,2,17,3,17,3,17,3,17,3,16,5,15,5,0,0,11,-6,11,-7,10,-8,11,-8,11,-8,11,-8,11,-8,11,-8,11,-9,10,-9,12,-10,11,-10,11,-11,10,-11,11,-10,11,-12,10,-12,10,-11,9,-12,10,-12,10,-12,9,-12,10,-12,8,-13,9,-14,9,-15,0,0,8,-15,8,-16,7,-17,7,-16,8,-17,8,-17,8,-17,8,-17,7,-18,7,-18,7,-20,8,-19,7,-19,8,-20,8,-20,8,-22,8,-22,9,-22,10,-22,10,-21,12,-21,11,-21,12,-21,12,-22,14,-20,14,-20,0,0]"
CSI_DATA: 1128,5,252,252,258,251,271,0,-23,-21,105535.337,105537.241,102.507,105826.895,282.491,132.895,"[8,-14,8,-14,7,-15,8,-15,8,-15,8,-15,7,-14,8,-14,7,-14,7,-15,7,-16,7,-16,7,-16,6,-16,6,-16,5,-17,5,-16,5,-16,5,-16,5,-17,6,-17,5,-17,6,-16,4,-17,5,-18,4,-18,0,0,4,-18,4,-19,3,-19,3,-18,4,-19,4,-19,4,-19,4,-19,4,-19,4,-19,3,-21,4,-19,4,-19,4,-20,4,-19,4,-20,5,-20,5,-20,6,-19,6,-19,7,-18,7,-18,8,-18,7,-19,8,-18,8,-17,0,0,0,-16,-1,-16,-2,-15,-1,-16,-1,-16,-1,-16,-2,-16,-2,-16,-1,-16,-2,-16,-2,-17,-3,-17,-3,-16,-3,-16,-2,-16,-4,-17,-4,-16,-3,-17,-4,-16,-4,-17,-3,-17,-4,-17,-3,-17,-6,-17,-5,-18,-6,-18,0,0,-5,-18,-6,-18,-6,-18,-6,-18,-5,-18,-6,-19,-6,-18,-6,-18,-6,-18,-6,-19,-7,-20,-6,-18,-6,-18,-6,-19,-6,-20,-7,-20,-7,-20,-6,-20,-6,-20,-6,-20,-5,-21,-5,-20,-4,-21,-4,-21,-2,-22,-2,-22,0,0]"
CSI_DATA: 1129,6,236,236,242,235,271,0,-22,-18,105538.525,105540.430,157.837,105896.321,351.917,202.321,"[9,-7,8,-8,8,-8,9,-9,8,-8,8,-8,7,-9,7,-8,7,-9,7,-9,7,-10,6,-10,6,-10,6,-10,7,-10,6,-11,5,-11,6,-11,5,-11,6,-11,6,-11,6,-12,6,-11,4,-12,5,-13,5,-13,0,0,5,-13,5,-13,5,-15,5,-13,5,-14,5,-14,5,-14,5,-15,5,-14,5,-14,5,-16,5,-15,6,-15,6,-16,6,-15,6,-16,6,-16,6,-15,7,-16,8,-15,8,-15,9,-15,9,-15,9,-16,10,-15,10,-14,0,0,13,-9,13,-9,13,-9,14,-10,13,-9,14,-10,14,-10,13,-9,14,-9,13,-10,14,-11,13,-11,13,-11,12,-11,13,-10,12,-13,11,-13,12,-12,11,-13,11,-13,12,-13,11,-13,12,-13,10,-16,11,-16,11,-17,0,0,11,-17,11,-17,11,-18,10,-18,11,-18,12,-18,12,-18,12,-18,12,-19,12,-20,12,-21,12,-19,12,-20,13,-20,13,-20,13,-21,13,-20,14,-20,15,-20,15,-19,16,-19,16,-18,16,-18,16,-19,18,-17,18,-17,0,0]"
CSI_DATA: 1130,7,227,227,232,227,271,0,-21,-20,105453.565,105455.469,202.91,105964.805,420.401,270.805,"[0,-16,-1,-16,-2,-16,-1,-17,-1,-16,-1,-16,-2,-15,-1,-15,-2,-15,-2,-15,-2,-16,-3,-16,-3,-16,-3,-15,-3,-15,-4,-16,-4,-15,-4,-14,-5,-15,-5,-15,-4,-15,-5,-15,-4,-15,-6,-15,-6,-16,-7,-15,0,0,-8,-15,-8,-16,-9,-15,-9,-15,-9,-16,-10,-16,-9,-16,-10,-16,-10,-16,-10,-16,-11,-17,-10,-17,-11,-18,-11,-18,-11,-18,-12,-19,-12,-19,-12,-20,-11,-20,-11,-20,-10,-21,-10,-22,-10,-23,-10,-23,-8,-24,-8,-24,0,0,-18,-4,-18,-4,-19,-3,-20,-4,-19,-4,-19,-4,-19,-4,-18,-5,-18,-5,-17,-4,-18,-5,-18,-4,-17,-4,-17,-3,-16,-3,-18,-1,-16,0,-16,-1,-17,0,-18,0,-18,-1,-18,0,-18,-1,-18,1,-19,0,-19,1,0,0,-19,1,-20,1,-20,1,-20,1,-20,0,-20,0,-20,-1,-19,-1,-19,0,-19,-1,-20,0,-19,-2,-18,-2,-18,-2,-19,-1,-19,-1,-19,-1,-17,-2,-17,-2,-16,-3,-16,-4,-16,-3,-16,-4,-16,-3,-15,-4,-14,-4,0,0]"
CSI_DATA: 1131,3,225,225,259,224,272,0,-28,-22,105925.251,105927.83,12.09,106097.294,132.489,13.294,"[-4,14,-4,14,-3,14,-4,15,-3,15,-3,15,-2,15,-2,14,-2,15,-1,14,-2,16,-1,15,-1,16,0,15,-1,15,1,15,1,15,1,14,2,15,2,15,2,15,3,15,2,14,4,15,4,16,5,15,0,0,6,15,6,15,7,15,7,15,7,16,8,16,8,16,9,16,9,16,10,16,11,17,10,17,10,17,11,18,11,18,12,19,12,20,12,20,11,21,10,21,9,22,9,22,8,23,8,23,6,24,6,24,0,0,-3,14,-3,14,-1,14,-2,15,-2,14,-2,15,-2,14,-2,14,-2,14,-1,14,-1,15,0,15,0,15,0,15,-1,15,1,15,1,14,1,14,2,15,1,15,1,15,2,15,1,15,3,15,3,16,4,16,0,0,4,16,4,16,5,17,5,16,4,17,4,17,4,17,4,17,5,17,5,17,5,18,4,17,4,17,4,18,4,18,4,19,4,19,3,19,3,19,2,18,1,19,1,18,0,18,1,19,0,18,-1,18,0,0]"
CSI_DATA: 1132,4,236,236,262,235,272,0,-35,-25,105922.331,105924.163,57.912,106145.817,181.12,61.817,"[4,9,5,9,5,7,5,8,5,7,5,7,5,6,5,5,5,5,6,4,6,4,6,3,7,3,7,2,7,2,8,1,7,1,7,1,8,0,8,0,8,0,8,-1,8,-1,8,-2,9,-2,9,-3,0,0,9,-4,9,-5,9,-5,9,-6,9,-6,10,-7,10,-7,10,-8,10,-9,10,-9,11,-11,11,-11,12,-11,12,-13,12,-13,13,-14,14,-15,14,-15,16,-15,16,-15,18,-15,19,-15,21,-15,22,-16,24,-15,25,-14,0,0,-14,2,-14,3,-13,4,-14,3,-14,4,-14,3,-14,4,-14,4,-14,4,-13,5,-14,5,-14,6,-14,6,-13,6,-13,6,-13,7,-12,8,-13,7,-12,9,-13,8,-12,8,-11,9,-12,9,-10,11,-12,11,-11,12,0,0,-10,12,-11,14,-10,15,-10,15,-10,15,-11,16,-11,16,-10,17,-10,17,-10,18,-10,19,-11,19,-11,19,-12,20,-12,20,-12,22,-12,22,-13,23,-15,22,-15,21,-17,22,-16,21,-17,21,-17,22,-20,20,-20,21,0,0]"
CSI_DATA: 1133,6,237,237,243,236,272,0,-27,-19,105928.533,105930.365,157.865,106243.242,278.437,159.242,"[-10,2,-11,2,-10,3,-11,3,-11,3,-11,3,-11,4,-11,5,-11,5,-11,5,-12,5,-12,6,-12,6,-11,6,-12,6,-12,7,-11,7,-11,7,-12,8,-12,8,-13,8,-12,8,-12,8,-12,9,-13,9,-12,9,0,0,-12,9,-13,9,-13,10,-12,10,-13,10,-14,10,-13,10,-13,10,-13,10,-12,10,-13,10,-13,10,-14,10,-14,10,-14,10,-14,10,-14,10,-14,10,-14,10,-14,9,-15,9,-15,8,-16,8,-16,8,-16,6,-16,6,0,0,-16,1,-16,1,-16,2,-17,1,-17,1,-17,1,-17,1,-17,1,-18,1,-17,1,-18,2,-18,2,-18,2,-17,3,-18,2,-18,4,-17,4,-17,4,-17,5,-18,5,-18,4,-17,5,-18,5,-17,7,-19,7,-19,8,0,0,-19,8,-19,8,-20,9,-19,9,-20,9,-21,9,-21,9,-21,9,-21,9,-21,9,-22,11,-22,9,-22,9,-23,9,-22,9,-24,10,-23,9,-24,9,-25,8,-24,7,-25,7,-25,6,-25,5,-25,6,-26,4,-26,3,0,0]"
CSI_DATA: 1134,7,228,228,233,228,272,0,-21,-19,105843.573,105845.405,202.103,106299.206,334.401,215.206,"[13,-4,12,-5,12,-5,13,-5,12,-5,12,-5,12,-5,12,-5,12,-5,11,-5,12,-5,11,-6,11,-6,11,-6,11,-5,11,-7,10,-7,10,-6,10,-7,10,-7,10,-7,10,-7,10,-7,9,-8,10,-8,10,-9,0,0,10,-9,10,-10,10,-10,9,-10,10,-10,10,-10,10,-10,10,-10,10,-11,10,-11,11,-11,11,-11,11,-11,11,-11,11,-11,11,-12,12,-12,12,-12,12,-11,13,-11,13,-11,13,-10,14,-10,14,-10,15,-9,15,-8,0,0,-8,-18,-8,-18,-9,-18,-8,-20,-8,-19,-7,-19,-7,-19,-6,-18,-6,-18,-6,-17,-6,-19,-6,-17,-6,-17,-6,-15,-5,-15,-8,-15,-8,-14,-7,-14,-8,-14,-8,-15,-7,-15,-8,-14,-7,-15,-9,-14,-9,-15,-10,-15,0,0,-9,-15,-9,-15,-10,-15,-10,-15,-9,-15,-9,-16,-9,-15,-8,-15,-9,-15,-8,-15,-9,-16,-7,-15,-8,-14,-7,-14,-8,-14,-8,-15,-8,-14,-7,-14,-7,-14,-6,-14,-6,-14,-6,-13,-6,-13,-6,-13,-5,-14,-5,-13,0,0]"
CSI_DATA: 1135,4,237,237,263,236,273,0,-31,-28,106312.307,106314.211,57.920,106533.308,234.102,59.310,"[-7,-13,-8,-13,-9,-12,-9,-14,-9,-13,-10,-13,-9,-13,-9,-12,-9,-12,-10,-12,-11,-12,-11,-11,-11,-11,-11,-11,-12,-11,-13,-10,-12,-10,-12,-9,-13,-9,-13,-9,-13,-9,-14,-8,-13,-8,-15,-7,-15,-8,-16,-7,0,0,-16,-7,-16,-7,-17,-7,-16,-6,-17,-6,-17,-7,-17,-7,-17,-7,-17,-7,-17,-7,-18,-7,-17,-7,-17,-7,-18,-8,-17,-8,-18,-9,-17,-9,-17,-10,-16,-11,-14,-11,-14,-12,-13,-12,-12,-12,-12,-12,-10,-13,-9,-13,0,0,11,2,11,2,12,1,12,2,13,2,13,2,13,2,13,2,13,2,13,2,14,1,14,1,14,1,14,0,14,2,16,1,14,0,15,0,14,-1,15,0,14,1,15,0,15,0,15,-2,16,-2,16,-2,0,0,16,-3,17,-3,16,-4,17,-4,17,-3,18,-4,18,-4,18,-4,18,-4,19,-5,20,-6,18,-5,19,-5,20,-5,21,-5,21,-5,22,-5,22,-5,22,-4,22,-3,23,-2,22,-2,23,-2,23,-3,23,0,23,1,0,0]"
CSI_DATA: 1136,5,254,254,260,253,273,0,-34,-21,106315.320,106317.224,102.509,106591.140,291.934,117.142,"[-5,-8,-6,-7,-6,-8,-7,-8,-7,-7,-7,-7,-7,-7,-7,-7,-7,-8,-7,-7,-8,-8,-8,-7,-8,-8,-8,-8,-8,-8,-8,-8,-8,-7,-8,-7,-9,-7,-8,-8,-8,-8,-9,-7,-8,-7,-9,-7,-10,-8,-10,-7,0,0,-10,-7,-10,-8,-10,-8,-9,-7,-10,-8,-10,-9,-9,-9,-9,-9,-9,-8,-9,-8,-10,-9,-9,-9,-9,-9,-8,-9,-8,-8,-9,-8,-9,-9,-8,-8,-8,-8,-8,-9,-8,-9,-7,-9,-7,-9,-8,-9,-7,-9,-7,-9,0,0,-12,7,-12,8,-11,8,-12,8,-12,8,-12,8,-12,8,-12,8,-12,8,-11,8,-12,10,-11,10,-11,10,-11,10,-11,10,-11,11,-10,11,-11,11,-10,12,-11,11,-12,11,-11,12,-11,11,-10,13,-11,13,-11,14,0,0,-10,14,-11,13,-11,14,-10,14,-10,14,-11,14,-11,14,-11,14,-11,15,-10,15,-10,16,-10,15,-10,15,-11,15,-11,16,-11,17,-11,17,-11,17,-12,17,-12,16,-13,17,-13,15,-14,16,-14,17,-15,16,-16,16,0,0]"
CSI_DATA: 1137,7,229,229,234,229,273,0,-23,-21,106233.550,106235.454,202.96,106680.225,381.19,206.227,"[-12,2,-12,3,-11,3,-12,3,-12,3,-11,4,-11,3,-11,4,-11,4,-10,4,-11,5,-11,6,-11,6,-11,6,-11,5,-11,7,-10,6,-10,6,-10,7,-11,6,-11,6,-10,7,-10,7,-10,8,-11,8,-10,8,0,0,-10,9,-10,9,-10,10,-9,10,-10,10,-10,11,-10,11,-10,11,-10,12,-10,12,-10,13,-10,12,-10,13,-11,14,-11,13,-12,14,-12,14,-12,14,-13,14,-14,14,-15,13,-15,13,-16,13,-16,14,-18,12,-18,12,0,0,14,-13,14,-13,13,-13,15,-13,14,-12,14,-12,14,-12,14,-11,14,-11,13,-10,14,-11,13,-11,12,-10,11,-10,11,-10,10,-12,9,-12,10,-12,9,-12,10,-13,11,-13,10,-13,11,-13,9,-14,11,-15,10,-15,0,0,10,-15,11,-15,10,-15,10,-15,11,-15,12,-15,12,-14,12,-14,11,-15,11,-14,11,-15,11,-14,11,-13,11,-13,11,-14,11,-14,11,-14,11,-13,11,-13,11,-12,11,-12,11,-12,11,-12,11,-13,12,-11,11,-11,0,0]"
CSI_DATA: 1138,3,226,226,260,225,274,0,-31,-22,106705.231,106707.140,12.13,106877.490,197.265,13.490,"[5,-12,5,-13,5,-13,6,-13,6,-13,6,-13,6,-13,6,-13,6,-13,6,-13,7,-15,6,-15,6,-15,6,-15,7,-15,6,-16,6,-16,6,-15,6,-16,7,-16,7,-16,6,-17,7,-16,6,-17,7,-18,6,-18,0,0,6,-18,6,-18,5,-19,5,-18,6,-19,6,-19,5,-19,5,-19,5,-19,4,-19,4,-20,4,-20,4,-21,4,-22,3,-21,3,-23,3,-23,3,-24,4,-24,4,-24,5,-25,6,-25,7,-26,6,-27,8,-27,9,-27,0,0,2,-15,2,-15,1,-15,2,-15,1,-15,2,-16,2,-15,2,-15,1,-15,1,-15,1,-16,0,-16,0,-16,0,-16,1,-16,-1,-17,-1,-16,0,-15,-1,-16,0,-16,0,-16,-1,-17,-1,-16,-3,-16,-2,-17,-3,-18,0,0,-3,-17,-3,-18,-3,-19,-3,-18,-2,-18,-2,-19,-2,-19,-1,-18,-2,-19,-2,-18,-3,-20,-2,-18,-1,-19,-1,-19,-1,-19,-1,-20,-1,-19,0,-19,1,-19,1,-18,2,-19,2,-18,2,-18,2,-18,3,-18,3,-17,0,0]"
CSI_DATA: 1139,4,238,238,264,237,274,0,-39,-28,106702.313,106704.222,57.870,106933.499,253.274,69.499,"[3,-12,2,-12,2,-11,2,-11,2,-10,1,-9,1,-9,1,-9,1,-8,1,-8,1,-8,0,-7,0,-7,0,-6,0,-6,0,-7,0,-6,0,-6,1,-6,1,-6,1,-6,1,-6,1,-6,1,-7,1,-7,1,-8,0,0,1,-8,2,-9,1,-10,1,-10,2,-11,2,-12,2,-12,2,-13,1,-14,1,-14,1,-16,1,-16,1,-18,0,-20,0,-20,-1,-22,0,-22,0,-24,1,-24,1,-25,2,-27,2,-28,2,-29,0,-31,2,-32,3,-32,0,0,5,-12,5,-12,4,-12,5,-13,4,-13,4,-13,4,-13,4,-13,4,-13,3,-13,3,-14,3,-14,3,-14,2,-15,4,-14,2,-15,1,-14,2,-14,1,-14,2,-15,2,-15,1,-15,1,-14,-1,-15,0,-16,-1,-16,0,0,-2,-16,-2,-17,-2,-17,-3,-16,-3,-17,-2,-17,-3,-18,-3,-17,-3,-18,-4,-18,-4,-19,-3,-19,-4,-19,-3,-20,-3,-20,-4,-21,-3,-22,-3,-21,-2,-22,-2,-22,-1,-22,0,-22,0,-23,-1,-23,2,-23,2,-23,0,0]"
CSI_DATA: 1140,5,255,255,261,254,274,0,-33,-22,106705.326,106707.234,102.479,106998.720,318.495,134.720,"[7,13,7,14,8,12,8,14,7,13,8,13,8,12,8,12,8,12,8,11,9,12,10,11,10,11,10,11,10,12,12,10,11,9,11,9,12,10,12,10,13,10,13,10,13,10,14,9,15,10,16,10,0,0,16,9,16,9,17,9,17,8,17,10,17,10,17,10,17,10,18,10,18,9,19,10,18,10,19,10,19,11,18,11,19,11,18,11,18,12,18,13,17,13,17,13,16,14,16,14,16,14,15,15,14,15,0,0,4,-15,4,-16,2,-15,4,-16,3,-16,4,-16,4,-16,3,-16,4,-16,2,-15,2,-16,2,-17,1,-17,1,-16,2,-17,1,-18,1,-17,1,-17,0,-17,1,-18,2,-18,1,-18,1,-18,-1,-18,0,-20,-1,-20,0,0,0,-20,0,-20,0,-21,0,-20,0,-20,0,-21,1,-21,0,-20,0,-21,0,-20,-1,-22,0,-21,0,-21,0,-22,1,-22,0,-23,0,-22,1,-23,1,-23,2,-22,3,-23,4,-23,3,-23,3,-24,5,-24,6,-24,0,0]"
CSI_DATA: 1141,6,238,238,244,237,274,0,-28,-17,106708.515,106710.424,157.911,107062.796,382.571,198.796,"[-7,4,-7,4,-6,4,-7,5,-7,5,-7,5,-7,4,-6,5,-7,5,-6,5,-6,6,-6,6,-6,7,-6,7,-7,7,-6,6,-6,7,-6,7,-6,8,-6,7,-6,8,-6,8,-5,7,-5,8,-5,9,-5,9,0,0,-5,9,-5,9,-5,10,-4,9,-5,10,-5,10,-5,10,-4,11,-5,10,-3,11,-4,12,-4,12,-4,13,-5,13,-5,13,-5,14,-5,14,-5,14,-6,14,-7,13,-8,14,-8,14,-8,14,-8,14,-9,14,-10,14,0,0,-5,14,-5,14,-4,14,-5,15,-5,15,-5,15,-5,15,-5,14,-5,15,-4,15,-4,16,-3,16,-3,15,-2,15,-3,15,-2,16,-1,14,-1,15,0,15,0,16,0,16,0,16,0,16,3,16,3,17,4,17,0,0,4,18,4,18,5,18,5,19,5,18,5,20,5,20,5,19,6,20,6,21,7,21,6,21,6,21,6,22,6,22,6,23,6,23,6,24,5,24,4,24,3,25,3,24,3,25,3,24,1,25,0,25,0,0]"
CSI_DATA: 1142,7,230,230,235,230,274,0,-20,-22,106623.556,106625.464,202.57,107122.611,442.386,258.611,"[-2,15,-2,15,-1,15,-2,16,-1,15,-2,15,-2,14,-2,14,-2,14,-1,14,-1,15,0,14,-1,14,0,14,-1,14,1,14,1,13,0,13,1,13,1,14,0,14,1,14,1,13,3,13,2,14,3,14,0,0,3,14,3,14,4,14,4,13,4,14,4,15,4,14,4,14,4,14,4,14,5,15,4,15,5,15,5,16,5,15,6,16,6,17,5,17,4,17,4,17,3,18,3,18,3,18,3,19,2,19,1,19,0,0,10,-15,10,-15,10,-15,11,-16,11,-15,12,-15,12,-15,11,-14,12,-13,11,-13,11,-13,10,-13,10,-12,8,-12,8,-12,8,-14,6,-14,6,-14,6,-14,7,-14,7,-15,7,-15,7,-15,5,-16,7,-17,6,-17,0,0,6,-17,7,-17,7,-18,7,-17,7,-17,8,-17,8,-17,8,-16,8,-17,7,-17,7,-18,8,-16,8,-16,8,-16,8,-16,8,-17,7,-16,8,-16,8,-15,8,-15,9,-15,9,-14,9,-14,8,-15,9,-14,9,-14,0,0]"
CSI_DATA: 1143,3,227,227,261,226,275,0,-24,-22,107095.232,107097.107,12.31,107267.350,144.739,13.350,"[-12,8,-12,9,-11,10,-13,10,-12,10,-12,10,-12,10,-12,10,-12,10,-11,11,-12,12,-11,12,-12,13,-12,13,-12,12,-12,13,-11,13,-11,13,-11,14,-12,14,-12,14,-12,14,-12,14,-10,16,-12,16,-11,17,0,0,-11,17,-12,17,-12,18,-10,17,-12,18,-12,18,-12,18,-12,18,-12,18,-11,18,-12,20,-13,18,-13,19,-13,19,-13,19,-13,20,-14,20,-14,20,-15,19,-15,19,-16,19,-17,18,-17,18,-17,19,-18,17,-18,17,0,0,1,-17,0,-17,0,-17,1,-19,0,-17,1,-18,0,-18,1,-17,1,-17,0,-17,1,-18,0,-18,0,-18,0,-17,1,-17,-1,-18,-1,-17,0,-16,-1,-17,0,-17,0,-17,-1,-16,0,-16,-2,-17,-1,-17,-2,-18,0,0,-2,-17,-2,-17,-3,-18,-3,-17,-2,-17,-2,-18,-2,-17,-2,-17,-2,-17,-2,-17,-3,-19,-1,-17,-1,-17,-2,-17,-2,-18,-2,-18,-2,-18,-1,-18,-1,-18,0,-17,0,-18,0,-17,1,-17,1,-18,2,-18,2,-17,0,0]"
CSI_DATA: 1144,4,239,239,265,238,275,0,-31,-29,107092.315,107094.190,57.923,107327.902,205.291,73.902,"[7,1,7,0,8,-1,8,-1,9,-1,9,-1,9,-1,9,-1,10,-1,10,-2,11,-2,11,-3,11,-3,11,-3,11,-2,12,-4,11,-4,11,-4,11,-4,12,-4,12,-4,12,-5,12,-5,12,-7,13,-7,12,-8,0,0,12,-8,13,-9,13,-10,13,-10,14,-10,15,-10,15,-10,15,-11,15,-11,15,-12,15,-13,15,-13,16,-13,17,-13,17,-13,17,-14,19,-14,18,-13,20,-13,20,-12,21,-12,22,-11,23,-11,22,-12,23,-10,23,-9,0,0,-8,-13,-9,-13,-9,-12,-9,-13,-8,-12,-9,-13,-9,-12,-8,-12,-9,-12,-9,-12,-10,-13,-10,-12,-10,-12,-10,-12,-9,-13,-11,-11,-11,-11,-10,-11,-11,-11,-10,-11,-10,-11,-11,-10,-10,-11,-12,-10,-12,-10,-13,-10,0,0,-13,-9,-13,-9,-14,-9,-14,-9,-14,-9,-14,-9,-14,-9,-14,-9,-15,-9,-15,-9,-17,-9,-15,-9,-16,-9,-16,-10,-17,-10,-18,-11,-17,-10,-17,-11,-17,-12,-17,-12,-17,-12,-15,-12,-15,-14,-16,-13,-15,-15,-15,-15,0,0]"
CSI_DATA: 1145,5,256,256,261,255,275,0,-33,-20,106705.326,107097.202,102.532,107400.925,278.314,146.925,"[7,13,7,14,8,12,8,14,7,13,8,13,8,12,8,12,8,12,8,11,9,12,10,11,10,11,10,11,10,12,12,10,11,9,11,9,12,10,12,10,13,10,13,10,13,10,14,9,15,10,16,10,0,0,16,9,16,9,17,9,17,8,17,10,17,10,17,10,17,10,18,10,18,9,19,10,18,10,19,10,19,11,18,11,19,11,18,11,18,12,18,13,17,13,17,13,16,14,16,14,16,14,15,15,14,15,0,0,15,1,15,1,15,0,17,0,16,1,16,1,16,0,15,0,15,0,15,0,17,0,16,-1,17,-1,16,-1,17,0,17,-2,17,-3,16,-2,17,-2,17,-2,17,-1,17,-2,17,-1,17,-4,18,-3,19,-3,0,0,18,-4,19,-4,19,-4,18,-4,19,-3,19,-4,19,-3,19,-3,19,-4,19,-4,20,-5,19,-3,19,-4,19,-4,19,-4,20,-4,20,-4,21,-4,21,-3,20,-2,21,-2,20,-1,21,-1,21,-1,21,0,21,1,0,0]"
CSI_DATA: 1146,6,239,239,245,238,275,0,-31,-19,107098.517,107100.392,158.250,107463.232,340.621,209.232,"[-3,-9,-3,-8,-3,-8,-3,-9,-3,-8,-4,-8,-5,-8,-4,-8,-5,-8,-5,-8,-5,-9,-6,-8,-6,-9,-6,-9,-6,-9,-7,-9,-7,-8,-7,-8,-7,-9,-7,-9,-7,-9,-7,-9,-7,-9,-8,-8,-8,-9,-9,-9,0,0,-8,-9,-8,-10,-9,-10,-9,-9,-9,-10,-9,-10,-9,-10,-9,-9,-10,-10,-10,-9,-11,-10,-10,-10,-10,-10,-10,-10,-11,-10,-11,-11,-11,-10,-11,-11,-11,-11,-10,-11,-10,-13,-10,-13,-10,-13,-10,-13,-9,-14,-9,-14,0,0,-16,-1,-16,-1,-16,0,-17,-1,-17,-1,-17,-1,-17,-1,-17,-1,-17,-1,-17,-1,-18,0,-17,0,-17,0,-17,1,-17,0,-17,2,-16,3,-16,2,-16,3,-17,3,-17,3,-17,4,-17,4,-17,6,-18,6,-19,7,0,0,-18,7,-19,8,-19,8,-19,9,-20,9,-21,9,-20,9,-20,9,-21,9,-21,10,-22,11,-22,9,-21,9,-22,9,-23,10,-24,11,-23,10,-24,10,-25,9,-24,8,-26,8,-25,7,-26,7,-26,7,-27,6,-27,5,0,0]"
CSI_DATA: 1147,7,231,231,236,231,275,0,-24,-20,107013.558,107015.433,202.89,107532.924,410.313,278.924,"[-12,-9,-12,-9,-12,-8,-13,-10,-12,-9,-12,-9,-12,-8,-11,-8,-11,-8,-11,-7,-12,-8,-12,-7,-12,-8,-12,-7,-11,-7,-12,-6,-12,-6,-11,-6,-12,-6,-12,-6,-12,-6,-12,-5,-11,-5,-12,-4,-13,-5,-13,-4,0,0,-13,-3,-13,-3,-13,-3,-13,-2,-14,-3,-14,-2,-14,-2,-14,-2,-15,-2,-15,-1,-16,0,-15,-1,-16,-1,-17,-1,-17,-1,-18,-1,-18,-1,-19,-1,-19,-2,-19,-3,-20,-3,-20,-4,-20,-4,-21,-4,-21,-6,-21,-7,0,0,1,17,1,17,3,16,2,19,1,17,1,18,1,18,0,17,0,17,0,15,0,17,1,16,1,15,1,14,1,14,3,14,4,13,3,13,5,14,4,14,4,14,5,14,4,14,7,14,6,15,7,16,0,0,7,15,7,15,7,16,7,15,7,16,7,17,6,16,6,16,6,16,6,16,7,17,5,16,5,15,5,16,5,15,5,16,5,15,5,16,4,16,4,15,3,15,3,14,2,14,3,15,2,15,2,15,0,0]"
CSI_DATA: 1148,3,228,228,262,227,276,0,-19,-31,107485.232,107489.185,13.83,107659.648,126.724,15.645,"[14,-2,13,-2,14,-3,14,-3,14,-3,14,-3,14,-3,13,-3,13,-4,14,-4,14,-4,14,-5,14,-5,14,-5,14,-5,14,-6,13,-6,13,-6,13,-7,14,-7,14,-7,14,-8,14,-7,13,-8,15,-8,14,-9,0,0,14,-9,14,-10,14,-10,14,-10,15,-10,15,-11,15,-11,15,-10,15,-11,15,-11,16,-12,16,-11,16,-11,16,-11,16,-11,16,-12,17,-12,17,-11,17,-11,17,-10,18,-10,18,-9,19,-9,19,-9,19,-8,19,-7,0,0,-20,-4,-21,-4,-20,-3,-22,-4,-20,-5,-20,-5,-20,-5,-19,-6,-19,-6,-18,-6,-20,-7,-19,-6,-18,-7,-18,-6,-17,-7,-18,-5,-17,-5,-16,-5,-16,-5,-16,-5,-16,-6,-16,-5,-14,-6,-15,-4,-15,-5,-15,-4,0,0,-14,-3,-14,-4,-15,-3,-14,-3,-14,-3,-14,-3,-13,-3,-13,-3,-13,-2,-12,-2,-13,-2,-11,-2,-11,-2,-11,-2,-11,-1,-12,-1,-11,0,-11,0,-11,0,-11,0,-11,0,-10,0,-11,0,-10,0,-11,0,-11,0,0,0]"
CSI_DATA: 1149,4,240,240,266,239,276,0,-26,-25,107482.316,107486.269,56.880,107718.986,186.62,74.983,"[2,14,2,14,3,14,3,15,3,15,3,15,3,15,3,14,3,15,3,14,3,15,4,15,3,15,3,14,3,15,5,15,5,13,4,14,5,14,5,14,5,14,6,14,5,14,6,13,6,15,7,14,0,0,7,14,7,14,7,14,8,14,8,15,8,15,8,15,7,14,8,14,7,14,8,15,6,15,6,15,6,15,6,15,7,15,7,15,6,16,6,15,5,15,4,15,4,15,3,15,3,15,2,15,1,15,0,0,-13,8,-12,8,-11,9,-12,9,-12,9,-11,9,-11,9,-11,9,-11,10,-11,10,-11,10,-11,10,-11,11,-10,11,-11,11,-10,12,-9,11,-9,11,-8,12,-9,12,-9,12,-8,13,-9,12,-7,13,-8,14,-8,14,0,0,-7,14,-7,16,-6,16,-6,16,-7,16,-7,17,-7,17,-7,17,-6,18,-7,18,-6,19,-7,18,-7,18,-8,18,-7,20,-7,20,-8,20,-9,20,-9,19,-9,19,-11,19,-11,19,-12,19,-12,19,-14,18,-14,17,0,0]"
CSI_DATA: 1150,5,257,257,262,256,276,0,-38,-20,107485.327,107489.281,111.501,107780.587,247.663,136.584,"[-6,-1,-6,-1,-6,-1,-5,-2,-5,-1,-5,-2,-5,-2,-5,-2,-5,-2,-5,-3,-5,-3,-6,-3,-6,-4,-6,-3,-6,-4,-7,-4,-6,-4,-7,-4,-7,-4,-7,-4,-8,-5,-8,-4,-8,-6,-9,-5,-9,-6,-10,-5,0,0,-10,-5,-11,-6,-11,-6,-12,-6,-12,-6,-13,-6,-13,-6,-13,-6,-14,-5,-13,-6,-15,-6,-14,-6,-15,-6,-15,-6,-15,-5,-16,-5,-16,-6,-16,-5,-16,-5,-16,-5,-16,-6,-16,-7,-16,-7,-16,-7,-16,-7,-15,-7,0,0,10,-9,10,-9,9,-10,11,-10,10,-10,10,-10,10,-11,9,-11,10,-11,9,-11,10,-12,9,-12,9,-12,9,-13,10,-12,9,-15,8,-14,9,-14,8,-14,9,-15,9,-15,9,-15,9,-15,8,-16,9,-17,8,-17,0,0,7,-17,8,-18,8,-18,7,-19,7,-18,8,-19,8,-19,8,-19,7,-20,7,-20,7,-21,8,-20,8,-20,8,-21,8,-22,8,-22,8,-23,9,-22,9,-22,10,-22,11,-22,11,-21,12,-22,12,-22,14,-22,14,-21,0,0]"
CSI_DATA: 1151,6,240,240,246,239,276,0,-31,-19,107488.518,107492.471,156.916,107849.336,316.412,205.333,"[-7,-5,-7,-5,-8,-4,-9,-4,-9,-4,-9,-4,-9,-4,-9,-3,-10,-4,-10,-3,-11,-4,-11,-3,-11,-3,-11,-3,-12,-3,-12,-3,-12,-3,-13,-3,-13,-2,-12,-2,-13,-3,-13,-2,-13,-3,-13,-2,-14,-2,-14,-2,0,0,-14,-2,-15,-2,-15,-2,-15,-1,-15,-2,-15,-1,-15,-2,-15,-1,-16,-1,-16,-1,-17,-1,-16,-2,-16,-2,-16,-1,-17,-1,-17,-1,-18,-1,-18,-2,-18,-2,-18,-2,-18,-3,-18,-3,-19,-4,-19,-4,-19,-5,-19,-6,0,0,-10,11,-10,11,-9,12,-11,12,-10,12,-10,12,-10,12,-10,12,-11,13,-10,12,-11,13,-10,13,-10,13,-10,13,-10,13,-8,15,-8,14,-8,14,-7,15,-7,15,-8,15,-7,16,-7,16,-5,17,-7,18,-6,19,0,0,-5,19,-5,19,-5,20,-4,20,-5,21,-5,21,-5,22,-5,22,-5,22,-5,23,-5,24,-6,23,-6,23,-6,23,-6,24,-6,24,-7,25,-7,25,-7,25,-8,24,-9,25,-9,23,-11,24,-10,24,-13,23,-12,23,0,0]"
CSI_DATA: 1152,7,232,232,237,232,276,0,-25,-20,107403.560,107407.513,211.58,107919.902,386.978,275.899,"[-12,7,-12,7,-11,8,-12,8,-12,8,-12,8,-12,8,-11,7,-11,8,-10,8,-11,8,-11,9,-11,9,-10,9,-11,8,-10,9,-9,9,-9,9,-9,9,-9,9,-9,9,-8,10,-9,9,-7,10,-8,10,-8,11,0,0,-7,11,-7,11,-6,12,-6,12,-6,12,-6,12,-6,12,-5,13,-5,13,-5,13,-5,15,-5,14,-5,15,-5,15,-5,16,-5,17,-6,18,-6,17,-7,18,-7,18,-8,18,-8,18,-10,19,-10,19,-12,19,-12,18,0,0,-8,5,-8,6,-7,6,-8,6,-8,6,-8,5,-8,5,-8,5,-8,5,-8,4,-8,4,-8,5,-7,4,-7,4,-7,4,-6,5,-6,5,-6,5,-6,6,-6,6,-6,6,-6,6,-6,6,-6,6,-7,6,-7,7,0,0,-6,7,-7,7,-7,7,-7,7,-7,7,-7,7,-7,7,-7,6,-7,7,-7,6,-7,6,-7,5,-7,5,-7,5,-7,5,-7,6,-7,6,-7,5,-7,5,-7,5,-7,5,-7,4,-7,4,-7,4,-7,4,-7,4,0,0]"
CSI_DATA: 1153,3,229,229,263,228,277,0,-24,-37,107875.229,107877.152,12.94,108051.891,131.989,17.893,"[-6,-12,-7,-12,-8,-11,-8,-13,-8,-13,-8,-13,-8,-13,-8,-13,-8,-13,-8,-13,-9,-14,-10,-13,-10,-14,-10,-14,-9,-14,-11,-14,-10,-13,-10,-13,-11,-13,-11,-14,-10,-14,-11,-13,-10,-14,-12,-13,-12,-14,-12,-14,0,0,-13,-14,-13,-14,-14,-14,-13,-13,-13,-14,-13,-14,-13,-14,-13,-14,-14,-14,-13,-13,-14,-14,-13,-14,-14,-14,-14,-15,-14,-14,-15,-14,-15,-14,-14,-14,-14,-15,-13,-15,-13,-15,-13,-15,-13,-16,-13,-15,-11,-16,-12,-16,0,0,-12,2,-11,2,-11,2,-12,2,-11,2,-11,1,-10,2,-10,1,-9,1,-8,2,-9,2,-8,3,-8,3,-8,3,-8,3,-8,4,-7,4,-8,4,-7,5,-8,5,-8,4,-8,5,-8,5,-8,5,-8,5,-8,6,0,0,-8,6,-8,6,-8,7,-8,7,-8,6,-8,7,-8,7,-8,7,-8,7,-7,7,-8,8,-8,8,-8,8,-8,8,-8,9,-8,10,-9,10,-9,11,-9,11,-10,10,-11,11,-11,10,-13,10,-13,10,-13,10,-14,9,0,0]"
CSI_DATA: 1154,4,241,241,267,240,277,0,-22,-33,107872.314,107874.236,57.940,108111.372,191.470,77.374,"[13,-3,14,-4,13,-5,15,-4,14,-4,14,-4,13,-5,13,-4,13,-4,13,-5,14,-5,13,-6,14,-6,14,-6,14,-5,13,-6,13,-6,12,-6,13,-7,13,-6,13,-6,13,-7,12,-6,12,-8,13,-8,13,-8,0,0,12,-9,13,-9,13,-9,12,-9,13,-9,13,-9,14,-9,13,-9,13,-9,13,-9,13,-10,14,-9,14,-9,14,-10,13,-9,14,-9,14,-9,14,-9,14,-8,14,-7,15,-7,15,-6,15,-6,15,-6,15,-5,15,-4,0,0,-8,-12,-8,-12,-8,-12,-8,-12,-8,-12,-8,-11,-8,-11,-8,-11,-8,-11,-8,-10,-9,-11,-9,-10,-9,-10,-9,-9,-8,-9,-10,-9,-9,-8,-9,-8,-9,-7,-9,-7,-9,-7,-10,-7,-10,-7,-11,-5,-11,-6,-12,-5,0,0,-12,-4,-13,-4,-13,-4,-13,-3,-14,-4,-15,-4,-14,-4,-14,-3,-16,-3,-16,-3,-17,-3,-16,-3,-17,-4,-18,-4,-19,-4,-19,-4,-20,-4,-20,-5,-20,-6,-20,-7,-20,-8,-19,-8,-20,-9,-21,-8,-20,-11,-20,-11,0,0]"
CSI_DATA: 1155,5,258,258,263,257,277,0,-36,-21,107875.325,107877.247,102.546,108180.642,260.740,146.644,"[-4,-11,-5,-11,-6,-11,-6,-12,-6,-11,-6,-11,-6,-11,-7,-11,-7,-10,-7,-10,-8,-11,-9,-10,-9,-11,-9,-10,-10,-11,-11,-10,-10,-10,-10,-10,-12,-10,-12,-11,-12,-11,-12,-10,-12,-11,-13,-10,-14,-11,-14,-11,0,0,-15,-10,-15,-11,-16,-11,-15,-10,-16,-11,-16,-11,-16,-11,-16,-11,-16,-11,-16,-11,-17,-11,-16,-12,-16,-12,-17,-12,-16,-12,-17,-12,-17,-12,-17,-12,-17,-13,-16,-13,-16,-14,-15,-14,-15,-15,-16,-15,-14,-16,-13,-16,0,0,0,15,0,14,2,14,1,15,1,15,1,15,2,15,1,14,2,15,2,14,2,16,3,15,4,15,4,14,4,14,6,15,6,14,6,15,7,14,6,15,6,15,7,15,6,15,9,15,8,16,10,16,0,0,10,16,10,16,10,16,11,16,11,16,11,17,11,17,11,17,12,17,12,17,13,18,12,17,12,17,12,17,12,19,13,19,13,19,13,19,12,20,12,20,11,21,11,20,10,21,11,21,9,23,9,23,0,0]"
CSI_DATA: 1156,7,233,233,238,233,277,0,-28,-20,107793.558,107795.481,202.101,108251.301,331.399,217.303,"[-9,-9,-9,-9,-9,-8,-9,-9,-9,-9,-9,-8,-9,-8,-9,-7,-10,-7,-10,-7,-11,-8,-11,-7,-11,-8,-10,-8,-10,-8,-10,-7,-10,-6,-9,-6,-10,-6,-10,-7,-10,-6,-10,-5,-9,-5,-10,-4,-11,-5,-11,-4,0,0,-11,-3,-12,-3,-12,-2,-11,-2,-12,-2,-13,-2,-13,-2,-13,-2,-13,-1,-13,0,-15,0,-14,-1,-15,-1,-16,-1,-16,-1,-17,0,-18,-1,-18,-1,-18,-2,-19,-2,-19,-3,-19,-4,-20,-5,-20,-5,-20,-6,-20,-7,0,0,-17,3,-17,3,-17,4,-18,3,-18,3,-18,3,-18,3,-17,3,-18,2,-16,2,-17,2,-16,3,-16,3,-15,3,-15,2,-15,4,-14,4,-14,4,-14,5,-15,5,-15,5,-15,6,-15,5,-14,7,-16,7,-16,8,0,0,-15,7,-16,7,-16,8,-16,8,-16,7,-17,7,-17,7,-16,7,-16,7,-16,7,-17,7,-16,6,-16,6,-16,6,-16,6,-16,6,-17,6,-16,5,-16,5,-16,5,-16,4,-15,4,-16,4,-16,4,-16,3,-16,3,0,0]"
CSI_DATA: 1157,4,242,242,268,241,278,0,-22,-45,108262.296,108264.165,57.893,108483.347,232.46,59.347,"[-6,-13,-6,-13,-7,-12,-7,-14,-7,-13,-7,-14,-7,-13,-7,-13,-7,-13,-7,-12,-8,-13,-8,-13,-9,-13,-9,-13,-8,-13,-9,-13,-9,-12,-9,-12,-10,-12,-9,-12,-10,-12,-10,-12,-9,-12,-11,-11,-11,-12,-12,-12,0,0,-12,-12,-12,-12,-13,-12,-12,-11,-12,-12,-13,-12,-13,-13,-12,-12,-13,-13,-13,-12,-14,-13,-13,-13,-13,-13,-13,-14,-12,-14,-13,-14,-13,-14,-13,-14,-12,-15,-11,-15,-11,-16,-10,-16,-10,-15,-10,-16,-9,-16,-8,-16,0,0,-7,-9,-7,-9,-8,-8,-8,-9,-8,-8,-8,-9,-8,-8,-7,-7,-8,-7,-8,-7,-8,-7,-8,-6,-8,-6,-8,-6,-7,-6,-8,-5,-7,-5,-6,-5,-6,-5,-6,-4,-5,-5,-5,-4,-4,-4,-4,-4,-4,-4,-3,-4,0,0,-3,-4,-2,-5,-2,-4,-1,-5,0,-5,0,-6,1,-6,1,-6,2,-7,2,-7,3,-9,3,-8,3,-9,4,-10,4,-10,5,-11,5,-12,6,-12,6,-13,6,-13,6,-14,6,-14,7,-15,7,-17,8,-17,8,-18,0,0]"
CSI_DATA: 1158,5,259,259,264,258,278,0,-33,-21,108265.307,108267.175,102.400,108543.523,292.222,119.523,"[-1,16,0,16,1,16,0,17,1,16,1,16,1,16,2,15,2,16,3,15,4,16,5,16,5,16,4,16,4,16,5,16,5,15,5,15,6,16,5,16,5,15,6,15,4,14,7,14,7,15,7,15,0,0,7,14,6,14,7,14,6,13,6,14,6,14,6,14,5,13,5,13,5,12,5,13,4,12,3,12,3,12,2,11,1,12,1,10,0,10,-1,9,-1,8,-2,8,-3,6,-3,6,-3,5,-4,4,-4,3,0,0,-14,7,-14,7,-13,8,-15,7,-14,8,-14,7,-14,8,-13,7,-13,8,-13,8,-13,9,-13,9,-13,9,-12,9,-13,9,-12,11,-12,10,-12,10,-12,11,-12,11,-13,11,-12,11,-12,11,-11,12,-12,13,-12,14,0,0,-11,13,-12,13,-12,14,-11,14,-12,14,-12,14,-12,14,-12,14,-12,15,-12,15,-12,16,-12,14,-12,14,-12,15,-12,16,-12,16,-13,16,-13,17,-13,16,-13,15,-15,15,-15,14,-15,15,-15,15,-17,14,-17,13,0,0]"
CSI_DATA: 1159,7,234,234,239,234,278,0,-26,-19,108183.541,108185.409,202.73,108627.599,376.298,203.599,"[-9,-7,-10,-7,-10,-6,-11,-8,-10,-7,-11,-7,-10,-7,-10,-7,-11,-6,-10,-6,-12,-7,-12,-6,-12,-7,-12,-7,-11,-8,-11,-7,-11,-7,-10,-6,-11,-6,-11,-7,-10,-6,-11,-6,-10,-5,-11,-4,-11,-5,-12,-4,0,0,-11,-4,-11,-4,-12,-4,-11,-3,-12,-4,-12,-4,-12,-4,-12,-3,-13,-3,-12,-2,-14,-3,-13,-3,-14,-3,-14,-3,-13,-3,-15,-3,-15,-3,-15,-3,-15,-4,-15,-4,-15,-5,-15,-6,-15,-6,-16,-6,-15,-7,-16,-7,0,0,6,-16,5,-16,5,-16,6,-17,6,-16,6,-16,6,-16,6,-15,7,-15,6,-14,6,-16,6,-15,5,-14,5,-13,5,-13,4,-14,3,-13,3,-13,2,-13,2,-14,2,-14,2,-14,2,-14,0,-14,1,-15,0,-16,0,0,0,-16,0,-16,0,-16,-1,-16,0,-16,1,-17,1,-16,1,-16,1,-17,1,-16,0,-17,1,-16,1,-16,1,-16,1,-16,1,-17,1,-16,1,-16,2,-16,2,-16,3,-16,3,-15,3,-15,3,-15,4,-15,4,-15,0,0]"
CSI_DATA: 1160,3,230,230,265,229,279,0,-19,-34,108655.189,108657.113,11.922,108827.437,199.838,13.438,"[-16,1,-16,1,-15,3,-17,2,-16,2,-16,2,-16,2,-16,2,-16,2,-16,3,-17,3,-17,4,-17,4,-16,4,-17,3,-17,5,-16,5,-16,5,-17,6,-17,5,-17,5,-17,6,-16,5,-16,7,-18,7,-17,8,0,0,-17,8,-18,9,-18,9,-17,10,-18,9,-19,10,-19,9,-18,10,-19,10,-18,10,-19,11,-19,10,-20,10,-20,10,-20,10,-21,11,-21,11,-21,10,-21,9,-21,8,-22,8,-22,7,-23,7,-23,8,-23,6,-23,5,0,0,-16,-8,-17,-8,-17,-7,-18,-9,-17,-9,-17,-9,-17,-9,-16,-9,-16,-10,-15,-9,-16,-10,-16,-9,-15,-9,-15,-9,-15,-10,-16,-8,-15,-8,-14,-8,-15,-8,-15,-8,-14,-9,-15,-8,-13,-8,-15,-6,-15,-8,-16,-7,0,0,-15,-7,-15,-7,-15,-7,-14,-6,-14,-7,-14,-7,-13,-8,-13,-7,-13,-7,-12,-7,-12,-7,-11,-7,-10,-7,-10,-7,-9,-6,-10,-6,-9,-5,-9,-5,-8,-5,-7,-4,-7,-4,-6,-3,-5,-2,-5,-1,-5,-1,-6,-1,0,0]"
CSI_DATA: 1161,5,260,260,265,259,279,0,-39,-22,108655.286,108657.210,102.521,108919.393,291.794,105.394,"[-8,12,-8,12,-6,12,-8,13,-8,13,-7,12,-7,12,-7,12,-7,12,-6,12,-8,13,-7,13,-7,13,-7,13,-8,12,-7,13,-7,12,-7,12,-7,12,-8,12,-8,11,-7,11,-8,10,-6,11,-8,11,-7,10,0,0,-7,10,-7,9,-7,9,-6,9,-6,9,-6,8,-6,7,-6,7,-6,6,-5,6,-6,6,-5,5,-5,4,-5,4,-4,4,-3,3,-3,3,-2,3,-2,2,-1,1,0,1,2,1,2,1,3,1,4,2,4,2,0,0,14,3,14,3,14,2,15,3,14,2,15,2,15,2,14,2,14,2,14,1,15,1,15,0,15,0,15,0,15,1,16,-1,16,-2,15,-1,16,-2,16,-1,16,-1,16,-1,16,-1,17,-3,17,-2,18,-3,0,0,17,-3,18,-4,18,-4,17,-4,18,-4,19,-4,19,-3,18,-3,18,-4,19,-4,20,-5,19,-4,19,-4,20,-4,20,-4,21,-4,21,-4,21,-4,21,-3,21,-2,21,-2,21,-1,22,-1,23,-2,22,0,22,1,0,0]"
CSI_DATA: 1162,6,242,242,249,241,279,0,-38,-18,108658.478,108660.402,157.847,108973.257,345.658,159.258,"[9,-3,10,-2,10,-3,11,-1,12,-1,11,0,11,0,11,1,11,2,12,3,13,4,12,4,13,4,12,5,12,6,13,4,12,5,13,5,13,6,13,7,13,7,14,7,13,7,14,8,15,8,16,8,0,0,15,8,16,9,16,9,17,9,17,9,17,9,17,10,17,10,17,10,17,9,17,10,17,10,17,10,18,10,16,9,17,9,18,9,17,8,16,8,16,7,17,7,17,8,17,7,17,5,17,6,17,4,0,0,-12,7,-12,8,-11,8,-13,9,-12,9,-12,9,-13,9,-12,9,-12,9,-11,9,-13,11,-12,11,-12,11,-11,11,-12,11,-11,12,-10,12,-10,12,-10,13,-10,13,-11,13,-10,14,-10,13,-8,16,-10,16,-9,17,0,0,-8,17,-9,17,-8,18,-8,18,-8,19,-9,19,-9,19,-8,19,-9,20,-8,20,-9,22,-9,21,-9,21,-10,22,-9,21,-10,23,-10,22,-11,23,-11,22,-12,22,-13,22,-13,20,-13,21,-13,22,-15,21,-15,20,0,0]"
CSI_DATA: 1163,7,235,235,240,235,279,0,-25,-20,108573.521,108575.445,202.91,109033.206,405.607,219.207,"[14,-3,14,-3,14,-4,15,-3,14,-4,14,-3,14,-4,13,-4,14,-3,13,-4,15,-4,15,-4,15,-4,14,-3,14,-3,14,-4,13,-4,13,-3,13,-4,13,-3,13,-3,12,-4,12,-3,12,-5,12,-5,12,-5,0,0,12,-6,12,-6,11,-7,11,-7,11,-7,12,-7,12,-7,11,-8,12,-8,12,-8,12,-9,12,-9,12,-9,13,-10,13,-9,14,-10,14,-11,14,-10,15,-9,15,-9,16,-9,16,-9,17,-9,18,-9,18,-8,19,-7,0,0,17,-12,17,-12,16,-13,19,-12,18,-11,18,-12,18,-11,17,-10,17,-10,16,-10,18,-11,16,-10,15,-10,14,-10,14,-9,13,-12,12,-12,13,-12,13,-13,13,-13,14,-12,13,-13,13,-13,12,-15,13,-15,13,-16,0,0,13,-15,13,-15,13,-16,12,-16,14,-16,14,-16,14,-15,14,-15,14,-15,13,-15,14,-17,13,-15,13,-14,14,-15,13,-15,14,-15,14,-15,14,-15,14,-14,14,-13,14,-13,14,-12,14,-12,14,-12,14,-11,15,-11,0,0]"
CSI_DATA: 1164,3,231,231,266,230,280,0,-26,-29,109045.210,109047.78,12.25,109217.336,184.130,13.336,"[-6,12,-6,13,-5,13,-6,14,-6,13,-6,14,-6,13,-6,14,-6,14,-5,14,-6,15,-6,15,-6,15,-5,16,-6,15,-5,16,-5,15,-5,15,-5,16,-6,16,-7,16,-6,16,-6,16,-4,16,-6,17,-5,18,0,0,-5,17,-5,17,-5,18,-5,17,-5,18,-6,18,-6,17,-5,17,-5,17,-5,17,-5,19,-5,17,-5,17,-5,17,-5,17,-5,18,-5,18,-5,18,-5,17,-6,17,-6,17,-6,17,-7,17,-6,17,-7,17,-7,17,0,0,-13,10,-14,10,-13,11,-15,11,-14,10,-14,10,-14,10,-14,9,-15,9,-13,9,-15,10,-14,11,-14,10,-14,10,-15,9,-14,11,-14,10,-14,9,-14,10,-14,9,-15,9,-14,9,-14,9,-13,11,-15,10,-15,11,0,0,-14,10,-15,10,-15,10,-14,10,-14,9,-15,9,-15,9,-14,8,-14,8,-13,8,-14,9,-13,8,-13,8,-13,8,-12,8,-13,9,-12,9,-12,9,-12,8,-12,8,-12,9,-12,8,-12,9,-12,10,-13,9,-13,9,0,0]"
CSI_DATA: 1165,5,261,261,266,260,280,0,-28,-24,109045.307,109047.176,102.548,109307.844,274.638,103.844,"[-10,-13,-10,-13,-10,-12,-10,-14,-10,-13,-9,-13,-9,-12,-9,-12,-9,-12,-9,-12,-10,-13,-10,-12,-10,-13,-9,-13,-9,-13,-10,-12,-9,-12,-9,-11,-9,-12,-9,-12,-8,-13,-9,-12,-8,-12,-9,-11,-9,-13,-9,-12,0,0,-9,-12,-9,-12,-9,-12,-9,-11,-9,-12,-9,-12,-8,-12,-8,-12,-8,-11,-8,-11,-9,-11,-7,-11,-8,-11,-8,-11,-7,-11,-8,-11,-8,-11,-7,-11,-7,-11,-6,-10,-6,-11,-6,-11,-6,-11,-6,-11,-6,-11,-6,-11,0,0,2,13,2,14,3,13,2,14,2,14,2,14,2,14,2,14,1,14,2,12,3,14,4,14,4,14,4,14,3,14,4,14,4,14,4,14,4,14,4,14,4,15,4,14,3,14,6,13,5,15,6,15,0,0,5,14,5,14,6,14,6,14,5,14,5,15,5,15,5,14,5,15,5,14,7,14,6,14,6,14,6,15,6,15,6,16,7,15,6,15,5,15,5,15,5,16,4,15,4,16,5,16,3,17,3,17,0,0]"
CSI_DATA: 1166,6,243,243,250,242,280,0,-32,-18,109048.500,109050.369,157.870,109363.267,330.61,159.267,"[-5,-5,-5,-5,-6,-5,-6,-5,-7,-5,-7,-5,-8,-5,-8,-5,-8,-5,-8,-4,-9,-5,-9,-5,-9,-5,-10,-5,-10,-6,-10,-6,-10,-5,-10,-5,-11,-5,-11,-6,-11,-6,-11,-5,-11,-6,-12,-5,-13,-6,-13,-5,0,0,-13,-6,-13,-6,-14,-6,-14,-6,-14,-7,-14,-7,-14,-8,-14,-7,-15,-7,-14,-7,-15,-7,-14,-8,-14,-8,-14,-8,-14,-8,-14,-8,-14,-8,-14,-8,-14,-9,-12,-9,-12,-9,-12,-9,-12,-9,-12,-8,-12,-9,-12,-9,0,0,-12,7,-12,8,-11,8,-13,8,-12,8,-13,8,-13,8,-13,8,-13,8,-12,8,-13,10,-13,10,-13,10,-12,10,-13,10,-13,11,-12,11,-12,11,-12,12,-13,12,-13,12,-12,12,-13,12,-11,14,-13,15,-12,15,0,0,-12,15,-13,15,-13,16,-12,16,-13,16,-13,17,-13,17,-13,17,-14,17,-13,18,-13,19,-14,18,-14,17,-15,18,-15,18,-16,19,-15,18,-16,18,-16,18,-16,17,-18,17,-17,15,-18,16,-18,16,-20,16,-20,15,0,0]"
CSI_DATA: 1167,7,236,236,241,236,280,0,-29,-19,108963.543,108965.412,202.113,109434.937,401.731,230.937,"[4,-10,3,-11,3,-11,4,-12,3,-11,3,-11,3,-10,3,-10,2,-11,2,-11,2,-12,2,-11,2,-12,2,-11,3,-11,3,-11,2,-10,2,-10,1,-10,2,-10,2,-10,1,-10,1,-9,0,-10,0,-10,-1,-10,0,0,-1,-10,-2,-11,-2,-11,-2,-11,-3,-11,-3,-11,-3,-12,-3,-12,-4,-12,-3,-12,-5,-13,-5,-13,-5,-14,-5,-14,-5,-14,-5,-15,-5,-16,-5,-16,-5,-17,-4,-17,-4,-18,-3,-18,-3,-19,-4,-20,-2,-20,-1,-20,0,0,-14,12,-14,12,-13,12,-15,13,-14,12,-14,12,-14,12,-14,11,-14,11,-13,10,-14,11,-13,11,-12,10,-11,10,-11,10,-10,11,-9,11,-9,11,-9,12,-9,12,-10,12,-9,12,-9,12,-8,13,-9,14,-9,14,0,0,-8,14,-9,14,-9,15,-8,14,-9,14,-9,15,-9,14,-9,14,-9,15,-9,14,-9,15,-9,13,-9,13,-10,14,-10,13,-10,14,-9,13,-10,14,-10,13,-10,12,-11,13,-11,11,-10,11,-10,12,-11,11,-11,11,0,0]"
CSI_DATA: 1168,3,232,232,267,231,281,0,-21,-26,109435.208,109437.72,11.300,109607.439,172.502,13.440,"[-11,8,-11,8,-10,10,-11,9,-11,9,-11,9,-10,10,-10,10,-11,10,-10,10,-11,11,-10,11,-11,11,-10,11,-10,11,-10,12,-9,11,-9,12,-9,12,-9,12,-10,13,-9,13,-9,12,-8,13,-9,14,-8,14,0,0,-8,15,-8,15,-8,16,-7,16,-8,16,-8,17,-8,16,-8,16,-8,16,-8,17,-8,18,-9,17,-9,17,-8,18,-9,18,-8,19,-9,19,-10,19,-10,19,-10,19,-11,18,-12,18,-13,18,-13,18,-14,17,-14,17,0,0,16,-5,16,-5,16,-6,17,-6,16,-6,16,-5,16,-5,15,-5,15,-5,15,-6,16,-6,15,-7,15,-7,15,-7,15,-6,15,-8,14,-8,14,-8,14,-9,14,-9,15,-9,14,-10,14,-9,13,-11,15,-11,14,-12,0,0,14,-12,14,-13,15,-13,14,-14,15,-13,15,-14,15,-14,15,-13,15,-14,15,-14,16,-15,15,-14,15,-14,16,-15,16,-15,17,-16,16,-15,17,-15,17,-15,17,-14,18,-14,18,-13,19,-13,18,-14,20,-11,20,-11,0,0]"
CSI_DATA: 1169,4,243,243,271,242,281,0,-24,-38,109432.297,109434.160,57.121,109665.970,231.33,71.971,"[-11,6,-10,7,-10,8,-11,8,-11,8,-10,8,-10,8,-10,8,-10,9,-9,9,-10,9,-9,9,-10,10,-9,9,-10,10,-9,11,-8,10,-8,10,-8,10,-8,10,-8,11,-8,11,-8,10,-7,11,-8,12,-7,12,0,0,-6,13,-7,13,-6,13,-6,13,-6,13,-6,14,-6,14,-6,14,-6,14,-6,14,-6,16,-7,15,-7,15,-7,15,-7,15,-7,16,-8,16,-8,16,-8,16,-8,15,-10,15,-10,14,-11,14,-11,15,-12,13,-12,13,0,0,-8,-4,-9,-5,-9,-5,-10,-5,-9,-5,-10,-5,-10,-5,-10,-5,-11,-5,-10,-5,-12,-5,-11,-5,-12,-5,-12,-5,-12,-5,-13,-5,-13,-4,-13,-4,-13,-4,-14,-4,-14,-5,-14,-4,-13,-5,-14,-3,-15,-4,-15,-4,0,0,-15,-3,-15,-4,-16,-3,-15,-3,-15,-4,-16,-3,-15,-3,-15,-3,-15,-3,-14,-3,-15,-4,-14,-4,-14,-4,-14,-3,-14,-4,-14,-3,-14,-3,-14,-3,-14,-4,-12,-4,-12,-5,-11,-4,-12,-5,-11,-5,-10,-6,-9,-6,0,0]"
CSI_DATA: 1170,5,262,262,267,261,281,0,-24,-24,109435.306,109437.170,101.843,109735.521,300.584,141.522,"[-12,-10,-12,-10,-12,-10,-13,-11,-12,-10,-12,-10,-12,-10,-12,-10,-12,-9,-12,-9,-13,-10,-13,-9,-13,-10,-12,-10,-12,-9,-13,-9,-12,-8,-12,-8,-13,-8,-13,-9,-12,-9,-13,-8,-12,-8,-13,-7,-14,-8,-14,-8,0,0,-14,-7,-14,-7,-14,-7,-14,-7,-14,-7,-15,-7,-15,-7,-14,-7,-14,-7,-14,-7,-15,-7,-14,-8,-15,-8,-15,-8,-14,-8,-15,-7,-16,-8,-15,-8,-15,-9,-14,-9,-14,-9,-14,-10,-14,-11,-14,-11,-13,-11,-13,-11,0,0,7,-16,7,-17,6,-16,7,-17,7,-16,7,-17,7,-17,7,-17,6,-16,6,-16,6,-17,5,-18,5,-17,5,-17,6,-18,5,-19,4,-18,5,-17,4,-18,5,-18,5,-18,4,-18,5,-18,3,-18,4,-19,4,-20,0,0,3,-19,4,-20,4,-20,3,-19,3,-20,4,-20,4,-20,4,-19,3,-20,3,-19,3,-21,4,-20,4,-20,4,-21,3,-21,4,-21,4,-21,4,-22,5,-21,6,-20,6,-21,7,-20,7,-20,7,-21,8,-20,9,-20,0,0]"
CSI_DATA: 1171,6,244,244,251,243,281,0,-29,-17,109438.499,109440.363,157.247,109806.468,371.531,212.469,"[-5,-7,-5,-6,-6,-6,-6,-7,-6,-7,-7,-7,-8,-7,-8,-6,-8,-6,-9,-7,-9,-7,-9,-8,-9,-7,-10,-7,-10,-8,-11,-7,-11,-6,-11,-7,-11,-6,-12,-7,-12,-8,-12,-7,-12,-8,-13,-7,-13,-8,-14,-7,0,0,-13,-7,-14,-8,-14,-7,-15,-7,-14,-8,-15,-8,-15,-8,-14,-8,-15,-8,-15,-8,-16,-8,-14,-9,-15,-9,-15,-9,-15,-9,-16,-9,-16,-9,-15,-9,-15,-9,-15,-10,-14,-10,-13,-10,-14,-11,-14,-9,-13,-11,-12,-11,0,0,11,8,12,8,12,7,13,9,12,8,13,8,13,8,13,8,13,8,13,7,14,8,14,7,14,8,14,7,14,8,15,6,15,6,15,6,16,5,16,6,16,6,16,5,16,5,17,3,18,5,19,3,0,0,19,3,19,3,21,3,19,2,21,3,21,3,21,3,21,2,21,3,21,2,23,2,22,2,22,3,23,3,23,3,24,4,23,3,25,3,25,4,24,5,25,5,24,6,24,6,25,6,24,8,24,9,0,0]"
CSI_DATA: 1172,7,237,237,242,237,281,0,-29,-18,109353.543,109355.407,201.410,109870.757,435.820,276.758,"[6,8,6,8,7,8,7,8,7,8,7,7,7,8,6,7,7,7,7,7,7,7,7,7,7,7,6,7,6,7,7,6,6,5,6,5,6,4,6,5,7,4,7,4,7,3,8,3,8,3,8,2,0,0,8,1,9,1,10,1,9,0,10,1,10,0,11,0,11,0,11,-1,12,0,13,0,13,0,13,0,13,0,14,0,14,-1,15,0,15,0,15,1,15,1,16,2,16,3,16,3,17,3,16,5,16,5,0,0,-10,17,-11,18,-9,17,-12,18,-11,17,-11,17,-11,17,-11,16,-12,15,-10,15,-11,16,-10,15,-10,14,-9,14,-9,14,-8,15,-7,14,-7,14,-6,15,-7,15,-7,15,-6,15,-6,15,-5,16,-6,17,-5,17,0,0,-5,17,-6,16,-6,18,-5,17,-6,17,-6,17,-7,17,-6,16,-7,17,-6,16,-6,18,-6,16,-6,16,-7,16,-7,15,-7,17,-6,15,-7,16,-7,15,-7,14,-8,15,-7,14,-7,14,-7,14,-8,14,-8,13,0,0]"
CSI_DATA: 1173,3,233,233,268,232,282,0,-21,-31,109825.207,109827.129,12.47,109997.398,126.641,13.398,"[8,9,8,9,9,8,9,9,9,9,9,9,9,8,9,8,10,8,10,8,11,9,11,8,11,8,11,8,11,8,12,8,12,7,12,7,12,7,13,7,13,8,13,7,13,8,14,6,15,7,15,7,0,0,15,7,16,7,16,6,15,6,16,7,16,7,16,7,16,6,17,7,17,6,18,7,17,7,17,7,18,7,17,7,18,7,18,7,18,8,18,8,17,8,17,9,17,9,17,10,17,9,16,11,16,11,0,0,10,-11,10,-11,10,-11,12,-12,11,-11,11,-11,10,-11,11,-11,11,-11,10,-11,11,-12,11,-12,11,-12,11,-12,12,-12,11,-14,10,-13,11,-13,11,-14,12,-13,12,-13,12,-14,12,-13,11,-14,13,-15,13,-15,0,0,13,-15,13,-15,12,-15,12,-15,13,-15,13,-15,13,-14,13,-14,13,-14,13,-14,13,-15,12,-14,13,-14,12,-14,12,-14,13,-14,12,-14,12,-14,13,-14,13,-14,13,-14,13,-13,13,-14,13,-14,14,-13,14,-13,0,0]"
CSI_DATA: 1174,5,263,263,268,262,282,0,-23,-28,109825.306,109827.228,102.503,110089.608,218.851,105.608,"[-2,-18,-2,-18,-4,-18,-3,-19,-3,-18,-3,-18,-3,-17,-3,-18,-3,-18,-3,-18,-4,-18,-4,-18,-4,-18,-4,-18,-4,-18,-6,-18,-6,-17,-5,-16,-6,-17,-5,-17,-5,-18,-6,-17,-5,-17,-7,-17,-7,-18,-8,-17,0,0,-8,-17,-8,-18,-9,-18,-8,-17,-8,-19,-8,-19,-9,-19,-8,-18,-9,-18,-8,-18,-9,-19,-8,-19,-8,-19,-9,-20,-8,-19,-9,-20,-8,-21,-7,-20,-7,-20,-6,-20,-6,-21,-5,-21,-4,-21,-5,-21,-3,-20,-2,-21,0,0,5,15,6,16,6,15,6,17,6,16,6,17,6,16,6,16,6,16,6,15,7,17,8,16,8,17,8,16,7,17,9,17,9,17,8,16,9,16,8,17,8,17,9,17,7,16,10,16,10,17,11,18,0,0,11,17,11,17,11,18,11,16,11,18,11,18,11,18,11,17,11,18,11,17,12,18,11,17,11,17,12,19,11,18,12,19,11,18,12,19,11,20,10,19,10,20,9,20,9,20,10,20,9,22,8,22,0,0]"
CSI_DATA: 1175,6,245,245,252,244,282,0,-28,-16,109828.500,109830.421,157.839,110145.875,275.118,161.875,"[1,-13,1,-13,0,-13,1,-15,1,-14,1,-15,0,-14,0,-14,0,-15,0,-14,0,-16,0,-15,0,-16,0,-16,0,-16,-1,-16,-1,-16,-1,-16,-2,-17,-1,-16,0,-17,-1,-17,-1,-16,-2,-17,-1,-18,-2,-18,0,0,-2,-18,-1,-18,-2,-19,-2,-17,-1,-18,-1,-18,-1,-18,-1,-18,-1,-18,-1,-17,-1,-18,-1,-18,0,-18,-1,-18,-1,-17,-1,-18,-1,-18,-1,-18,-1,-17,-1,-17,0,-18,1,-17,1,-17,0,-18,1,-18,1,-18,0,0,-2,-17,-2,-17,-3,-17,-2,-19,-2,-18,-2,-19,-3,-18,-3,-18,-3,-19,-3,-18,-3,-19,-4,-19,-4,-19,-5,-19,-3,-19,-6,-19,-6,-19,-5,-18,-6,-19,-6,-20,-6,-20,-6,-20,-6,-19,-9,-19,-8,-21,-9,-21,0,0,-9,-21,-9,-21,-10,-22,-9,-21,-10,-22,-9,-22,-9,-22,-9,-21,-10,-22,-10,-22,-11,-23,-10,-22,-10,-22,-10,-23,-10,-23,-10,-24,-10,-22,-10,-24,-9,-24,-9,-24,-8,-25,-7,-24,-7,-24,-8,-25,-6,-26,-6,-26,0,0]"
CSI_DATA: 1176,7,238,238,243,238,282,0,-29,-20,109743.544,109745.466,202.81,110219.225,348.468,235.225,"[-2,12,-1,12,0,13,-1,13,-1,13,-1,12,-1,12,-2,12,-2,12,-1,12,-1,12,-2,12,-1,11,-1,11,-2,11,-1,11,-1,10,-1,10,0,10,-1,10,-1,10,0,10,0,9,1,9,1,10,1,9,0,0,2,9,3,9,4,10,3,9,4,9,4,10,4,10,5,10,5,10,6,9,7,10,6,11,7,11,7,12,7,11,8,12,8,14,8,13,8,14,8,14,7,15,7,16,7,17,7,18,6,18,6,18,0,0,16,-12,16,-12,15,-12,17,-12,16,-11,16,-11,16,-11,15,-10,16,-10,15,-9,16,-10,15,-10,14,-10,13,-9,13,-9,12,-11,11,-11,11,-11,11,-12,11,-12,12,-12,11,-12,12,-12,11,-13,12,-13,12,-14,0,0,12,-14,12,-14,12,-14,12,-14,12,-13,13,-13,13,-13,12,-12,13,-13,12,-12,13,-13,12,-12,12,-12,12,-12,12,-12,12,-12,12,-11,12,-11,12,-11,11,-11,12,-10,11,-10,11,-10,11,-10,11,-9,12,-9,0,0]"
CSI_DATA: 1177,3,234,234,269,233,283,0,-23,-23,110215.410,110217.106,12.55,110387.408,168.183,13.411,"[11,6,11,6,11,5,12,6,12,6,12,6,12,6,12,6,12,6,12,5,13,5,13,4,13,5,13,4,13,5,14,4,13,4,13,4,14,3,14,4,14,4,14,4,14,4,15,2,16,3,16,2,0,0,16,2,16,2,17,2,16,1,17,2,17,2,18,2,17,2,18,2,17,1,19,1,18,2,19,2,19,1,19,2,20,2,20,2,19,2,19,3,19,4,20,5,20,5,19,6,20,5,19,6,19,7,0,0,17,-5,17,-5,16,-6,17,-5,17,-5,17,-5,17,-5,17,-4,17,-4,16,-6,17,-7,17,-7,16,-7,16,-7,16,-6,17,-8,16,-8,16,-7,16,-9,16,-8,17,-8,17,-8,17,-8,15,-11,17,-11,17,-12,0,0,17,-11,18,-12,18,-12,17,-12,17,-11,19,-11,19,-11,18,-10,19,-11,18,-12,19,-13,18,-12,19,-12,19,-12,19,-11,20,-12,20,-12,20,-11,20,-10,20,-9,21,-9,20,-9,21,-9,21,-10,21,-8,22,-8,0,0]"
CSI_DATA: 1178,4,244,244,273,243,283,0,-23,-33,110212.500,110214.197,57.835,110438.730,219.505,64.733,"[-13,2,-13,3,-13,4,-14,4,-13,4,-13,4,-13,4,-13,4,-13,4,-12,5,-13,5,-13,6,-13,6,-13,6,-13,6,-13,7,-12,7,-12,7,-12,7,-13,7,-13,7,-12,8,-12,7,-12,9,-12,9,-12,10,0,0,-11,10,-12,10,-12,11,-11,11,-12,11,-12,12,-13,11,-12,11,-12,12,-12,11,-12,13,-13,12,-13,12,-14,12,-13,12,-13,13,-14,13,-14,13,-15,12,-15,11,-16,11,-16,10,-17,10,-17,10,-17,9,-17,8,0,0,5,-17,6,-18,5,-17,6,-18,6,-17,5,-17,6,-17,6,-16,6,-17,4,-16,5,-18,4,-18,4,-18,4,-17,5,-18,4,-18,4,-17,4,-17,4,-17,5,-17,6,-17,5,-17,5,-16,2,-18,3,-18,3,-19,0,0,3,-18,4,-18,3,-18,3,-17,4,-17,4,-17,5,-17,5,-16,4,-17,3,-16,3,-18,4,-16,3,-16,4,-16,4,-15,4,-16,4,-15,4,-15,5,-14,5,-13,5,-13,6,-12,4,-11,3,-12,4,-11,4,-11,0,0]"
CSI_DATA: 1179,5,264,264,269,263,283,0,-26,-32,110215.509,110217.206,102.541,110505.917,286.692,131.920,"[12,10,12,10,12,9,12,10,12,10,11,10,11,10,11,10,11,10,11,9,12,10,12,9,11,9,11,9,11,10,12,8,11,8,11,8,11,8,11,9,11,9,11,9,10,9,11,8,11,9,12,8,0,0,11,8,11,8,12,8,11,7,11,8,11,8,11,8,10,8,11,7,11,7,11,7,10,8,10,8,10,8,10,7,10,7,10,8,10,7,10,8,9,7,9,8,9,8,9,9,9,8,8,8,8,8,0,0,16,3,17,3,17,2,19,3,18,3,18,3,17,4,17,4,17,4,17,3,19,2,19,1,19,1,19,2,19,4,20,2,20,2,18,2,20,2,19,4,20,4,20,4,19,4,20,0,22,2,22,2,0,0,21,3,21,4,22,3,20,3,20,4,21,5,21,5,20,5,20,5,19,4,21,3,19,4,19,3,19,4,18,4,19,5,18,4,18,4,18,5,16,6,17,5,16,5,16,4,18,2,17,4,17,4,0,0]"
CSI_DATA: 1180,6,246,246,253,245,283,0,-30,-18,110218.703,110220.400,157.857,110562.340,343.115,188.343,"[7,3,8,3,8,2,9,3,9,2,9,2,10,2,10,2,10,2,10,2,11,2,11,2,12,2,12,2,12,2,12,1,12,1,12,1,13,1,13,1,13,2,13,1,13,1,13,0,15,1,15,0,0,0,15,0,15,0,16,0,15,0,16,0,16,1,17,1,16,1,17,1,16,1,18,0,17,2,17,2,17,2,16,2,18,2,16,2,16,3,16,3,15,4,15,4,15,4,15,4,15,3,14,4,14,4,0,0,-14,-5,-15,-5,-15,-4,-16,-6,-15,-5,-16,-5,-16,-6,-16,-5,-16,-6,-16,-4,-17,-4,-17,-3,-17,-4,-17,-3,-17,-4,-18,-3,-17,-2,-17,-2,-18,-2,-18,-3,-18,-3,-18,-2,-18,-2,-18,1,-20,0,-21,1,0,0,-20,1,-21,0,-21,1,-20,2,-21,1,-22,0,-22,0,-22,1,-23,1,-22,2,-24,3,-23,2,-24,2,-25,1,-24,0,-25,1,-24,1,-25,1,-25,-1,-24,-2,-25,-3,-24,-4,-24,-3,-25,-1,-25,-3,-25,-4,0,0]"
CSI_DATA: 1181,7,239,239,244,239,283,0,-28,-19,110133.748,110135.444,202.91,110625.248,406.23,251.251,"[-8,-9,-8,-9,-8,-9,-8,-10,-8,-9,-8,-8,-7,-8,-7,-8,-8,-8,-8,-8,-9,-8,-9,-8,-8,-8,-8,-8,-8,-8,-8,-7,-8,-6,-8,-6,-8,-6,-8,-6,-8,-6,-8,-5,-8,-5,-8,-4,-9,-4,-9,-3,0,0,-9,-3,-10,-3,-11,-2,-10,-2,-11,-2,-11,-2,-12,-2,-12,-1,-12,-1,-12,-1,-13,0,-13,-1,-14,0,-15,-1,-15,0,-16,0,-16,-1,-18,-1,-18,-1,-17,-2,-18,-3,-18,-4,-19,-4,-19,-4,-20,-6,-20,-6,0,0,-1,9,-1,9,0,9,-1,10,-1,9,-1,10,-1,9,-1,9,-2,9,-1,9,-1,10,-1,10,-1,9,-1,9,-1,9,0,9,0,8,0,8,1,8,0,8,0,9,1,9,1,8,2,8,2,9,2,9,0,0,3,9,2,9,3,10,3,9,2,9,2,10,2,10,2,10,2,10,2,10,3,10,2,9,2,10,2,10,2,10,2,10,2,10,1,10,1,10,1,9,0,9,0,9,0,9,0,9,0,9,-1,8,0,0]"
CSI_DATA: 1182,3,235,235,270,234,284,0,-23,-23,110605.413,110607.127,12.103,110777.493,152.245,13.493,"[13,-7,14,-7,13,-8,14,-8,13,-8,13,-8,13,-8,12,-7,13,-8,12,-7,13,-8,12,-9,12,-8,12,-9,12,-8,11,-9,11,-9,11,-9,11,-10,11,-9,11,-9,11,-10,11,-9,10,-10,11,-11,11,-11,0,0,10,-11,11,-11,11,-12,10,-11,11,-12,11,-12,11,-12,11,-12,11,-12,11,-12,11,-13,11,-11,11,-12,12,-12,11,-11,12,-12,12,-12,12,-12,12,-11,12,-10,13,-10,12,-9,13,-9,12,-10,13,-9,13,-9,0,0,-3,16,-4,17,-2,16,-4,17,-4,16,-4,16,-4,16,-4,16,-4,16,-3,15,-3,16,-2,16,-2,16,-2,16,-4,16,-2,17,-1,16,-2,16,-2,16,-3,16,-3,16,-3,16,-3,16,0,16,-1,17,-1,18,0,0,-1,17,-1,17,-1,18,-1,17,-1,17,-2,18,-2,17,-2,17,-2,18,-2,17,0,18,-1,17,-1,17,-2,18,-2,18,-2,19,-1,18,-2,18,-3,18,-3,18,-4,18,-4,18,-4,18,-3,19,-4,19,-5,19,0,0]"
CSI_DATA: 1183,4,245,245,274,244,284,0,-25,-49,110602.504,110604.218,57.952,110833.589,208.341,69.589,"[-7,9,-7,10,-6,10,-7,11,-6,10,-6,11,-6,10,-6,10,-6,10,-5,10,-6,11,-5,11,-5,12,-5,12,-5,12,-4,12,-4,12,-4,11,-4,12,-4,12,-4,12,-4,12,-3,11,-2,12,-3,13,-2,13,0,0,-2,13,-2,13,-2,14,-2,13,-2,14,-2,14,-2,14,-2,14,-2,14,-2,14,-2,15,-3,14,-3,15,-3,16,-3,14,-3,16,-3,15,-4,16,-4,15,-5,15,-5,15,-6,14,-6,14,-6,14,-7,14,-8,14,0,0,-16,-9,-17,-8,-16,-7,-18,-8,-17,-7,-18,-7,-17,-7,-17,-6,-17,-6,-17,-4,-19,-4,-19,-3,-18,-3,-18,-2,-18,-3,-18,-2,-18,-1,-17,-2,-17,-1,-17,-2,-16,-2,-15,-1,-14,-2,-14,1,-15,0,-14,0,0,0,-12,-1,-11,-1,-11,-1,-9,-2,-9,-2,-7,-3,-5,-4,-4,-4,-3,-5,-2,-5,-1,-6,1,-6,2,-7,4,-8,5,-9,6,-9,7,-9,9,-10,10,-10,11,-10,13,-12,14,-11,14,-12,16,-14,17,-15,19,-15,0,0]"
CSI_DATA: 1184,5,265,265,270,264,284,0,-28,-26,110605.513,110607.227,102.576,110900.950,275.702,136.950,"[5,17,6,18,6,16,6,19,5,17,6,18,6,17,6,16,5,17,6,16,7,17,7,17,7,17,8,17,7,17,8,16,8,15,7,15,9,16,8,16,8,16,9,16,8,15,10,15,10,17,11,16,0,0,11,15,10,16,12,16,10,15,11,16,11,16,11,17,11,16,11,16,11,16,12,17,11,17,11,17,12,18,10,17,11,18,10,17,11,17,9,17,9,17,9,18,8,18,8,18,9,18,7,18,7,18,0,0,-9,-18,-10,-19,-10,-17,-10,-20,-10,-18,-10,-19,-10,-19,-9,-19,-10,-19,-10,-18,-11,-19,-12,-19,-12,-19,-13,-18,-12,-20,-14,-20,-14,-19,-13,-19,-14,-20,-13,-21,-12,-21,-13,-21,-12,-21,-15,-20,-15,-22,-16,-22,0,0,-14,-21,-14,-21,-15,-22,-14,-20,-14,-21,-14,-22,-13,-21,-13,-21,-14,-21,-14,-21,-16,-21,-14,-20,-14,-20,-15,-21,-15,-20,-16,-21,-16,-20,-16,-21,-15,-21,-15,-22,-15,-23,-14,-22,-14,-23,-16,-23,-14,-24,-14,-26,0,0]"
CSI_DATA: 1185,6,247,247,254,246,284,0,-32,-16,110608.707,110610.421,158.03,110972.365,347.117,208.365,"[-5,-5,-5,-5,-6,-5,-7,-5,-7,-4,-7,-5,-8,-5,-8,-4,-9,-5,-9,-4,-10,-5,-10,-5,-10,-5,-11,-5,-11,-6,-11,-5,-11,-5,-11,-5,-11,-4,-12,-5,-12,-6,-12,-5,-12,-5,-13,-4,-13,-5,-14,-5,0,0,-14,-5,-14,-5,-15,-5,-14,-4,-15,-5,-15,-6,-15,-6,-15,-6,-16,-6,-15,-6,-16,-6,-15,-7,-15,-7,-15,-7,-15,-7,-15,-7,-15,-7,-14,-7,-14,-7,-13,-8,-13,-8,-12,-7,-12,-8,-12,-6,-12,-7,-11,-7,0,0,2,-15,1,-16,0,-15,1,-17,1,-16,1,-17,1,-17,1,-17,1,-17,0,-17,0,-19,-1,-18,-1,-18,-2,-17,-1,-18,-3,-18,-3,-17,-3,-17,-4,-18,-4,-18,-4,-19,-5,-19,-4,-18,-8,-19,-7,-20,-9,-21,0,0,-8,-20,-8,-21,-10,-22,-9,-21,-10,-22,-9,-23,-9,-23,-9,-23,-10,-23,-11,-23,-11,-25,-11,-24,-10,-24,-10,-25,-9,-25,-10,-26,-9,-24,-10,-27,-8,-27,-7,-26,-7,-28,-6,-26,-6,-27,-7,-27,-5,-27,-4,-28,0,0]"
CSI_DATA: 1186,7,240,240,245,240,284,0,-27,-22,110523.752,110525.466,202.125,111045.411,420.163,281.411,"[-6,9,-6,9,-5,9,-5,9,-5,9,-4,9,-4,8,-3,8,-3,9,-3,9,-3,9,-3,10,-3,10,-2,10,-3,10,-2,9,-2,9,-2,9,-1,9,-1,9,-1,9,0,9,-1,8,1,8,1,9,1,9,0,0,2,9,2,8,3,9,4,8,4,9,4,10,5,10,5,10,5,9,5,9,7,10,7,10,7,11,8,11,8,11,8,12,8,13,9,13,8,14,8,15,8,15,8,16,8,17,8,18,6,19,6,19,0,0,-3,-19,-3,-20,-4,-19,-3,-21,-3,-20,-2,-20,-2,-20,-1,-20,-1,-20,-1,-19,-1,-20,-2,-19,-2,-17,-2,-16,-2,-16,-4,-16,-5,-15,-4,-15,-6,-15,-5,-16,-5,-17,-6,-16,-6,-17,-9,-16,-8,-18,-9,-18,0,0,-8,-18,-8,-19,-9,-19,-8,-19,-7,-19,-7,-20,-7,-19,-6,-19,-6,-19,-6,-19,-8,-19,-6,-18,-6,-18,-5,-18,-5,-18,-5,-19,-5,-18,-5,-18,-4,-18,-3,-17,-3,-17,-2,-16,-3,-16,-4,-15,-2,-15,-2,-15,0,0]"
CSI_DATA: 1187,4,246,246,275,245,285,0,-23,-43,110992.258,110994.183,57.967,111214.921,169.510,60.922,"[13,-1,13,-2,13,-3,14,-2,13,-2,13,-2,13,-2,13,-2,13,-2,13,-3,13,-3,13,-3,13,-3,13,-4,13,-3,13,-4,12,-4,12,-4,12,-5,12,-4,12,-5,12,-5,12,-5,12,-6,13,-6,12,-7,0,0,12,-7,12,-7,12,-8,12,-7,12,-8,13,-8,13,-8,13,-8,13,-8,13,-8,13,-9,13,-8,14,-8,14,-8,14,-8,14,-8,15,-8,15,-8,15,-7,15,-7,16,-6,16,-5,16,-5,16,-5,16,-5,16,-4,0,0,11,-5,12,-7,11,-7,13,-7,13,-7,14,-7,13,-7,13,-7,14,-8,13,-8,15,-10,14,-11,14,-10,14,-11,15,-11,14,-13,14,-13,15,-12,15,-13,15,-12,17,-11,16,-12,16,-11,15,-14,16,-14,16,-14,0,0,16,-14,15,-14,15,-14,15,-15,16,-14,15,-13,15,-12,15,-12,15,-13,14,-12,14,-13,14,-12,13,-12,14,-12,13,-12,14,-13,13,-12,13,-12,14,-10,14,-10,14,-9,13,-9,14,-8,14,-9,15,-8,15,-7,0,0]"
CSI_DATA: 1188,5,266,266,271,265,285,0,-36,-22,110995.266,110997.191,102.592,111271.972,226.561,117.973,"[-17,12,-17,12,-15,13,-17,13,-16,13,-16,13,-16,13,-15,13,-15,12,-14,13,-15,14,-14,14,-14,14,-14,14,-14,14,-14,15,-13,14,-13,13,-12,14,-14,13,-14,13,-13,13,-13,11,-12,13,-13,13,-12,13,0,0,-11,12,-12,12,-12,11,-11,10,-11,10,-11,10,-11,9,-10,8,-10,8,-10,7,-10,7,-9,6,-9,5,-9,4,-9,4,-9,3,-8,2,-8,2,-7,1,-6,0,-6,-1,-4,-2,-4,-3,-3,-3,-1,-3,-1,-4,0,0,-8,-16,-8,-16,-9,-15,-9,-17,-9,-16,-8,-16,-8,-15,-8,-15,-9,-16,-9,-14,-10,-16,-11,-15,-11,-15,-11,-15,-11,-16,-12,-15,-12,-15,-11,-15,-12,-15,-11,-15,-11,-16,-13,-16,-11,-15,-14,-14,-14,-16,-14,-15,0,0,-14,-15,-14,-15,-15,-15,-14,-15,-14,-15,-14,-16,-14,-16,-13,-16,-14,-16,-14,-15,-16,-15,-14,-15,-15,-15,-15,-16,-14,-16,-15,-16,-15,-16,-15,-17,-14,-17,-13,-18,-13,-19,-12,-18,-13,-18,-14,-18,-12,-20,-12,-20,0,0]"
CSI_DATA: 1189,6,248,248,255,247,285,0,-32,-17,110998.462,111000.386,157.904,111347.318,301.907,193.319,"[-2,-1,-2,0,-2,1,-3,0,-4,2,-4,2,-4,3,-5,3,-5,3,-5,4,-7,4,-6,5,-7,5,-7,5,-8,5,-8,6,-7,6,-8,6,-8,7,-8,7,-9,8,-8,8,-9,8,-9,9,-10,9,-9,10,0,0,-9,10,-10,11,-10,11,-10,11,-11,11,-11,12,-11,12,-11,12,-11,12,-11,12,-11,13,-11,12,-11,12,-11,13,-11,13,-11,14,-11,14,-11,14,-12,14,-11,13,-12,14,-12,13,-13,13,-13,14,-14,13,-13,13,0,0,-8,10,-8,11,-8,11,-9,12,-9,12,-9,12,-9,12,-9,12,-10,12,-9,12,-9,14,-9,14,-8,14,-8,14,-9,14,-7,15,-7,15,-7,15,-7,15,-7,16,-8,16,-7,17,-7,16,-5,18,-6,19,-5,19,0,0,-5,19,-5,19,-5,20,-4,20,-5,21,-6,21,-6,21,-6,21,-6,22,-5,22,-4,23,-4,22,-5,22,-6,23,-5,23,-5,24,-5,24,-6,24,-7,24,-7,24,-9,24,-9,23,-9,24,-8,25,-10,24,-11,24,0,0]"
CSI_DATA: 1190,7,241,241,246,241,285,0,-28,-19,110913.507,110915.432,202.140,111412.974,367.563,258.975,"[5,-11,5,-11,4,-12,4,-12,4,-12,4,-12,3,-12,4,-11,3,-12,2,-12,3,-14,2,-13,3,-14,3,-13,3,-14,3,-14,3,-13,3,-12,2,-13,2,-13,2,-13,2,-12,2,-12,0,-12,1,-13,0,-13,0,0,-1,-12,-1,-13,-2,-13,-2,-13,-2,-14,-2,-14,-3,-14,-3,-14,-3,-15,-4,-15,-4,-16,-4,-16,-4,-16,-4,-17,-4,-17,-4,-18,-5,-19,-4,-19,-4,-19,-3,-19,-3,-21,-2,-21,-2,-22,-2,-23,0,-22,1,-22,0,0,-19,0,-19,0,-19,1,-20,-1,-19,-1,-19,-1,-19,-2,-18,-2,-18,-2,-17,-2,-18,-2,-17,-1,-16,-1,-15,-1,-15,-1,-15,1,-15,2,-15,2,-15,2,-16,2,-16,2,-16,3,-16,2,-16,4,-17,4,-17,4,0,0,-17,4,-18,4,-18,5,-17,5,-18,4,-18,3,-18,3,-18,3,-18,3,-17,3,-18,4,-17,3,-17,3,-17,2,-17,3,-17,3,-18,3,-17,2,-16,1,-16,1,-17,0,-16,0,-16,0,-16,1,-16,0,-16,0,0,0]"
CSI_DATA: 1191,4,247,247,276,246,286,0,-22,-39,111382.249,111384.171,57.964,111603.369,190.395,59.372,"[-12,-7,-12,-7,-12,-6,-13,-7,-13,-6,-12,-7,-12,-6,-12,-6,-12,-6,-12,-5,-13,-6,-13,-5,-13,-5,-13,-5,-13,-6,-13,-5,-12,-4,-12,-4,-13,-4,-13,-4,-13,-4,-13,-3,-12,-4,-13,-2,-14,-3,-14,-2,0,0,-14,-2,-14,-2,-15,-1,-14,-1,-15,-2,-15,-2,-15,-2,-15,-2,-15,-2,-15,-1,-16,-1,-15,-2,-15,-2,-16,-2,-15,-2,-16,-2,-17,-2,-16,-3,-16,-3,-16,-3,-16,-4,-16,-5,-16,-5,-16,-5,-15,-6,-15,-6,0,0,-17,2,-17,2,-18,2,-19,1,-20,0,-20,0,-19,-1,-19,-2,-19,-2,-19,-2,-20,-3,-20,-3,-20,-3,-19,-4,-19,-5,-20,-4,-18,-4,-18,-5,-18,-4,-17,-5,-17,-5,-17,-4,-16,-5,-17,-3,-17,-4,-17,-3,0,0,-16,-3,-17,-3,-16,-2,-16,-2,-16,-2,-16,-2,-15,-2,-15,-2,-16,-1,-15,-1,-15,0,-15,0,-15,0,-15,0,-15,1,-15,2,-16,3,-16,3,-16,3,-16,3,-16,3,-16,2,-17,3,-18,4,-18,3,-18,3,0,0]"
CSI_DATA: 1192,5,267,267,272,266,286,0,-35,-20,111385.256,111387.178,102.586,111664.689,251.715,120.692,"[-4,20,-4,20,-2,20,-3,21,-2,20,-2,20,-2,20,-2,19,-2,19,0,19,0,20,0,20,1,20,1,20,0,20,2,20,2,19,2,19,3,19,2,19,1,19,3,19,1,18,3,18,2,19,3,18,0,0,3,17,3,17,3,17,3,16,2,16,3,16,2,16,2,15,2,15,2,14,2,15,0,14,0,13,0,14,-1,13,-1,13,-2,13,-2,12,-3,11,-4,10,-5,9,-6,8,-6,7,-7,6,-7,5,-7,4,0,0,5,13,5,13,7,13,6,14,6,13,6,13,7,14,6,13,7,13,7,13,8,14,8,13,9,13,9,13,8,13,11,13,10,12,11,13,11,12,11,13,11,14,12,13,11,13,13,12,13,13,14,13,0,0,14,12,15,13,15,12,15,12,15,13,15,14,15,13,15,13,16,13,16,14,17,14,16,14,16,13,16,14,18,15,18,15,18,15,17,15,17,16,16,16,16,18,15,17,15,18,16,18,14,20,13,20,0,0]"
CSI_DATA: 1193,7,242,242,247,242,286,0,-30,-20,111303.498,111305.420,202.137,111747.613,334.639,203.616,"[-4,11,-3,11,-2,10,-3,11,-2,11,-2,10,-2,10,-1,10,-1,10,0,10,-1,11,0,11,0,12,0,11,-1,11,0,11,0,11,0,10,0,11,0,10,0,10,1,10,1,10,1,10,1,10,2,10,0,0,2,9,4,10,4,10,4,10,4,10,5,10,5,10,5,11,6,11,6,11,7,11,6,12,6,12,7,13,7,13,8,13,8,15,7,15,8,15,7,15,6,16,6,17,5,18,5,19,4,19,3,19,0,0,-18,-3,-17,-3,-18,-2,-18,-3,-18,-3,-18,-3,-18,-3,-17,-3,-17,-3,-16,-3,-17,-3,-16,-3,-15,-2,-15,-1,-14,-1,-15,1,-14,2,-14,2,-14,3,-15,3,-15,3,-15,4,-16,3,-15,5,-17,4,-17,5,0,0,-17,6,-17,6,-17,6,-17,7,-18,6,-19,6,-18,5,-18,5,-18,6,-18,5,-19,6,-18,4,-18,4,-19,4,-19,5,-19,5,-19,5,-19,4,-19,3,-18,3,-19,2,-18,2,-19,1,-18,2,-18,0,-17,0,0,0]"
CSI_DATA: 1194,3,236,236,273,235,287,0,-19,-33,111775.165,111777.123,11.982,111947.516,199.903,13.512,"[11,-7,11,-7,10,-8,11,-8,11,-8,11,-8,11,-8,10,-8,11,-8,10,-9,11,-10,11,-10,11,-10,11,-10,11,-10,11,-11,10,-11,10,-11,10,-12,11,-12,11,-12,11,-12,10,-11,10,-13,11,-13,10,-14,0,0,10,-14,10,-14,10,-15,9,-14,10,-15,11,-15,11,-15,11,-15,10,-15,10,-15,11,-16,11,-15,11,-16,11,-16,11,-16,11,-17,12,-16,12,-16,12,-16,12,-15,13,-15,13,-14,14,-14,14,-15,14,-14,15,-14,0,0,12,7,13,7,12,6,13,8,12,8,12,8,12,8,11,8,11,9,11,8,12,8,12,8,12,8,11,8,11,8,12,7,11,7,11,6,12,6,11,7,12,7,12,6,11,6,12,5,13,6,13,5,0,0,13,5,12,4,14,4,13,3,13,4,14,4,13,4,13,4,13,3,13,3,14,3,13,3,13,4,14,4,13,3,14,4,13,4,13,4,13,4,12,4,12,5,12,5,11,5,12,5,11,6,11,6,0,0]"
CSI_DATA: 1195,4,248,248,277,247,287,0,-23,-33,111772.259,111774.217,57.941,112000.487,252.874,66.483,"[10,6,11,5,11,5,12,6,11,5,11,5,11,5,11,5,11,5,11,4,12,5,11,4,11,4,11,4,11,4,12,3,11,3,11,3,12,3,11,3,12,3,12,3,11,3,12,2,12,2,12,2,0,0,12,1,12,1,13,1,12,1,13,1,13,1,13,1,13,1,13,1,13,1,14,1,13,2,14,1,14,1,13,2,14,2,14,2,14,2,14,3,13,3,14,4,14,4,13,5,14,5,13,6,12,6,0,0,9,14,9,15,9,13,9,16,8,14,8,15,8,14,8,14,8,14,7,13,8,14,9,14,8,13,8,13,7,13,8,12,8,12,8,11,8,11,8,11,8,11,8,11,8,11,9,9,10,11,10,10,0,0,11,9,10,9,11,9,11,8,11,9,11,9,12,9,11,9,12,9,12,9,14,9,13,9,13,9,14,10,14,9,15,10,15,9,15,11,15,11,14,12,15,13,14,12,14,13,15,12,14,15,14,15,0,0]"
CSI_DATA: 1196,5,268,268,273,267,287,0,-33,-20,111775.266,111777.224,102.571,112057.518,309.905,123.514,"[13,13,13,12,13,11,14,14,13,13,13,13,13,12,13,12,13,12,13,12,14,13,14,13,13,13,13,13,12,14,13,13,13,12,11,12,12,13,11,13,11,13,11,13,9,12,10,12,10,13,10,12,0,0,9,11,8,11,9,11,8,10,8,10,7,10,7,9,6,9,6,8,6,8,6,8,5,7,5,7,5,6,4,5,5,5,5,4,5,3,5,3,4,2,5,2,5,1,5,1,6,0,6,0,6,-1,0,0,11,9,12,9,12,7,13,9,13,8,13,8,13,7,12,7,13,7,13,7,14,7,14,6,15,6,14,6,14,6,16,5,15,4,15,4,16,4,16,4,17,5,17,4,16,4,17,2,19,3,19,2,0,0,19,2,19,2,20,2,19,1,20,2,21,2,21,2,21,2,21,2,21,1,23,1,22,2,22,2,24,2,23,2,25,2,24,2,25,3,25,4,24,4,25,5,25,6,25,6,26,6,25,8,25,10,0,0]"
CSI_DATA: 1197,6,249,249,256,248,287,0,-29,-18,111778.462,111780.420,157.980,112114.382,366.769,180.378,"[-2,5,-1,5,0,6,0,7,1,7,1,7,2,7,3,7,3,8,3,8,4,9,4,9,4,10,4,10,5,11,6,10,6,10,6,10,7,11,7,11,8,12,8,11,7,11,9,11,9,13,10,12,0,0,11,12,11,13,12,13,12,13,12,14,13,15,13,14,13,14,13,15,13,14,14,15,13,16,13,16,14,16,13,15,14,16,13,17,13,16,13,16,12,16,12,17,11,17,11,18,11,18,10,18,10,17,0,0,-13,-12,-14,-13,-13,-11,-14,-14,-13,-13,-14,-13,-14,-13,-13,-13,-14,-13,-13,-12,-15,-13,-15,-12,-15,-12,-15,-11,-15,-12,-16,-11,-16,-10,-15,-10,-17,-10,-16,-10,-17,-11,-17,-10,-17,-9,-19,-7,-19,-9,-21,-8,0,0,-21,-8,-20,-8,-22,-8,-20,-7,-22,-8,-22,-8,-22,-9,-22,-8,-23,-8,-23,-8,-25,-8,-24,-8,-24,-8,-25,-9,-24,-9,-26,-10,-24,-9,-26,-10,-25,-11,-24,-11,-25,-13,-23,-13,-24,-13,-24,-13,-24,-15,-23,-16,0,0]"
CSI_DATA: 1198,7,243,243,247,243,287,0,-30,-22,111303.498,111695.467,202.121,112183.805,436.192,249.801,"[-4,11,-3,11,-2,10,-3,11,-2,11,-2,10,-2,10,-1,10,-1,10,0,10,-1,11,0,11,0,12,0,11,-1,11,0,11,0,11,0,10,0,11,0,10,0,10,1,10,1,10,1,10,1,10,2,10,0,0,2,9,4,10,4,10,4,10,4,10,5,10,5,10,5,11,6,11,6,11,7,11,6,12,6,12,7,13,7,13,8,13,8,15,7,15,8,15,7,15,6,16,6,17,5,18,5,19,4,19,3,19,0,0,13,3,14,3,14,2,15,3,14,3,15,3,14,3,14,3,14,4,13,3,14,3,13,2,13,2,12,1,12,1,13,-1,13,-1,12,-1,13,-2,14,-2,14,-2,14,-3,14,-2,14,-4,16,-4,16,-4,0,0,16,-4,16,-5,17,-5,16,-5,17,-4,18,-4,17,-4,17,-3,18,-4,17,-3,18,-4,17,-3,17,-3,18,-3,17,-2,18,-2,17,-3,17,-2,17,-1,16,0,16,0,16,0,16,0,16,0,15,1,15,1,0,0]"
CSI_DATA: 1199,3,237,237,274,236,288,0,-21,-32,112165.169,112167.73,12.32,112337.388,153.583,13.389,"[11,9,12,9,12,8,13,10,12,9,12,10,12,9,12,9,11,10,11,8,13,9,13,9,13,9,13,9,12,9,13,8,13,8,12,8,13,8,12,9,13,9,13,9,12,8,13,7,14,8,14,8,0,0,14,7,14,7,15,8,14,6,14,8,15,8,14,8,14,7,14,7,14,7,16,7,15,7,15,7,16,8,14,8,16,8,16,8,16,8,15,9,15,9,15,10,15,10,15,10,16,10,14,11,14,11,0,0,-4,11,-4,11,-3,11,-5,11,-4,11,-5,11,-5,11,-4,10,-5,11,-4,10,-4,11,-3,11,-3,10,-3,10,-3,10,-2,10,-2,10,-1,10,0,10,-1,10,0,10,1,10,1,10,2,10,2,11,4,10,0,0,4,10,5,11,6,11,6,11,7,11,7,12,8,12,8,12,9,12,9,12,10,13,10,13,10,13,11,14,11,15,12,16,13,15,12,17,12,17,11,18,11,19,10,19,10,20,11,20,9,21,8,21,0,0]"
CSI_DATA: 1200,4,249,249,278,248,288,0,-25,-28,112162.264,112164.168,57.962,112386.35,202.230,62.36,"[2,-13,2,-13,1,-14,2,-15,1,-14,2,-14,1,-14,1,-13,1,-14,1,-13,1,-15,0,-14,1,-14,0,-14,1,-14,0,-14,-1,-13,-1,-13,-1,-14,-1,-14,-1,-14,-1,-13,-1,-13,-2,-13,-2,-14,-3,-14,0,0,-3,-14,-3,-14,-4,-15,-4,-14,-3,-15,-4,-15,-3,-15,-4,-14,-4,-15,-4,-14,-4,-16,-3,-15,-3,-15,-4,-16,-4,-15,-4,-16,-4,-16,-3,-17,-3,-17,-2,-16,-1,-16,-1,-16,0,-16,-1,-17,1,-16,1,-16,0,0,-15,-7,-16,-7,-15,-6,-16,-7,-15,-7,-16,-7,-15,-6,-15,-6,-15,-7,-14,-6,-16,-6,-15,-6,-15,-6,-15,-5,-15,-6,-15,-5,-15,-4,-14,-5,-14,-4,-15,-4,-15,-4,-15,-3,-14,-4,-15,-2,-16,-3,-16,-2,0,0,-16,-2,-17,-2,-17,-2,-16,-1,-17,-2,-17,-1,-17,-2,-17,-1,-18,-1,-17,-2,-19,-1,-17,-2,-18,-2,-18,-2,-18,-3,-19,-3,-18,-2,-19,-3,-19,-4,-18,-4,-18,-5,-18,-5,-17,-5,-17,-5,-17,-7,-17,-7,0,0]"
CSI_DATA: 1201,5,269,269,274,268,288,0,-34,-23,112165.271,112167.175,102.556,112457.981,274.176,133.982,"[2,17,2,17,4,17,3,18,3,17,3,17,3,17,3,16,3,16,4,16,5,17,5,16,6,16,5,16,5,17,6,16,6,15,6,15,6,16,5,16,5,16,6,16,4,15,6,15,5,15,6,15,0,0,5,14,4,14,5,14,5,13,4,13,4,13,3,12,3,12,3,12,2,11,3,11,2,10,2,10,1,10,1,9,0,9,0,8,-1,8,-2,8,-2,7,-3,6,-3,5,-3,5,-3,4,-4,3,-4,2,0,0,13,-7,13,-7,13,-8,14,-7,13,-7,13,-8,13,-8,13,-8,13,-7,12,-8,13,-9,12,-9,12,-10,12,-10,13,-9,13,-12,11,-11,12,-11,12,-11,12,-11,13,-11,12,-12,12,-11,11,-13,13,-13,12,-14,0,0,12,-14,13,-14,12,-15,12,-15,13,-15,13,-15,13,-15,13,-15,13,-15,13,-16,13,-17,13,-15,13,-16,13,-16,13,-16,14,-17,14,-17,14,-17,15,-17,15,-16,16,-17,16,-15,17,-16,17,-17,18,-15,18,-15,0,0]"
CSI_DATA: 1202,6,250,250,257,249,288,0,-33,-17,112168.467,112170.372,157.874,112521.781,337.976,197.782,"[-1,-2,-1,-2,0,-3,1,-3,1,-4,2,-4,3,-5,3,-5,4,-5,4,-6,6,-7,6,-7,7,-7,7,-7,7,-8,7,-9,7,-9,7,-9,8,-10,8,-11,10,-11,9,-12,10,-12,9,-14,10,-15,10,-16,0,0,11,-17,12,-17,11,-19,11,-18,13,-19,13,-20,14,-21,14,-20,14,-21,13,-21,14,-23,15,-22,15,-22,15,-23,15,-22,15,-23,15,-22,16,-22,16,-22,16,-21,16,-21,16,-21,15,-21,14,-22,16,-21,15,-21,0,0,4,14,5,15,6,14,5,16,5,15,5,15,5,15,5,15,4,15,5,14,6,15,6,15,6,15,6,14,6,15,7,14,7,13,7,13,8,13,7,14,8,14,9,14,8,13,11,13,10,14,11,14,0,0,11,14,11,14,12,14,12,13,13,14,12,15,12,15,12,15,13,15,13,15,14,15,13,16,13,16,14,17,13,17,14,18,14,17,14,18,13,18,12,18,12,20,10,19,11,20,12,20,10,21,9,21,0,0]"
CSI_DATA: 1203,7,244,244,247,244,288,0,-30,-21,111303.498,112085.418,202.117,112586.104,402.299,262.105,"[-4,11,-3,11,-2,10,-3,11,-2,11,-2,10,-2,10,-1,10,-1,10,0,10,-1,11,0,11,0,12,0,11,-1,11,0,11,0,11,0,10,0,11,0,10,0,10,1,10,1,10,1,10,1,10,2,10,0,0,2,9,4,10,4,10,4,10,4,10,5,10,5,10,5,11,6,11,6,11,7,11,6,12,6,12,7,13,7,13,8,13,8,15,7,15,8,15,7,15,6,16,6,17,5,18,5,19,4,19,3,19,0,0,17,3,17,2,17,2,18,3,17,3,17,4,17,3,16,3,16,4,15,3,16,4,15,3,14,2,14,2,13,2,14,0,14,-1,14,-1,14,-1,15,-1,15,-1,15,-1,15,-1,15,-2,16,-2,16,-2,0,0,16,-2,17,-2,17,-3,17,-3,17,-2,17,-2,17,-2,17,-1,17,-2,17,-2,17,-2,17,-1,17,-1,17,-1,17,-1,17,-1,17,-1,17,0,16,0,16,0,16,1,16,2,16,2,16,1,15,2,15,2,0,0]"
CSI_DATA: 1204,3,238,238,275,237,289,0,-22,-24,112555.146,112557.96,12.66,112727.514,141.410,13.515,"[-9,-10,-10,-10,-10,-9,-11,-11,-10,-10,-11,-10,-11,-10,-10,-10,-11,-10,-11,-9,-12,-10,-12,-9,-12,-9,-12,-9,-12,-10,-13,-9,-13,-9,-12,-9,-13,-9,-13,-9,-13,-9,-13,-9,-13,-9,-14,-8,-15,-9,-15,-8,0,0,-15,-8,-15,-8,-16,-8,-15,-8,-16,-8,-16,-8,-16,-8,-16,-8,-16,-8,-16,-8,-17,-8,-17,-9,-17,-8,-17,-9,-17,-9,-18,-9,-18,-9,-18,-10,-17,-10,-16,-10,-16,-11,-16,-12,-17,-12,-17,-11,-16,-13,-15,-13,0,0,-3,-18,-3,-18,-4,-18,-3,-19,-3,-18,-3,-18,-3,-18,-3,-17,-3,-17,-4,-17,-4,-18,-5,-18,-4,-18,-4,-17,-3,-17,-5,-18,-5,-17,-5,-16,-6,-16,-5,-17,-4,-17,-5,-16,-5,-16,-7,-16,-7,-17,-8,-17,0,0,-8,-16,-8,-17,-8,-18,-9,-17,-8,-17,-8,-18,-8,-18,-8,-17,-8,-18,-9,-18,-10,-19,-8,-18,-9,-18,-9,-19,-9,-19,-9,-19,-9,-19,-8,-20,-8,-20,-7,-20,-6,-21,-5,-20,-5,-20,-6,-20,-4,-21,-4,-21,0,0]"
CSI_DATA: 1205,4,250,250,279,249,289,0,-23,-25,112552.242,112554.191,57.953,112791.944,205.840,77.945,"[-10,7,-10,7,-9,8,-10,8,-10,8,-10,8,-9,8,-9,8,-9,8,-8,8,-9,9,-8,9,-9,9,-8,10,-9,9,-8,10,-7,10,-7,10,-7,10,-8,10,-8,10,-7,10,-7,10,-6,11,-7,12,-6,12,0,0,-5,12,-6,12,-6,13,-5,13,-6,13,-6,14,-6,13,-6,13,-6,13,-6,13,-6,15,-7,14,-6,14,-7,14,-7,14,-7,15,-7,15,-8,15,-8,14,-8,13,-10,13,-10,12,-10,12,-10,12,-11,12,-11,11,0,0,-16,-3,-16,-3,-15,-2,-17,-3,-16,-3,-16,-3,-16,-3,-16,-3,-16,-3,-15,-2,-17,-2,-16,-1,-16,-1,-16,-1,-16,-2,-17,0,-16,0,-16,-1,-15,0,-16,-1,-16,-1,-16,0,-16,-1,-16,2,-17,1,-17,2,0,0,-17,1,-18,2,-18,2,-17,2,-18,2,-18,2,-18,1,-18,2,-18,2,-18,2,-19,3,-18,2,-19,2,-19,2,-20,2,-20,2,-20,2,-20,1,-20,1,-20,0,-21,-1,-20,-1,-20,-1,-21,-1,-21,-3,-21,-4,0,0]"
CSI_DATA: 1206,5,270,270,275,269,289,0,-34,-21,112555.249,112557.198,102.567,112858.870,272.766,144.871,"[-8,-17,-9,-17,-10,-16,-10,-19,-10,-17,-10,-17,-10,-17,-10,-16,-11,-16,-11,-15,-12,-16,-13,-15,-12,-15,-12,-15,-12,-15,-13,-14,-13,-14,-12,-13,-14,-13,-13,-13,-13,-13,-13,-12,-12,-12,-14,-11,-14,-13,-14,-12,0,0,-13,-11,-14,-11,-14,-12,-13,-10,-13,-11,-13,-11,-13,-11,-12,-11,-12,-11,-11,-11,-12,-11,-11,-11,-10,-11,-10,-12,-9,-11,-9,-12,-9,-12,-8,-12,-6,-12,-5,-12,-4,-13,-3,-12,-2,-12,-2,-13,-1,-12,0,-12,0,0,-16,0,-17,0,-16,1,-18,0,-16,1,-17,1,-17,1,-17,1,-17,1,-16,1,-17,2,-17,3,-17,3,-17,3,-17,2,-17,4,-17,4,-17,4,-17,5,-18,4,-18,4,-18,5,-17,5,-17,7,-19,7,-19,8,0,0,-18,8,-19,8,-19,9,-18,9,-19,9,-20,9,-20,8,-20,9,-20,10,-20,10,-20,11,-21,10,-20,10,-22,11,-21,10,-23,12,-22,12,-24,11,-24,10,-24,10,-25,9,-25,8,-26,8,-27,9,-27,7,-28,6,0,0]"
CSI_DATA: 1207,6,251,251,258,250,289,0,-35,-18,112558.446,112560.395,157.888,112932.859,346.755,218.860,"[0,3,0,3,1,3,1,3,1,3,2,3,3,3,3,3,3,3,3,3,4,4,5,4,5,4,5,4,5,4,6,4,6,3,6,3,7,3,7,4,8,4,8,4,9,4,9,3,10,4,11,3,0,0,11,4,12,4,13,4,13,4,13,5,14,5,14,5,14,5,15,5,15,5,16,5,15,6,15,6,16,6,15,6,16,6,16,6,17,7,16,7,16,8,16,8,16,8,17,8,18,8,18,9,17,9,0,0,-16,-7,-16,-7,-16,-6,-17,-7,-16,-7,-17,-7,-17,-7,-16,-7,-16,-7,-16,-7,-18,-7,-17,-6,-17,-6,-17,-5,-16,-6,-18,-4,-17,-4,-16,-4,-17,-3,-18,-3,-17,-4,-17,-2,-17,-3,-17,0,-19,-1,-19,0,0,0,-18,1,-19,0,-20,1,-19,2,-20,2,-21,2,-21,1,-20,2,-21,2,-21,2,-23,3,-22,2,-21,2,-23,2,-23,2,-24,3,-24,2,-24,2,-24,1,-24,0,-25,0,-24,-1,-25,-1,-25,-1,-25,-3,-24,-4,0,0]"
CSI_DATA: 1208,7,245,245,248,245,289,0,-27,-19,112473.493,112475.442,202.132,112993.870,407.766,279.871,"[2,-12,1,-13,0,-12,1,-14,0,-13,0,-13,0,-12,0,-12,0,-12,-1,-12,-1,-13,-1,-12,-1,-12,-2,-12,-2,-12,-3,-12,-3,-11,-3,-11,-4,-11,-4,-12,-4,-12,-5,-11,-4,-11,-6,-11,-6,-12,-6,-11,0,0,-7,-11,-8,-12,-8,-12,-8,-11,-8,-13,-8,-13,-8,-13,-8,-13,-9,-13,-9,-13,-10,-14,-9,-14,-9,-14,-10,-15,-9,-15,-10,-15,-10,-16,-9,-16,-8,-17,-7,-16,-7,-17,-7,-18,-6,-19,-7,-19,-5,-19,-5,-19,0,0,7,14,8,15,8,14,8,16,7,14,8,15,7,15,7,14,7,14,7,13,8,14,8,13,8,13,8,12,8,12,10,12,10,11,9,11,11,11,10,11,10,12,11,11,10,11,12,10,12,12,13,12,0,0,12,11,13,11,13,12,13,11,13,12,13,12,12,12,12,12,12,12,12,12,14,12,12,12,12,12,12,12,12,12,13,13,12,12,12,13,11,13,10,13,10,13,10,12,9,13,10,13,9,13,8,14,0,0]"
CSI_DATA: 1209,3,239,239,276,238,290,0,-22,-21,112945.156,112947.61,12.35,113117.367,123.497,13.367,"[15,1,15,1,16,0,17,1,17,1,17,1,16,1,16,1,16,1,16,1,17,1,17,1,17,1,17,1,17,2,17,0,16,0,16,1,17,0,17,1,17,1,17,1,16,1,17,0,17,1,17,0,0,0,17,0,17,0,17,0,16,-1,17,0,17,0,17,0,16,0,16,-1,16,-1,17,-1,16,-1,16,-1,16,-1,16,-1,16,-1,17,-1,16,-1,16,-1,16,-1,16,0,17,0,17,1,17,0,16,1,17,1,0,0,-2,15,-2,16,0,16,-1,17,-1,16,-1,16,-1,16,-1,15,-1,16,-1,15,-1,17,0,16,-1,16,0,15,-1,15,1,16,1,15,1,15,1,15,0,15,0,16,1,16,0,15,2,15,1,16,3,16,0,0,3,16,3,16,4,16,4,16,3,16,3,17,3,17,3,17,4,16,3,17,5,18,3,17,3,17,3,17,4,18,4,18,4,18,3,18,3,18,2,18,2,19,1,18,0,19,1,19,0,19,-1,19,0,0]"
CSI_DATA: 1210,4,251,251,280,250,290,0,-32,-29,112942.253,112944.158,57.960,113164.459,170.589,60.459,"[10,-5,10,-5,10,-6,11,-6,10,-6,10,-6,11,-6,10,-6,10,-6,10,-7,11,-7,11,-7,11,-8,10,-8,11,-8,10,-9,9,-8,9,-8,10,-9,10,-9,10,-9,9,-9,9,-9,9,-10,10,-11,9,-11,0,0,9,-11,9,-12,9,-13,8,-12,10,-12,10,-13,10,-13,10,-12,9,-12,9,-12,10,-13,10,-12,10,-12,11,-12,10,-12,10,-13,11,-12,11,-12,11,-11,11,-11,12,-10,12,-10,12,-9,13,-10,13,-8,13,-8,0,0,8,-9,8,-10,7,-10,8,-11,7,-11,7,-11,6,-11,6,-11,6,-11,6,-12,7,-13,6,-13,6,-13,6,-13,6,-13,6,-14,5,-14,5,-13,4,-14,4,-14,5,-15,4,-15,5,-15,3,-15,4,-16,3,-17,0,0,3,-17,3,-18,3,-18,3,-18,3,-18,3,-19,3,-19,3,-19,3,-20,3,-20,3,-21,4,-20,4,-21,4,-21,4,-21,4,-22,4,-22,5,-22,5,-22,6,-21,7,-22,7,-21,8,-21,8,-22,10,-21,10,-21,0,0]"
CSI_DATA: 1211,5,271,271,276,270,290,0,-32,-23,112945.259,112947.164,102.572,113230.723,236.853,126.723,"[-6,4,-6,4,-5,5,-5,6,-5,6,-4,7,-4,7,-3,7,-3,8,-3,7,-2,8,-1,8,-1,9,0,9,0,9,1,9,2,9,2,9,3,10,4,11,4,11,5,11,5,11,7,11,8,12,9,12,0,0,10,13,10,13,11,14,11,14,12,15,13,15,13,16,14,16,14,16,15,16,16,17,16,17,16,17,17,19,16,19,17,20,17,21,18,21,17,22,16,22,16,23,15,24,15,25,16,25,14,26,13,26,0,0,-17,-3,-17,-3,-17,-2,-18,-3,-17,-3,-18,-3,-18,-3,-18,-3,-18,-3,-17,-2,-19,-2,-18,-2,-19,-2,-18,-2,-19,-2,-20,0,-19,0,-18,-1,-19,0,-20,-1,-20,-1,-20,-1,-19,-1,-19,1,-20,0,-21,1,0,0,-21,1,-21,1,-21,1,-20,2,-21,1,-21,1,-21,1,-21,1,-21,2,-21,2,-22,3,-21,2,-22,2,-22,2,-22,3,-23,3,-23,3,-24,3,-24,3,-24,2,-25,2,-24,1,-25,0,-26,1,-26,-2,-26,-2,0,0]"
CSI_DATA: 1212,6,252,252,259,251,290,0,-30,-20,112948.457,112950.362,157.896,113295.77,301.207,191.77,"[-1,-5,0,-6,-1,-6,-1,-7,-1,-7,-1,-8,-1,-8,-1,-8,-1,-8,-1,-8,-1,-9,-1,-10,-1,-10,-1,-10,0,-11,-2,-11,-2,-10,-2,-11,-2,-11,-2,-11,-2,-12,-3,-11,-2,-12,-3,-12,-2,-13,-3,-13,0,0,-3,-13,-3,-14,-4,-15,-4,-13,-4,-15,-4,-15,-3,-15,-4,-14,-4,-15,-4,-14,-4,-15,-3,-15,-3,-15,-3,-16,-3,-14,-4,-15,-4,-15,-4,-15,-3,-15,-2,-15,-2,-15,-2,-16,-2,-15,-2,-15,-2,-15,-2,-15,0,0,3,15,3,16,4,15,4,17,4,16,4,17,4,16,4,16,4,16,4,16,5,17,5,16,5,16,6,16,5,16,7,16,7,14,7,15,8,15,8,15,8,16,9,15,9,15,11,14,11,16,13,15,0,0,13,15,13,15,14,16,14,15,14,16,15,16,15,16,15,16,15,16,16,17,17,18,16,17,16,18,16,18,16,18,17,19,17,19,16,20,16,20,16,20,15,22,14,20,14,22,15,22,13,23,12,23,0,0]"
CSI_DATA: 1213,7,246,246,249,246,290,0,-28,-23,112863.504,112865.409,202.139,113361.482,367.612,257.482,"[-14,8,-14,8,-12,8,-15,8,-14,8,-14,8,-13,8,-13,8,-13,8,-12,8,-14,9,-13,9,-13,8,-14,9,-14,8,-14,9,-13,8,-13,7,-13,8,-13,7,-13,7,-13,7,-12,6,-12,7,-12,8,-12,8,0,0,-11,7,-11,8,-11,8,-10,8,-11,8,-11,8,-10,8,-10,8,-10,8,-9,8,-10,10,-10,9,-10,10,-10,10,-10,9,-11,11,-11,11,-11,11,-11,11,-12,11,-13,11,-13,11,-13,11,-14,12,-15,10,-15,10,0,0,-9,15,-9,15,-7,15,-9,15,-9,14,-9,14,-9,14,-9,13,-9,13,-8,12,-9,13,-8,13,-8,12,-7,12,-7,12,-6,13,-5,12,-5,12,-5,13,-5,13,-6,13,-5,13,-5,13,-4,14,-5,14,-4,15,0,0,-4,15,-5,14,-5,15,-4,15,-5,14,-5,14,-6,14,-6,14,-5,14,-5,14,-5,14,-6,13,-6,13,-6,12,-6,12,-6,13,-5,12,-6,12,-6,11,-6,11,-6,11,-6,10,-6,9,-5,10,-6,9,-6,9,0,0]"
CSI_DATA: 1214,3,240,240,277,239,291,0,-25,-23,113335.163,113337.57,11.979,113507.494,146.12,13.496,"[5,-15,5,-16,4,-16,5,-17,5,-16,5,-16,4,-15,4,-15,4,-15,4,-15,4,-16,3,-16,3,-16,3,-16,4,-16,2,-16,2,-16,2,-15,2,-16,2,-16,3,-16,2,-16,2,-15,1,-16,2,-17,1,-17,0,0,1,-17,1,-17,1,-18,0,-17,1,-17,1,-17,2,-18,1,-17,2,-17,2,-17,1,-18,2,-17,2,-17,2,-17,2,-17,2,-18,2,-17,2,-17,3,-16,3,-15,4,-16,4,-15,4,-15,4,-15,5,-14,4,-14,0,0,-14,2,-14,3,-13,4,-14,3,-13,3,-14,3,-14,4,-13,4,-13,4,-12,4,-13,5,-13,5,-13,6,-12,6,-13,5,-12,7,-12,7,-11,6,-12,8,-12,7,-12,7,-12,8,-12,7,-11,9,-12,9,-12,10,0,0,-12,10,-12,11,-12,11,-12,11,-12,12,-13,12,-12,12,-12,12,-13,12,-12,12,-13,13,-13,12,-13,12,-14,12,-14,12,-15,13,-14,12,-15,12,-15,12,-15,11,-16,11,-16,10,-16,10,-17,11,-17,9,-18,9,0,0]"
CSI_DATA: 1215,5,272,272,277,271,291,0,-35,-20,113335.266,113337.161,102.518,113597.964,236.482,103.966,"[11,-4,11,-4,10,-5,10,-5,9,-5,8,-5,8,-5,7,-5,7,-6,6,-7,6,-7,5,-7,5,-8,4,-8,4,-8,3,-9,2,-9,2,-9,1,-9,1,-9,1,-10,1,-11,0,-11,-2,-11,-1,-12,-2,-12,0,0,-3,-13,-4,-14,-5,-14,-5,-14,-5,-15,-5,-16,-5,-16,-6,-16,-6,-17,-7,-17,-8,-18,-7,-18,-8,-19,-8,-20,-8,-20,-8,-21,-9,-22,-8,-22,-7,-23,-6,-23,-5,-24,-5,-25,-5,-26,-6,-26,-3,-26,-2,-26,0,0,-11,11,-11,11,-10,11,-11,12,-11,12,-11,12,-11,12,-11,11,-11,12,-10,11,-11,13,-10,13,-10,13,-9,13,-10,13,-9,15,-9,14,-9,14,-8,15,-9,15,-10,14,-9,15,-10,15,-8,16,-9,16,-9,17,0,0,-9,17,-8,17,-9,18,-8,17,-9,18,-9,18,-10,18,-9,17,-9,18,-8,18,-8,20,-9,18,-9,18,-9,19,-9,19,-9,20,-9,20,-10,21,-11,20,-11,19,-12,19,-12,18,-13,18,-13,20,-15,19,-15,19,0,0]"
CSI_DATA: 1216,3,241,241,278,240,292,0,-21,-23,113725.603,113727.123,11.653,113897.457,299.493,13.457,"[-18,6,-18,7,-17,8,-19,7,-18,7,-19,7,-18,7,-17,6,-18,6,-17,7,-19,7,-18,7,-18,7,-18,7,-18,6,-17,8,-17,7,-16,7,-17,8,-17,7,-17,7,-17,7,-16,6,-16,8,-17,7,-17,8,0,0,-16,8,-16,7,-17,8,-16,8,-17,8,-17,8,-17,8,-16,8,-16,8,-15,8,-16,9,-16,7,-16,7,-16,7,-15,7,-16,7,-16,7,-16,7,-16,6,-15,6,-16,6,-15,5,-15,4,-16,5,-15,3,-15,4,0,0,10,-9,9,-9,8,-10,9,-10,8,-10,9,-10,8,-11,8,-10,8,-11,8,-11,8,-12,7,-12,7,-12,6,-12,7,-12,6,-13,5,-13,5,-12,5,-13,5,-13,5,-13,5,-14,5,-14,4,-15,4,-15,3,-15,0,0,3,-15,3,-17,3,-17,2,-17,3,-17,3,-18,4,-18,4,-18,3,-18,3,-19,3,-20,4,-18,4,-19,4,-19,4,-19,4,-20,5,-20,5,-20,6,-19,6,-19,8,-19,8,-18,9,-18,8,-19,9,-17,10,-17,0,0]"
CSI_DATA: 1217,4,252,252,281,251,292,0,-27,-26,113722.702,113724.221,57.518,113951.383,353.419,67.383,"[11,-11,11,-12,10,-12,12,-13,11,-12,11,-13,10,-13,10,-12,10,-12,9,-13,10,-14,9,-13,10,-14,9,-13,10,-13,8,-14,8,-14,8,-13,7,-14,8,-14,8,-14,7,-14,7,-13,6,-15,7,-15,6,-16,0,0,5,-16,6,-16,6,-18,4,-16,6,-17,5,-18,5,-17,5,-17,5,-17,5,-17,5,-19,7,-18,7,-18,7,-18,7,-18,7,-19,7,-18,7,-18,8,-18,8,-17,10,-17,10,-16,11,-15,11,-15,12,-14,11,-13,0,0,-15,-8,-15,-8,-16,-7,-16,-8,-16,-8,-16,-8,-16,-8,-16,-8,-16,-8,-15,-7,-17,-9,-17,-8,-16,-8,-16,-8,-16,-9,-17,-7,-16,-7,-15,-7,-15,-6,-16,-7,-15,-7,-16,-6,-15,-7,-16,-5,-17,-6,-17,-5,0,0,-17,-5,-17,-5,-17,-4,-17,-4,-17,-4,-17,-4,-18,-5,-17,-4,-18,-4,-18,-4,-19,-4,-18,-5,-18,-5,-18,-5,-19,-5,-19,-4,-19,-4,-19,-5,-18,-5,-18,-6,-19,-6,-18,-6,-18,-7,-18,-7,-18,-9,-17,-9,0,0]"
CSI_DATA: 1218,5,273,273,278,272,292,0,-37,-21,113725.707,113727.227,102.31,114022.476,424.512,138.476,"[15,6,15,6,16,5,18,6,16,6,18,6,17,5,17,5,18,5,18,4,20,6,20,5,20,5,20,5,20,7,21,5,20,4,20,5,21,5,21,5,21,6,20,5,19,6,21,5,21,6,21,5,0,0,20,4,20,5,21,5,20,4,20,5,21,5,19,5,19,5,18,5,18,4,19,5,18,6,17,5,17,5,16,5,17,5,16,6,16,5,14,6,14,5,14,6,12,7,11,7,12,6,11,6,10,6,0,0,-14,4,-14,5,-14,5,-14,5,-14,5,-14,5,-14,6,-14,6,-14,6,-14,6,-14,7,-14,8,-14,8,-14,8,-14,8,-14,10,-13,9,-14,9,-13,10,-14,10,-15,10,-14,11,-14,10,-13,12,-15,12,-14,13,0,0,-14,13,-15,13,-14,13,-14,14,-14,13,-15,14,-15,14,-15,14,-15,15,-15,15,-15,16,-16,14,-16,15,-16,15,-16,16,-16,17,-17,17,-17,16,-18,16,-18,16,-20,16,-19,15,-21,15,-21,15,-23,13,-23,13,0,0]"
CSI_DATA: 1219,6,253,253,261,252,292,0,-37,-18,113728.906,113730.425,157.451,114086.104,488.140,202.104,"[-1,4,-1,5,-2,5,-3,5,-4,5,-4,5,-4,5,-5,5,-5,5,-6,5,-7,5,-6,5,-7,5,-7,5,-7,5,-6,6,-6,6,-6,7,-7,7,-6,8,-7,9,-7,9,-8,9,-8,10,-8,11,-8,12,0,0,-8,12,-9,13,-9,13,-9,14,-10,14,-10,15,-10,15,-10,15,-11,15,-10,15,-11,17,-12,16,-12,16,-11,17,-11,16,-11,18,-11,17,-11,18,-11,18,-11,18,-11,19,-11,19,-11,19,-11,20,-13,20,-13,21,0,0,-9,12,-8,12,-7,13,-9,13,-8,14,-9,14,-8,14,-8,13,-8,14,-8,14,-9,15,-8,15,-8,15,-7,14,-8,14,-6,16,-5,14,-6,15,-5,15,-5,16,-5,16,-5,16,-5,16,-3,16,-4,18,-3,18,0,0,-3,18,-2,19,-2,19,-2,19,-2,19,-2,20,-2,20,-2,20,-2,21,-2,21,-2,22,-3,21,-3,21,-3,21,-3,22,-3,23,-3,22,-3,23,-4,23,-4,22,-5,23,-5,21,-6,22,-6,22,-8,22,-8,22,0,0]"
CSI_DATA: 1220,3,242,242,279,241,293,0,-29,-24,114115.144,114117.96,12.89,114287.461,201.357,13.463,"[-9,19,-9,20,-7,20,-9,22,-9,20,-9,20,-9,20,-8,19,-9,20,-8,19,-9,21,-9,20,-9,21,-9,20,-9,20,-7,21,-7,20,-7,19,-7,21,-8,21,-8,20,-7,20,-9,19,-7,20,-8,21,-7,21,0,0,-7,20,-7,20,-7,20,-6,19,-7,20,-7,20,-7,19,-7,19,-7,19,-7,18,-7,19,-8,17,-8,17,-8,17,-7,16,-7,17,-8,16,-7,15,-7,14,-7,13,-8,13,-7,12,-7,12,-7,12,-7,11,-7,10,0,0,14,1,14,0,13,-1,15,0,14,0,14,-1,14,-1,14,-1,14,-1,13,-1,14,-2,14,-2,14,-2,13,-3,13,-3,14,-4,13,-4,13,-4,13,-5,13,-5,14,-4,13,-5,14,-5,13,-6,14,-6,14,-7,0,0,14,-8,14,-8,14,-8,14,-9,14,-8,15,-8,15,-8,15,-8,15,-9,15,-9,16,-9,16,-8,16,-8,16,-9,17,-9,18,-9,17,-9,17,-8,18,-8,18,-7,18,-6,18,-6,18,-6,18,-6,19,-4,19,-4,0,0]"
CSI_DATA: 1221,4,253,253,282,252,293,0,-36,-27,114112.244,114114.196,57.975,114340.866,254.762,66.868,"[2,-8,2,-8,1,-9,2,-10,2,-10,2,-10,2,-10,2,-11,2,-11,2,-11,2,-12,2,-12,2,-12,2,-12,3,-12,1,-12,1,-12,1,-12,0,-12,0,-12,0,-12,-1,-12,-1,-11,-3,-11,-3,-12,-5,-12,0,0,-6,-12,-7,-12,-8,-12,-9,-12,-9,-13,-11,-13,-12,-13,-13,-13,-13,-14,-15,-14,-17,-15,-16,-15,-17,-16,-19,-16,-19,-17,-21,-18,-22,-19,-22,-19,-22,-21,-22,-21,-23,-23,-22,-24,-23,-26,-25,-27,-23,-29,-22,-29,0,0,-1,12,0,12,1,11,0,12,0,12,0,12,1,12,1,12,1,12,1,11,2,12,2,12,2,13,2,13,2,12,3,12,3,12,3,11,3,12,3,12,3,13,4,12,3,12,5,12,5,13,6,13,0,0,6,12,6,12,7,13,7,12,7,13,7,13,7,14,7,13,8,14,8,13,9,14,8,14,8,14,9,15,8,14,10,16,9,15,10,16,9,16,8,16,8,17,7,17,7,17,8,18,7,19,6,19,0,0]"
CSI_DATA: 1222,7,247,247,250,247,293,0,-30,-21,114033.497,114035.448,202.255,114477.658,391.554,203.660,"[15,0,15,-1,15,-2,16,-1,15,-1,15,-1,15,-2,14,-2,14,-2,14,-2,15,-2,14,-2,14,-2,14,-2,14,-1,13,-3,12,-4,12,-3,12,-4,12,-4,12,-4,12,-5,12,-5,11,-6,12,-6,12,-7,0,0,12,-7,12,-8,12,-8,11,-9,12,-9,12,-9,12,-10,12,-10,12,-10,12,-11,13,-12,13,-11,13,-12,14,-13,14,-13,15,-14,15,-14,16,-14,17,-14,17,-13,18,-13,19,-13,20,-12,21,-13,22,-11,23,-10,0,0,-10,-16,-10,-15,-11,-15,-11,-17,-11,-16,-10,-16,-10,-16,-10,-15,-9,-16,-9,-15,-9,-15,-9,-14,-9,-13,-9,-12,-9,-12,-10,-12,-11,-11,-10,-11,-11,-10,-12,-11,-12,-11,-13,-11,-12,-11,-14,-10,-14,-11,-15,-11,0,0,-15,-11,-15,-11,-15,-11,-15,-11,-15,-11,-15,-12,-15,-12,-14,-12,-14,-13,-14,-12,-15,-13,-14,-13,-14,-13,-14,-13,-13,-13,-14,-13,-13,-13,-13,-13,-12,-13,-11,-13,-11,-14,-10,-13,-10,-13,-11,-13,-9,-14,-9,-13,0,0]"
CSI_DATA: 1223,3,243,243,280,242,294,0,-24,-23,114505.136,114507.816,12.836,114678.242,200.584,14.243,"[-4,-16,-4,-16,-5,-16,-4,-18,-4,-17,-4,-17,-4,-17,-3,-17,-3,-17,-3,-17,-3,-18,-4,-18,-3,-18,-3,-17,-3,-17,-4,-19,-4,-17,-3,-17,-4,-17,-3,-17,-2,-17,-3,-17,-2,-17,-4,-17,-3,-18,-3,-17,0,0,-4,-16,-4,-17,-4,-16,-4,-16,-4,-16,-4,-17,-4,-17,-4,-16,-4,-16,-4,-16,-5,-16,-5,-16,-5,-16,-5,-16,-5,-16,-6,-16,-6,-17,-6,-16,-6,-17,-5,-17,-4,-18,-4,-18,-4,-18,-5,-18,-4,-19,-3,-19,0,0,11,-2,11,-3,11,-4,12,-4,11,-4,11,-4,11,-4,11,-4,11,-4,10,-5,11,-6,11,-6,11,-6,10,-7,10,-6,11,-8,9,-8,10,-8,10,-8,10,-9,10,-9,10,-9,10,-9,9,-10,10,-11,10,-12,0,0,9,-12,10,-13,9,-13,9,-13,10,-13,10,-14,10,-14,10,-14,11,-15,11,-15,11,-16,11,-15,11,-15,11,-15,12,-15,12,-16,13,-16,13,-16,14,-15,14,-14,15,-14,15,-14,16,-14,16,-14,17,-13,17,-12,0,0]"
CSI_DATA: 1224,4,254,254,283,253,294,0,-26,-29,114502.237,114504.917,57.990,114738.930,261.272,74.931,"[14,-4,14,-4,14,-6,15,-5,15,-5,14,-5,14,-6,14,-5,14,-6,15,-6,15,-7,15,-7,15,-7,14,-8,15,-7,14,-9,13,-8,13,-8,13,-10,14,-10,14,-9,13,-10,13,-10,12,-12,14,-12,12,-13,0,0,12,-13,13,-15,13,-15,12,-15,13,-15,14,-16,14,-16,14,-16,14,-16,14,-17,15,-18,15,-17,15,-17,16,-17,16,-17,16,-17,17,-18,16,-17,18,-17,18,-16,19,-15,19,-14,20,-14,20,-14,20,-12,20,-11,0,0,-3,15,-2,14,-1,14,-2,15,-2,15,-2,14,-2,14,-2,14,-2,14,-1,14,-1,15,0,14,-1,15,0,14,-2,14,0,15,0,13,0,13,0,13,0,14,0,14,0,14,0,13,2,13,1,14,2,14,0,0,3,14,3,14,3,15,4,14,3,14,3,15,3,15,4,15,4,14,5,15,6,16,4,15,5,15,5,16,5,17,5,17,5,17,5,18,5,18,4,19,3,19,2,19,3,19,3,20,2,21,1,21,0,0]"
CSI_DATA: 1225,5,275,275,280,274,294,0,-31,-21,114505.242,114507.922,112.614,114803.262,325.604,139.263,"[9,5,10,5,10,4,11,6,11,6,12,5,12,5,12,5,12,5,13,4,14,5,14,4,15,5,15,4,15,5,16,4,16,3,16,4,17,3,17,4,17,4,18,4,17,4,18,2,20,4,19,3,0,0,20,3,21,3,21,3,21,3,21,4,22,4,22,4,21,4,21,4,21,4,23,4,22,5,21,5,22,5,21,5,22,5,22,5,21,5,20,6,20,6,20,7,19,7,20,7,20,7,18,8,18,8,0,0,8,12,8,11,9,11,9,12,9,12,8,11,9,12,8,11,9,11,9,10,10,11,10,11,11,10,11,10,10,10,12,11,11,9,11,10,12,9,12,10,12,11,12,10,12,11,13,9,13,10,14,9,0,0,13,9,14,10,14,9,15,9,14,10,15,10,15,10,15,10,15,9,16,10,17,10,15,9,15,9,16,9,17,10,17,10,18,11,17,11,17,12,16,12,16,13,16,13,17,14,17,14,16,16,15,16,0,0]"
CSI_DATA: 1226,6,254,254,262,253,294,0,-36,-18,114508.441,114511.121,158.32,114862.28,384.370,198.29,"[3,-3,3,-3,2,-3,2,-2,1,-2,1,-2,0,-1,0,-1,-1,-1,-1,0,-2,0,-2,0,-3,0,-3,1,-3,1,-3,1,-3,2,-3,2,-4,3,-4,3,-5,3,-4,4,-5,4,-5,5,-5,5,-5,6,0,0,-6,7,-6,7,-6,8,-6,8,-7,9,-7,10,-7,10,-7,10,-7,11,-7,11,-8,12,-8,11,-9,12,-9,12,-9,13,-9,14,-10,14,-9,14,-10,14,-10,13,-10,13,-10,13,-11,13,-10,14,-11,12,-11,12,0,0,-9,-12,-9,-12,-10,-11,-10,-13,-10,-12,-10,-12,-10,-13,-10,-12,-10,-12,-11,-12,-12,-12,-12,-12,-12,-12,-12,-11,-11,-12,-13,-11,-13,-10,-13,-10,-13,-10,-14,-10,-14,-11,-15,-10,-14,-10,-16,-8,-16,-9,-18,-8,0,0,-17,-8,-18,-9,-19,-8,-18,-8,-19,-8,-19,-9,-19,-9,-20,-9,-20,-9,-21,-9,-22,-9,-21,-9,-21,-10,-22,-10,-22,-10,-22,-11,-23,-10,-22,-11,-22,-12,-21,-13,-22,-14,-20,-14,-21,-14,-22,-14,-21,-16,-20,-16,0,0]"
CSI_DATA: 1227,3,244,244,281,243,295,0,-20,-21,114895.118,114897.94,12.93,115067.468,205.440,13.469,"[3,13,4,13,4,13,4,14,4,14,4,14,4,14,4,14,4,14,5,14,5,15,6,15,6,15,6,15,5,15,7,15,7,14,6,14,7,14,6,15,6,16,7,15,6,15,9,14,8,16,9,16,0,0,9,15,9,16,10,16,10,15,9,16,10,17,10,17,10,16,10,16,10,16,12,17,10,17,11,17,11,17,11,17,11,18,11,19,11,18,10,19,10,19,9,20,9,19,9,20,9,20,8,21,7,21,0,0,15,2,15,1,14,1,15,1,15,1,15,1,15,1,14,1,14,1,14,0,15,0,15,0,15,-1,14,-1,14,0,15,-1,14,-2,14,-1,14,-2,14,-1,15,-1,14,-2,14,-2,14,-4,15,-3,15,-4,0,0,15,-4,15,-4,16,-4,15,-4,16,-4,16,-4,16,-4,16,-4,16,-4,16,-5,17,-5,16,-5,16,-5,17,-4,17,-4,18,-4,18,-5,18,-4,18,-4,18,-3,18,-2,18,-2,18,-2,18,-3,18,-1,18,0,0,0]"
CSI_DATA: 1228,4,255,255,284,254,295,0,-22,-29,114892.219,114894.195,57.981,115116.998,254.970,62.999,"[4,10,5,10,6,10,6,11,6,10,6,10,6,10,6,10,6,10,6,9,7,10,8,10,8,10,8,9,8,10,9,9,8,8,8,9,9,8,9,9,9,9,10,8,9,8,11,7,12,8,12,8,0,0,12,7,13,7,14,7,13,7,14,8,14,8,14,8,14,8,15,8,15,8,16,8,15,8,15,8,16,9,15,9,16,9,16,10,16,10,16,11,15,11,15,12,15,12,15,13,15,13,13,14,13,14,0,0,11,4,12,3,12,2,13,3,12,3,13,3,13,3,13,2,13,2,13,2,15,2,15,1,15,2,15,2,15,2,15,1,15,1,14,1,15,0,15,1,15,1,16,0,15,0,16,-2,17,-1,17,-2,0,0,17,-2,17,-2,18,-3,18,-3,18,-3,19,-3,19,-3,18,-3,19,-3,19,-4,21,-4,19,-3,20,-3,21,-3,21,-3,22,-4,22,-4,22,-3,22,-2,22,-2,23,-1,22,0,22,0,23,0,23,2,23,2,0,0]"
CSI_DATA: 1229,5,276,276,281,275,295,0,-31,-22,114895.223,114897.200,102.593,115175.150,313.122,121.151,"[-15,0,-15,1,-15,1,-16,0,-15,0,-15,0,-15,0,-14,0,-14,0,-13,0,-14,-1,-14,0,-14,-1,-13,-1,-13,-1,-13,-1,-12,-1,-12,-1,-12,0,-12,-1,-11,-1,-11,-1,-11,-1,-10,0,-11,0,-11,0,0,0,-10,1,-10,0,-10,1,-10,1,-10,1,-10,1,-9,2,-9,2,-9,2,-9,2,-9,3,-9,2,-9,2,-9,3,-9,3,-10,3,-10,3,-10,3,-10,3,-10,3,-11,2,-10,2,-11,2,-11,2,-11,2,-11,1,0,0,11,8,11,9,12,7,12,9,12,8,12,8,12,8,11,8,12,8,12,7,13,7,13,6,14,6,14,6,13,7,15,5,14,5,14,5,15,4,15,5,15,5,16,5,15,5,16,3,17,4,17,3,0,0,17,3,18,3,18,3,18,2,18,3,18,3,18,3,18,3,19,2,19,1,20,1,19,1,20,1,20,2,21,2,22,2,22,1,22,2,23,3,22,3,23,4,22,5,23,5,24,5,24,7,23,8,0,0]"
CSI_DATA: 1230,7,249,249,252,249,295,0,-31,-22,114813.473,114815.449,202.152,115257.563,395.535,203.564,"[11,-10,11,-10,10,-11,12,-11,11,-10,10,-10,10,-9,10,-9,10,-9,9,-9,10,-10,10,-10,10,-10,10,-10,10,-9,10,-10,10,-9,9,-8,9,-9,9,-8,10,-8,9,-8,9,-7,8,-8,8,-8,8,-8,0,0,7,-8,7,-9,6,-9,6,-9,6,-10,6,-9,5,-10,5,-10,5,-10,5,-10,5,-11,5,-11,5,-12,5,-12,5,-12,5,-13,5,-14,5,-14,5,-14,6,-14,6,-15,7,-15,8,-16,8,-16,9,-16,10,-16,0,0,3,-19,3,-19,3,-19,4,-20,4,-19,4,-19,4,-19,4,-18,4,-18,4,-17,4,-18,3,-17,3,-16,2,-16,3,-16,1,-17,0,-16,0,-16,-1,-17,0,-18,0,-18,0,-18,0,-18,-2,-18,-1,-19,-1,-19,0,0,-1,-19,0,-19,-1,-20,0,-19,0,-19,1,-20,1,-19,1,-18,1,-18,1,-18,1,-19,1,-17,1,-17,2,-17,1,-17,1,-18,1,-17,1,-17,2,-16,2,-15,2,-16,2,-14,2,-15,1,-15,2,-15,2,-15,0,0]"
CSI_DATA: 1231,3,245,245,282,244,296,0,-23,-24,115285.128,115290.143,15.160,115460.586,203.23,16.584,"[-14,3,-14,3,-14,4,-15,4,-15,4,-15,4,-15,4,-15,4,-15,4,-15,5,-16,5,-15,5,-16,5,-15,6,-16,5,-16,7,-15,6,-15,6,-15,7,-16,7,-16,7,-16,8,-16,6,-15,8,-17,7,-16,8,0,0,-16,9,-16,9,-17,10,-16,10,-16,9,-17,10,-17,9,-16,10,-17,10,-16,10,-17,11,-17,10,-17,10,-18,11,-17,11,-17,12,-18,12,-18,11,-18,10,-18,10,-19,10,-20,9,-20,9,-20,9,-20,7,-21,7,0,0,0,-18,0,-18,-1,-18,0,-19,0,-18,0,-18,0,-18,0,-17,0,-18,0,-17,0,-18,0,-18,-1,-18,-1,-17,0,-17,-1,-18,-2,-16,-1,-17,-2,-16,-2,-17,-1,-16,-2,-17,-2,-16,-3,-16,-3,-17,-4,-17,0,0,-4,-17,-4,-18,-5,-17,-5,-17,-4,-17,-5,-18,-4,-17,-4,-17,-5,-18,-5,-18,-6,-18,-5,-18,-5,-19,-5,-19,-6,-19,-6,-20,-6,-20,-5,-20,-5,-20,-4,-20,-4,-21,-3,-20,-2,-21,-3,-21,-1,-22,-1,-22,0,0]"
CSI_DATA: 1232,4,256,256,285,255,296,0,-21,-25,115282.230,115287.246,58.04,115519.373,261.810,75.371,"[-14,0,-14,0,-14,1,-15,0,-14,1,-14,1,-14,1,-14,1,-14,2,-14,2,-15,2,-14,2,-14,2,-14,3,-14,3,-14,4,-13,4,-13,4,-13,5,-14,5,-14,4,-14,5,-13,5,-13,6,-14,6,-14,7,0,0,-14,8,-14,8,-14,8,-13,8,-14,8,-15,9,-15,9,-15,9,-15,9,-15,9,-16,10,-16,9,-17,9,-17,9,-16,9,-17,10,-18,9,-17,9,-18,9,-18,8,-19,7,-19,6,-19,6,-19,6,-19,4,-19,4,0,0,-7,-9,-7,-8,-8,-8,-8,-9,-8,-9,-8,-8,-9,-8,-9,-8,-9,-8,-10,-7,-10,-8,-11,-7,-11,-7,-11,-7,-11,-7,-12,-7,-12,-6,-12,-6,-12,-5,-13,-6,-13,-6,-14,-5,-13,-6,-14,-4,-15,-5,-15,-4,0,0,-16,-4,-16,-5,-17,-4,-17,-4,-17,-4,-18,-4,-17,-4,-18,-4,-18,-4,-18,-4,-20,-4,-18,-5,-19,-4,-19,-5,-21,-5,-21,-5,-21,-5,-21,-5,-21,-6,-21,-6,-21,-7,-20,-8,-21,-9,-21,-8,-21,-10,-20,-11,0,0]"
CSI_DATA: 1233,5,277,277,282,276,296,0,-30,-22,115285.234,115290.249,112.610,115588.414,330.851,144.412,"[15,-11,14,-11,14,-12,15,-11,15,-10,14,-10,14,-9,14,-9,14,-9,13,-9,14,-9,14,-9,14,-9,13,-8,13,-7,13,-9,12,-8,12,-7,11,-7,11,-7,11,-6,10,-6,10,-6,9,-7,10,-7,9,-7,0,0,8,-7,8,-7,7,-7,6,-7,7,-7,6,-7,6,-7,6,-7,5,-8,5,-8,5,-9,5,-8,5,-9,5,-9,5,-9,5,-10,5,-10,4,-10,5,-10,5,-9,6,-10,6,-10,6,-10,6,-11,7,-10,7,-10,0,0,-5,14,-4,14,-3,15,-4,15,-4,15,-4,15,-4,15,-4,14,-4,15,-4,15,-3,16,-2,16,-2,16,-2,16,-3,16,-2,17,-1,16,-2,17,-1,17,-2,17,-3,17,-2,18,-2,18,0,18,-1,19,0,19,0,0,0,19,0,20,0,19,0,20,0,19,0,20,-1,20,-1,20,0,21,0,21,1,21,0,20,0,21,0,21,0,22,1,22,1,23,0,22,-1,23,-1,23,-2,24,-3,23,-3,24,-2,24,-4,25,-5,24,0,0]"
CSI_DATA: 1234,7,250,250,253,250,296,0,-29,-22,115203.485,115208.500,212.164,115657.659,400.96,213.657,"[5,-12,4,-13,3,-13,4,-13,4,-13,4,-13,4,-13,3,-12,3,-12,2,-12,3,-14,2,-14,3,-14,3,-14,4,-14,3,-14,3,-13,3,-12,3,-13,3,-12,3,-12,2,-12,3,-11,1,-12,2,-12,0,-12,0,0,-1,-12,-1,-12,-2,-13,-2,-12,-2,-13,-3,-13,-3,-13,-3,-13,-3,-14,-4,-14,-5,-15,-4,-15,-5,-16,-6,-16,-5,-16,-6,-17,-6,-18,-5,-18,-5,-19,-4,-19,-4,-20,-3,-21,-3,-21,-4,-23,-2,-23,-1,-23,0,0,-5,18,-5,18,-4,19,-5,19,-5,19,-6,18,-6,18,-6,17,-7,18,-6,17,-6,18,-6,17,-5,17,-4,16,-5,15,-3,17,-2,15,-3,16,-2,16,-2,17,-3,17,-2,17,-3,17,0,17,-2,19,-1,19,0,0,-2,18,-1,20,-1,19,-1,19,-2,18,-3,19,-3,19,-3,19,-3,19,-3,19,-3,19,-3,17,-3,17,-4,17,-4,18,-3,17,-4,17,-4,16,-5,16,-5,15,-6,15,-5,15,-5,14,-4,14,-6,14,-5,13,0,0]"
CSI_DATA: 1235,3,246,246,283,245,297,0,-21,-27,115675.126,115677.94,12.114,115847.451,189.792,13.449,"[-14,-4,-14,-4,-13,-3,-15,-4,-14,-3,-14,-3,-14,-3,-13,-3,-14,-3,-13,-2,-14,-3,-14,-2,-15,-2,-14,-2,-14,-2,-14,-1,-14,-1,-13,-1,-15,0,-15,-1,-15,-1,-15,0,-14,-1,-15,1,-15,0,-15,1,0,0,-15,1,-15,1,-16,1,-15,1,-16,1,-16,2,-16,1,-16,2,-16,2,-15,2,-17,2,-16,1,-17,1,-17,2,-16,2,-17,2,-17,2,-17,2,-17,1,-17,1,-18,0,-18,0,-18,-1,-19,-1,-18,-2,-18,-2,0,0,-1,-17,-2,-17,-2,-17,-1,-18,-1,-17,-2,-18,-1,-17,-1,-17,-1,-17,-2,-16,-2,-18,-3,-17,-3,-17,-3,-16,-2,-17,-4,-17,-4,-16,-3,-16,-4,-16,-4,-17,-4,-17,-5,-16,-4,-16,-6,-16,-5,-17,-7,-17,0,0,-7,-17,-7,-17,-8,-18,-8,-17,-8,-18,-8,-18,-8,-19,-8,-18,-8,-19,-8,-18,-10,-20,-8,-18,-8,-20,-9,-20,-9,-20,-9,-21,-8,-21,-9,-21,-7,-21,-7,-21,-6,-22,-5,-21,-5,-22,-6,-22,-4,-22,-4,-22,0,0]"
CSI_DATA: 1236,4,257,257,286,256,297,0,-23,-26,115672.230,115674.197,57.983,115908.92,250.433,74.90,"[5,12,6,12,7,11,7,13,6,12,7,12,7,11,7,11,8,12,7,11,8,12,9,11,9,12,9,11,8,11,10,11,10,10,9,10,10,10,10,10,10,10,11,10,10,10,12,9,12,10,13,9,0,0,13,8,13,8,14,8,14,8,14,9,15,9,15,9,15,8,15,9,15,8,17,9,16,9,16,9,16,9,16,9,17,10,16,10,16,10,16,10,15,11,15,12,15,12,14,13,15,13,13,14,13,14,0,0,-13,-7,-13,-7,-12,-6,-14,-7,-13,-7,-14,-6,-13,-6,-13,-6,-14,-6,-13,-5,-14,-6,-15,-5,-14,-5,-14,-5,-14,-5,-15,-4,-15,-4,-14,-4,-14,-3,-15,-4,-15,-4,-15,-3,-14,-3,-15,-1,-16,-2,-16,-1,0,0,-16,-1,-16,0,-17,0,-17,0,-17,0,-18,0,-18,0,-17,0,-18,0,-18,1,-19,2,-19,1,-19,1,-20,1,-20,0,-22,0,-21,1,-22,0,-22,-1,-22,-2,-22,-2,-21,-3,-21,-3,-22,-2,-22,-5,-22,-5,0,0]"
CSI_DATA: 1237,5,278,278,283,277,297,0,-34,-20,115675.233,115677.200,102.613,115973.102,315.443,139.100,"[19,-12,20,-13,18,-14,21,-15,19,-13,20,-14,20,-13,19,-13,20,-13,19,-13,20,-14,20,-14,20,-14,20,-14,20,-13,20,-14,18,-13,18,-12,18,-14,19,-13,19,-12,18,-12,18,-11,17,-13,18,-12,17,-13,0,0,16,-12,16,-11,16,-11,14,-10,15,-9,15,-9,14,-8,13,-7,13,-7,12,-6,12,-7,11,-5,10,-5,9,-5,8,-4,8,-4,7,-3,5,-2,5,-2,3,-2,3,-1,2,-1,0,-1,0,-1,-1,-1,-2,-2,0,0,15,-4,15,-4,14,-5,16,-4,15,-4,15,-5,15,-5,14,-5,15,-5,14,-5,15,-6,15,-7,15,-7,15,-7,16,-6,16,-8,15,-8,15,-7,16,-8,16,-7,17,-7,17,-8,16,-7,16,-9,17,-9,17,-10,0,0,17,-9,18,-9,18,-10,17,-10,18,-9,19,-9,19,-9,18,-9,18,-9,18,-10,19,-11,18,-10,18,-9,20,-10,19,-9,20,-10,19,-9,20,-9,20,-8,20,-8,21,-7,21,-6,21,-7,22,-7,22,-6,22,-5,0,0]"
CSI_DATA: 1238,6,256,256,264,255,297,0,-31,-17,115678.434,115680.402,157.922,116040.674,383.15,206.672,"[2,3,3,3,3,3,4,3,4,3,5,2,5,2,6,2,6,2,6,1,7,1,8,1,8,1,8,1,9,1,9,0,10,-1,9,-1,10,-1,11,-1,11,0,11,-1,12,-1,12,-2,13,-1,14,-2,0,0,14,-2,14,-2,15,-3,15,-3,16,-2,16,-2,16,-2,16,-3,17,-3,16,-3,18,-3,17,-2,17,-2,18,-2,17,-2,18,-2,18,-2,18,-2,18,-2,18,-1,18,0,18,0,18,0,18,0,18,1,17,1,0,0,8,-13,8,-14,7,-14,8,-15,7,-14,8,-15,8,-15,8,-14,8,-15,6,-14,7,-16,6,-16,6,-16,5,-15,7,-15,5,-17,5,-16,5,-16,4,-17,4,-17,5,-17,4,-17,4,-17,2,-18,2,-19,1,-20,0,0,2,-20,1,-20,1,-21,1,-20,1,-21,1,-21,1,-21,1,-21,1,-22,0,-22,0,-24,1,-22,1,-22,2,-23,1,-23,2,-24,2,-24,2,-25,3,-24,4,-24,5,-24,5,-23,5,-23,5,-24,7,-24,8,-23,0,0]"
CSI_DATA: 1239,7,251,251,254,251,297,0,-28,-19,115593.484,115595.452,202.154,116102.199,444.540,268.197,"[9,-11,9,-11,8,-11,9,-12,9,-11,9,-11,8,-11,8,-10,8,-11,7,-10,8,-11,8,-11,7,-11,7,-10,7,-10,6,-10,6,-10,5,-9,5,-10,5,-10,5,-10,4,-10,4,-10,3,-11,3,-11,3,-11,0,0,2,-12,2,-12,2,-12,2,-12,1,-13,1,-13,1,-13,1,-13,1,-14,1,-14,1,-15,1,-15,1,-15,1,-16,1,-15,1,-17,1,-17,1,-17,3,-18,3,-17,4,-19,4,-19,5,-19,5,-20,7,-19,7,-19,0,0,-18,5,-19,5,-18,6,-20,5,-19,5,-19,5,-18,5,-18,5,-18,4,-17,4,-18,5,-17,5,-17,5,-16,5,-16,5,-16,6,-15,7,-15,7,-15,8,-15,7,-16,8,-15,8,-15,7,-15,10,-16,10,-16,10,0,0,-16,10,-16,10,-17,11,-16,10,-17,10,-17,10,-17,10,-17,10,-17,10,-16,10,-17,11,-17,9,-17,9,-18,9,-17,9,-18,9,-18,9,-18,9,-18,8,-17,7,-18,7,-17,6,-17,6,-18,6,-17,5,-17,5,0,0]"
CSI_DATA: 1240,3,247,247,284,246,298,0,-20,-25,116065.97,116067.74,12.77,116237.436,135.237,13.436,"[9,-11,9,-12,8,-12,9,-13,9,-12,9,-12,8,-12,8,-12,8,-12,8,-12,8,-13,7,-13,8,-14,8,-14,8,-14,7,-14,7,-14,7,-14,7,-14,7,-14,7,-14,7,-14,7,-14,6,-15,7,-16,6,-16,0,0,5,-16,6,-17,6,-17,5,-17,6,-17,6,-18,6,-17,6,-17,6,-18,5,-17,5,-19,6,-18,6,-18,6,-19,6,-18,6,-19,6,-19,6,-19,7,-19,8,-18,8,-19,9,-18,9,-18,9,-19,10,-18,10,-18,0,0,-12,-9,-13,-9,-13,-8,-14,-9,-13,-8,-14,-9,-13,-8,-13,-8,-14,-8,-13,-7,-14,-7,-14,-7,-14,-7,-15,-7,-14,-7,-16,-5,-15,-5,-15,-5,-15,-5,-16,-5,-16,-6,-16,-4,-16,-5,-17,-3,-18,-4,-19,-3,0,0,-19,-2,-18,-3,-20,-2,-20,-1,-20,-2,-20,-2,-20,-3,-20,-2,-21,-2,-21,-1,-23,-1,-21,-2,-22,-2,-23,-3,-23,-2,-24,-2,-24,-3,-24,-3,-24,-4,-24,-5,-24,-6,-23,-6,-23,-7,-24,-6,-24,-8,-23,-9,0,0]"
CSI_DATA: 1241,4,258,258,287,257,298,0,-24,-28,116062.202,116064.178,57.997,116295.844,193.645,71.844,"[-4,12,-3,13,-2,12,-3,13,-3,13,-3,13,-2,13,-2,12,-2,13,-1,12,-1,14,-1,13,-1,14,0,13,-1,14,0,14,1,13,0,13,1,13,1,13,0,14,1,14,1,13,3,14,2,14,3,14,0,0,3,14,4,15,4,15,4,15,4,15,4,16,4,16,4,16,4,16,4,16,5,17,4,16,4,16,4,17,4,16,4,18,3,17,3,17,2,17,1,17,1,17,0,17,0,17,0,17,-1,17,-2,17,0,0,5,13,5,13,5,12,5,13,5,13,5,13,5,13,5,13,5,13,5,12,6,13,7,13,6,13,6,13,5,13,7,13,7,12,6,12,6,12,6,13,6,13,7,13,6,12,8,12,7,13,9,12,0,0,9,12,9,12,9,13,10,12,9,13,9,13,8,13,9,13,10,13,10,13,11,13,9,13,9,13,9,14,10,14,10,14,10,14,10,15,9,15,8,15,8,16,7,16,7,16,8,16,7,17,6,17,0,0]"
CSI_DATA: 1242,5,279,279,284,278,298,0,-34,-24,116065.205,116067.181,102.595,116353.925,251.726,129.925,"[-5,-18,-6,-18,-7,-18,-7,-20,-7,-19,-7,-19,-7,-18,-7,-17,-7,-18,-8,-18,-10,-18,-10,-18,-10,-18,-11,-18,-10,-19,-12,-18,-11,-17,-11,-17,-12,-18,-11,-18,-11,-19,-12,-18,-11,-18,-13,-17,-12,-18,-13,-17,0,0,-12,-17,-12,-18,-13,-17,-12,-16,-12,-17,-11,-17,-11,-17,-10,-16,-10,-16,-10,-16,-11,-16,-10,-16,-9,-16,-9,-16,-8,-15,-8,-16,-8,-15,-7,-15,-6,-15,-5,-15,-4,-15,-3,-14,-3,-14,-3,-13,-1,-13,0,-12,0,0,13,9,14,9,14,8,15,10,14,10,14,10,14,10,13,10,14,10,13,9,15,10,15,9,15,9,16,9,16,10,17,8,17,8,16,8,17,8,17,9,17,10,18,9,17,10,19,7,20,10,20,9,0,0,20,8,20,9,21,9,20,8,20,9,20,10,20,10,20,10,21,9,20,9,22,9,20,9,21,9,21,10,21,9,22,9,22,9,22,10,22,10,21,11,21,12,21,11,22,12,22,11,22,13,22,14,0,0]"
CSI_DATA: 1243,6,257,257,265,256,298,0,-34,-20,116068.406,116070.383,157.912,116423.528,321.329,199.528,"[4,-2,4,-2,4,-3,4,-3,3,-3,3,-4,2,-4,2,-4,2,-5,1,-6,2,-7,1,-7,1,-8,1,-8,2,-8,1,-8,0,-8,0,-8,-1,-9,0,-9,0,-10,-1,-10,-1,-10,-2,-11,-2,-12,-3,-12,0,0,-3,-12,-3,-13,-4,-14,-4,-13,-4,-15,-4,-15,-5,-15,-5,-15,-4,-16,-5,-16,-6,-18,-5,-18,-5,-18,-5,-19,-5,-18,-5,-19,-5,-19,-4,-20,-4,-19,-3,-19,-3,-20,-2,-20,-2,-20,-3,-21,-1,-20,-1,-20,0,0,12,8,13,8,13,7,14,8,13,8,13,8,13,8,13,8,13,9,13,8,14,8,14,8,14,8,14,7,14,8,15,6,14,5,14,6,14,5,14,6,15,6,15,5,15,5,16,2,17,4,18,3,0,0,18,2,18,2,19,1,19,1,20,1,20,2,20,2,20,2,20,2,21,1,23,0,21,1,22,1,23,2,23,2,24,2,24,2,24,3,23,4,23,5,24,6,23,6,24,6,25,5,24,8,24,8,0,0]"
CSI_DATA: 1244,3,248,248,285,247,299,0,-20,-23,116455.215,116457.41,12.65,116627.551,204.23,13.552,"[-9,-12,-10,-11,-10,-11,-10,-12,-10,-11,-10,-12,-10,-11,-10,-11,-10,-11,-10,-10,-11,-11,-11,-11,-11,-11,-11,-11,-11,-11,-12,-10,-11,-10,-11,-9,-12,-10,-12,-10,-12,-11,-12,-10,-11,-10,-13,-9,-13,-10,-13,-10,0,0,-13,-9,-13,-10,-14,-10,-13,-9,-14,-10,-14,-10,-14,-10,-13,-10,-14,-10,-14,-9,-14,-10,-14,-10,-14,-10,-15,-11,-14,-10,-15,-11,-15,-10,-14,-11,-14,-11,-13,-12,-13,-12,-13,-12,-13,-13,-14,-13,-12,-13,-12,-14,0,0,-11,15,-11,15,-10,15,-11,16,-11,15,-11,15,-11,15,-10,14,-11,14,-10,14,-11,15,-10,15,-10,15,-9,14,-10,14,-9,15,-8,14,-8,14,-7,14,-8,14,-8,14,-8,15,-7,14,-6,14,-7,15,-6,16,0,0,-6,15,-5,16,-6,16,-5,16,-5,16,-5,17,-5,16,-5,16,-5,17,-5,17,-5,18,-5,17,-5,17,-6,18,-6,18,-5,19,-6,18,-6,19,-7,19,-7,18,-8,18,-8,18,-9,18,-9,18,-10,18,-11,17,0,0]"
CSI_DATA: 1245,4,259,259,288,258,299,0,-26,-25,116452.320,116454.147,58.05,116691.166,267.638,77.167,"[-5,-13,-5,-13,-6,-12,-6,-14,-6,-13,-6,-13,-6,-13,-6,-13,-6,-13,-6,-13,-7,-13,-8,-13,-8,-13,-8,-13,-7,-13,-8,-12,-8,-11,-8,-11,-9,-11,-8,-12,-9,-12,-9,-11,-8,-11,-10,-10,-10,-11,-11,-10,0,0,-11,-10,-12,-10,-12,-10,-12,-10,-12,-10,-13,-11,-13,-11,-13,-10,-13,-10,-13,-10,-15,-11,-13,-11,-14,-11,-14,-11,-14,-11,-15,-12,-15,-12,-14,-13,-14,-13,-13,-13,-13,-15,-12,-14,-12,-15,-13,-15,-11,-16,-10,-16,0,0,2,-14,2,-15,1,-14,2,-16,1,-15,1,-15,1,-15,0,-15,0,-15,0,-14,-1,-16,-1,-16,-1,-16,-1,-15,-1,-16,-2,-16,-2,-16,-2,-15,-3,-16,-3,-15,-2,-16,-3,-16,-3,-15,-5,-15,-4,-17,-6,-16,0,0,-6,-16,-6,-16,-7,-17,-7,-16,-6,-17,-7,-18,-6,-17,-7,-17,-7,-17,-7,-17,-8,-19,-7,-18,-7,-19,-7,-19,-7,-19,-8,-20,-8,-20,-7,-21,-7,-21,-6,-20,-5,-21,-5,-21,-4,-21,-5,-22,-3,-22,-3,-22,0,0]"
CSI_DATA: 1246,5,280,280,285,279,299,0,-33,-22,116455.323,116457.149,102.627,116766.875,343.347,152.876,"[-11,16,-11,17,-9,17,-11,18,-10,18,-11,17,-10,18,-9,18,-10,18,-9,18,-10,20,-9,20,-10,20,-9,20,-10,19,-9,21,-8,19,-8,19,-8,20,-9,20,-9,19,-8,20,-8,18,-7,20,-8,20,-7,20,0,0,-6,19,-7,19,-6,19,-6,19,-6,19,-7,19,-6,18,-6,18,-6,17,-6,17,-6,17,-6,16,-7,16,-7,15,-7,15,-7,15,-7,15,-8,13,-8,12,-8,11,-8,10,-8,9,-9,8,-9,8,-8,5,-7,4,0,0,-11,11,-12,12,-10,12,-12,13,-11,12,-12,12,-11,13,-11,12,-11,12,-10,12,-11,13,-10,14,-10,14,-9,14,-10,14,-9,15,-9,15,-9,14,-9,16,-9,16,-9,16,-9,17,-9,16,-8,17,-9,18,-8,20,0,0,-8,19,-9,18,-9,20,-8,19,-9,20,-9,20,-9,20,-8,20,-9,20,-8,20,-8,22,-9,20,-9,21,-10,22,-9,21,-10,23,-9,21,-10,23,-10,22,-10,22,-11,23,-12,21,-12,22,-12,22,-15,22,-15,22,0,0]"
CSI_DATA: 1247,6,258,258,266,257,299,0,-29,-19,116458.525,116460.351,157.943,116834.666,411.138,220.667,"[4,6,4,6,5,6,5,8,5,8,5,8,5,8,5,9,5,9,5,9,5,11,5,10,5,11,5,11,5,11,7,11,7,10,7,11,8,11,8,12,8,13,9,12,8,13,11,12,10,14,11,14,0,0,12,14,12,15,13,15,13,15,14,16,14,17,14,17,14,17,14,18,14,17,16,18,15,19,14,18,15,19,14,18,15,19,15,20,15,19,15,19,14,19,14,20,14,20,14,21,15,20,14,21,14,20,0,0,-13,-7,-13,-7,-13,-6,-14,-8,-14,-7,-14,-7,-14,-7,-14,-7,-14,-7,-14,-6,-15,-7,-15,-6,-15,-6,-15,-6,-15,-6,-16,-4,-15,-4,-15,-4,-15,-3,-16,-3,-16,-3,-16,-2,-16,-2,-16,-1,-17,-2,-18,0,0,0,-18,0,-18,0,-19,0,-19,1,-20,1,-20,1,-20,2,-20,2,-21,1,-21,2,-22,2,-22,1,-22,1,-23,1,-23,1,-24,1,-24,0,-24,1,-24,0,-23,0,-24,-1,-23,-2,-24,-2,-24,-3,-24,-5,-24,-5,0,0]"
CSI_DATA: 1248,7,252,252,255,252,299,0,-27,-20,116373.576,116375.402,202.294,116899.462,475.934,285.463,"[-13,-3,-13,-2,-14,-1,-15,-2,-14,-2,-15,-2,-15,-2,-14,-2,-15,-2,-14,-2,-15,-2,-15,-2,-15,-3,-14,-3,-13,-4,-13,-2,-12,-2,-12,-1,-12,-1,-12,-1,-12,-1,-12,0,-12,0,-12,1,-12,1,-12,2,0,0,-12,3,-13,3,-13,4,-12,4,-13,3,-13,4,-13,4,-13,4,-13,5,-14,5,-14,6,-14,5,-14,5,-15,5,-15,5,-16,6,-16,6,-17,5,-16,5,-17,5,-17,4,-17,4,-17,3,-18,3,-18,2,-18,2,0,0,-6,18,-6,18,-5,18,-7,19,-6,18,-7,19,-7,19,-6,18,-7,18,-6,17,-7,18,-6,17,-6,16,-5,16,-5,16,-4,17,-3,16,-3,16,-2,16,-2,17,-3,17,-2,17,-2,17,-1,18,-2,19,-1,20,0,0,-1,19,-1,19,-1,20,-1,20,-2,20,-2,20,-2,20,-2,20,-2,20,-2,19,-3,21,-3,19,-4,18,-4,19,-4,19,-4,19,-4,18,-4,18,-5,18,-5,17,-6,16,-6,15,-6,15,-5,15,-6,15,-6,14,0,0]"
CSI_DATA: 1249,3,249,249,286,248,300,0,-19,-29,116845.99,116850.787,15.816,117021.232,121.770,17.232,"[13,5,13,5,13,4,14,5,13,5,14,5,13,5,13,5,13,5,13,4,14,4,14,4,14,4,14,4,14,4,15,3,14,2,14,3,15,2,15,3,15,3,15,2,15,3,16,1,16,2,16,1,0,0,16,1,17,1,17,0,17,1,17,1,18,1,18,1,17,1,18,0,18,1,19,0,18,1,18,1,19,1,19,1,19,1,20,2,19,2,19,2,19,3,19,4,19,4,19,5,19,5,19,6,18,7,0,0,-16,-11,-17,-11,-17,-10,-17,-12,-17,-11,-17,-12,-17,-12,-16,-11,-16,-12,-16,-11,-17,-13,-17,-12,-16,-13,-16,-13,-15,-13,-16,-12,-15,-12,-15,-12,-15,-11,-15,-12,-14,-12,-15,-11,-13,-12,-14,-11,-14,-12,-15,-11,0,0,-14,-10,-13,-11,-14,-10,-14,-10,-13,-10,-13,-10,-13,-10,-12,-9,-12,-9,-12,-9,-12,-9,-11,-9,-10,-9,-11,-8,-11,-8,-11,-7,-11,-7,-11,-7,-11,-6,-10,-6,-10,-6,-9,-6,-10,-6,-10,-5,-10,-6,-10,-6,0,0]"
CSI_DATA: 1250,4,260,260,289,259,300,0,-26,-27,116842.205,116847.893,58.06,117077.912,178.450,73.912,"[6,10,6,9,7,9,8,10,8,9,7,10,8,10,7,9,8,9,8,9,8,10,9,9,9,9,9,9,9,9,10,8,9,8,9,8,10,7,10,8,10,8,10,7,10,8,11,7,11,8,12,7,0,0,12,7,12,7,13,6,13,6,13,7,13,7,13,7,13,7,13,7,13,7,14,7,13,8,13,8,13,8,13,8,13,8,13,8,12,8,12,9,11,9,11,10,10,10,10,10,10,10,8,11,8,11,0,0,-15,8,-14,8,-13,9,-15,9,-14,8,-14,8,-14,8,-13,8,-14,9,-13,8,-14,8,-14,9,-14,10,-13,9,-14,9,-13,10,-13,9,-12,8,-12,10,-12,10,-12,10,-12,11,-12,9,-11,10,-12,11,-12,11,0,0,-11,11,-11,12,-12,13,-11,12,-12,13,-12,13,-12,13,-11,13,-11,13,-11,13,-12,14,-12,13,-12,12,-13,14,-13,13,-13,14,-13,14,-14,14,-13,14,-14,13,-14,13,-14,12,-15,12,-16,12,-16,11,-17,11,0,0]"
CSI_DATA: 1251,6,259,259,267,258,300,0,-34,-19,116848.410,116854.98,157.944,117163.334,263.872,159.334,"[0,-7,0,-7,0,-8,0,-9,0,-8,0,-9,0,-9,0,-9,0,-10,0,-10,0,-11,0,-11,0,-11,0,-11,0,-12,-1,-12,-1,-12,-1,-11,-1,-12,-1,-12,-1,-13,-1,-13,-1,-12,-2,-13,-1,-14,-2,-14,0,0,-2,-14,-2,-14,-3,-15,-2,-14,-3,-15,-3,-15,-2,-15,-3,-15,-2,-15,-2,-14,-3,-15,-2,-15,-2,-16,-3,-16,-2,-15,-2,-16,-3,-16,-2,-15,-2,-15,-1,-15,0,-15,-1,-15,0,-15,-1,-15,0,-15,0,-14,0,0,-2,15,-2,15,-1,15,-2,16,-2,16,-2,17,-2,16,-1,16,-2,16,-1,16,-2,17,-1,17,-1,17,0,16,-1,16,1,17,1,16,1,16,2,16,2,17,2,17,3,17,2,17,4,17,4,18,6,19,0,0,6,18,6,19,6,19,7,19,7,20,7,21,7,20,7,20,7,21,8,21,8,22,7,22,6,22,7,22,7,23,7,24,7,23,7,24,7,24,6,24,5,25,4,24,4,25,3,25,2,26,0,25,0,0]"
CSI_DATA: 1252,7,253,253,256,253,300,0,-26,-20,116763.461,116769.149,212.179,117217.570,318.108,213.570,"[12,-3,12,-3,11,-4,12,-4,12,-4,12,-4,11,-4,11,-3,12,-4,11,-5,13,-5,12,-6,12,-5,12,-5,13,-4,12,-6,12,-5,11,-5,11,-5,12,-5,12,-5,11,-5,11,-5,11,-6,11,-6,11,-7,0,0,11,-7,11,-8,11,-8,11,-8,11,-8,11,-8,12,-8,11,-8,12,-9,12,-9,12,-10,12,-9,12,-9,13,-10,13,-10,13,-10,13,-10,14,-10,14,-10,14,-9,15,-9,15,-8,16,-9,16,-9,16,-8,17,-8,0,0,-10,3,-10,3,-9,3,-10,3,-10,3,-10,3,-10,3,-9,3,-10,3,-9,2,-10,2,-9,3,-9,2,-8,2,-8,2,-8,3,-7,4,-7,4,-8,4,-8,4,-8,4,-7,5,-8,4,-7,5,-8,5,-8,5,0,0,-8,6,-8,5,-8,6,-8,6,-8,6,-8,6,-8,6,-8,5,-8,6,-8,6,-9,6,-8,5,-8,5,-9,5,-8,5,-9,5,-9,5,-9,5,-9,5,-8,5,-9,4,-8,4,-9,4,-9,4,-9,3,-9,3,0,0]"
CSI_DATA: 1253,3,250,250,287,249,301,0,-24,-30,117235.111,117237.60,12.114,117407.474,189.904,13.476,"[-6,-11,-6,-11,-7,-11,-7,-12,-7,-11,-7,-11,-7,-11,-6,-11,-7,-11,-7,-10,-8,-11,-8,-11,-8,-11,-9,-11,-8,-11,-9,-11,-9,-10,-9,-10,-10,-10,-10,-11,-9,-12,-10,-11,-9,-11,-11,-10,-11,-12,-11,-11,0,0,-11,-11,-12,-11,-12,-11,-12,-11,-12,-12,-12,-12,-11,-12,-11,-12,-12,-12,-11,-12,-13,-12,-11,-12,-11,-12,-12,-13,-11,-12,-12,-13,-11,-13,-11,-13,-10,-13,-10,-13,-10,-14,-9,-13,-9,-14,-10,-13,-9,-14,-8,-14,0,0,13,11,13,11,13,10,14,12,13,11,12,12,12,11,12,11,11,12,11,11,12,11,12,11,12,11,12,10,11,11,12,10,12,9,11,9,12,9,11,10,11,10,12,9,11,9,12,7,13,9,13,8,0,0,13,7,13,8,14,8,13,7,13,8,14,7,14,8,13,7,14,7,14,7,16,6,14,7,15,7,15,7,15,7,16,7,16,7,16,7,16,8,16,8,16,9,15,10,15,10,16,10,15,11,15,11,0,0]"
CSI_DATA: 1254,5,281,281,287,280,301,0,-36,-21,117235.220,117237.169,102.530,117498.17,280.447,104.19,"[21,5,22,4,21,2,24,3,22,2,23,1,22,1,22,0,22,0,21,-1,23,-2,23,-3,23,-3,23,-4,23,-3,23,-5,22,-6,21,-5,22,-6,22,-6,22,-5,21,-6,20,-5,21,-7,22,-6,21,-7,0,0,20,-7,19,-6,20,-7,18,-6,19,-5,19,-5,18,-4,17,-4,17,-4,16,-2,16,-2,15,-1,15,0,15,1,13,1,14,2,13,3,12,4,11,5,10,6,9,8,8,8,7,9,7,10,5,11,4,12,0,0,14,6,14,6,15,5,15,6,15,6,15,6,14,6,14,5,15,6,14,5,16,5,16,4,16,4,16,4,16,5,17,3,17,3,16,3,17,3,17,4,17,4,17,3,17,4,18,1,19,3,19,2,0,0,18,2,19,2,19,1,19,1,19,2,19,2,19,2,19,2,19,2,20,1,21,0,20,1,20,1,21,2,21,1,22,1,22,1,22,2,21,3,21,4,22,5,22,5,22,5,22,4,22,6,22,7,0,0]"
CSI_DATA: 1255,6,260,260,268,259,301,0,-29,-20,117238.423,117240.372,157.963,117553.474,335.904,159.476,"[4,-9,4,-10,3,-10,4,-11,4,-12,4,-12,4,-12,5,-12,5,-13,5,-14,6,-14,5,-15,6,-15,6,-15,7,-15,6,-16,5,-16,5,-16,5,-17,6,-17,7,-17,6,-18,6,-18,5,-19,6,-20,5,-21,0,0,6,-20,6,-21,5,-22,5,-21,6,-22,6,-22,6,-23,6,-22,6,-22,6,-23,6,-24,7,-24,7,-23,7,-24,7,-24,7,-24,7,-24,7,-24,8,-24,8,-23,9,-24,9,-24,10,-24,9,-25,11,-24,10,-23,0,0,-5,-16,-5,-16,-6,-15,-5,-17,-6,-16,-5,-17,-5,-16,-5,-16,-5,-17,-6,-16,-6,-17,-6,-16,-7,-16,-7,-15,-7,-16,-8,-16,-9,-15,-8,-14,-9,-15,-9,-15,-9,-15,-10,-15,-10,-15,-12,-14,-12,-15,-14,-15,0,0,-14,-14,-14,-15,-15,-15,-15,-14,-15,-15,-15,-16,-15,-16,-15,-16,-16,-16,-17,-16,-17,-16,-17,-16,-17,-17,-17,-17,-17,-18,-18,-18,-17,-17,-17,-18,-17,-19,-16,-19,-16,-21,-15,-20,-15,-20,-16,-21,-15,-22,-14,-22,0,0]"
CSI_DATA: 1256,7,254,254,257,254,301,0,-30,-22,117153.475,117155.424,202.201,117617.787,400.217,223.789,"[-5,-10,-5,-11,-5,-10,-6,-11,-6,-10,-6,-11,-6,-10,-7,-10,-7,-10,-7,-10,-7,-11,-7,-10,-7,-11,-7,-10,-6,-11,-7,-10,-6,-9,-6,-9,-7,-9,-7,-9,-7,-8,-7,-8,-7,-8,-8,-7,-9,-7,-9,-7,0,0,-9,-6,-10,-7,-11,-6,-10,-5,-11,-6,-12,-6,-12,-6,-12,-5,-12,-6,-12,-6,-13,-6,-14,-7,-14,-7,-14,-7,-14,-7,-15,-7,-15,-8,-15,-8,-15,-8,-15,-9,-14,-10,-15,-10,-15,-11,-15,-11,-14,-12,-13,-12,0,0,-12,16,-12,16,-11,16,-13,16,-13,16,-13,15,-13,15,-13,14,-14,14,-12,13,-12,14,-11,14,-11,14,-10,14,-10,13,-9,15,-7,14,-7,15,-7,15,-8,16,-9,16,-8,17,-8,16,-6,17,-7,19,-7,19,0,0,-7,19,-8,19,-7,20,-7,19,-8,18,-9,19,-9,19,-9,18,-9,19,-8,18,-8,19,-9,18,-9,18,-9,18,-9,18,-9,18,-9,18,-9,17,-9,17,-9,16,-10,16,-10,15,-10,15,-9,15,-10,15,-10,14,0,0]"
CSI_DATA: 1257,4,262,262,291,261,302,0,-21,-35,117622.197,117624.201,57.991,117843.342,225.555,59.343,"[4,14,5,14,5,13,5,15,5,14,5,14,5,14,5,14,6,14,6,13,6,15,7,14,7,14,7,14,6,14,8,14,7,13,7,13,8,13,8,13,8,13,9,13,8,13,9,12,9,13,10,13,0,0,10,12,10,13,11,13,11,12,11,13,11,13,11,13,11,13,11,13,11,13,12,13,11,13,11,14,11,14,11,13,12,14,11,14,11,14,10,14,10,14,9,15,9,15,9,15,9,15,7,15,7,15,0,0,14,-15,13,-14,13,-15,15,-15,14,-14,14,-13,14,-13,13,-13,14,-13,13,-13,14,-13,14,-13,14,-13,14,-12,14,-11,14,-13,12,-12,13,-11,12,-11,13,-11,13,-10,13,-11,13,-10,11,-11,13,-11,12,-11,0,0,11,-10,11,-11,10,-11,10,-11,10,-10,10,-10,10,-10,10,-10,9,-10,9,-10,9,-10,9,-10,9,-10,9,-10,9,-10,8,-10,8,-11,8,-10,8,-10,8,-10,9,-10,9,-10,9,-10,8,-10,9,-10,9,-10,0,0]"
CSI_DATA: 1258,5,282,282,288,281,302,0,-32,-20,117625.199,117627.202,102.591,117897.529,279.742,113.530,"[1,23,2,23,3,23,2,25,2,24,2,24,2,24,2,23,2,24,2,23,2,25,2,25,1,25,1,25,-1,24,1,24,0,23,0,22,0,23,-1,23,-2,22,-1,22,-3,20,0,21,-2,22,-1,21,0,0,-1,19,-2,19,-1,19,-1,17,-2,18,-2,17,-2,17,-2,16,-2,15,-2,14,-2,15,-2,13,-2,13,-2,12,-2,11,-1,11,-1,10,0,9,-1,8,0,7,1,7,1,7,2,6,3,6,4,6,4,6,0,0,-16,0,-15,1,-15,1,-17,1,-16,1,-16,1,-16,2,-16,2,-16,2,-16,2,-16,3,-16,4,-16,4,-16,4,-16,4,-17,6,-16,6,-17,6,-16,6,-17,6,-17,6,-17,7,-17,6,-17,8,-18,8,-18,9,0,0,-18,9,-19,10,-18,10,-18,10,-18,10,-19,10,-19,10,-19,10,-19,10,-19,11,-20,12,-19,11,-20,11,-20,11,-21,11,-21,11,-22,12,-21,12,-22,11,-22,10,-23,9,-23,8,-24,9,-24,9,-25,7,-25,7,0,0]"
CSI_DATA: 1259,6,261,261,269,260,302,0,-30,-18,117628.403,117630.406,158.09,117961.243,343.456,177.244,"[-4,-3,-4,-2,-5,-2,-6,-2,-6,-1,-7,0,-8,0,-8,0,-9,0,-9,0,-10,1,-11,1,-11,1,-11,1,-11,1,-12,1,-12,1,-12,1,-13,2,-13,2,-14,2,-14,2,-14,1,-15,3,-16,3,-16,3,0,0,-16,3,-17,3,-18,3,-17,4,-18,3,-18,3,-18,4,-18,4,-19,3,-18,4,-19,4,-19,3,-19,3,-20,4,-19,3,-20,4,-20,3,-20,4,-20,3,-20,3,-21,3,-21,2,-21,2,-21,3,-22,1,-22,1,0,0,-14,-10,-14,-10,-15,-9,-15,-11,-15,-10,-15,-10,-15,-10,-15,-11,-15,-10,-15,-10,-16,-11,-16,-10,-16,-10,-16,-9,-16,-10,-17,-9,-16,-8,-16,-8,-17,-7,-17,-8,-18,-8,-18,-7,-18,-8,-19,-6,-20,-7,-21,-6,0,0,-20,-6,-21,-6,-22,-6,-21,-6,-22,-6,-22,-6,-23,-7,-23,-7,-23,-7,-23,-6,-25,-7,-24,-7,-23,-7,-25,-8,-24,-8,-25,-8,-24,-8,-24,-8,-24,-10,-24,-10,-24,-11,-23,-12,-23,-12,-24,-12,-23,-14,-22,-14,0,0]"
CSI_DATA: 1260,3,251,251,289,250,303,0,-19,-35,118020.633,118030.637,25.576,118201.59,239.816,27.60,"[2,-16,1,-17,0,-16,2,-18,1,-17,1,-17,1,-17,1,-17,0,-17,0,-17,1,-18,0,-18,0,-18,0,-18,1,-19,-1,-19,-2,-18,-1,-17,-2,-18,-2,-19,-1,-19,-2,-18,-1,-18,-3,-19,-2,-20,-3,-20,0,0,-4,-19,-4,-20,-5,-20,-5,-19,-5,-21,-5,-21,-4,-21,-5,-20,-5,-21,-5,-21,-6,-22,-5,-22,-5,-22,-5,-22,-5,-21,-5,-23,-5,-23,-5,-23,-4,-23,-3,-23,-3,-23,-2,-23,-2,-23,-2,-24,0,-24,0,-24,0,0,-17,-1,-17,0,-16,0,-17,-1,-16,-1,-16,-1,-15,0,-15,0,-14,-1,-14,0,-14,0,-14,0,-14,0,-13,0,-13,-1,-13,0,-12,1,-12,0,-12,1,-12,0,-12,0,-12,1,-11,-1,-11,1,-12,0,-11,0,0,0,-10,0,-10,0,-10,0,-10,0,-9,0,-9,-1,-9,-1,-8,-1,-8,-1,-7,-1,-7,-1,-6,-2,-6,-2,-6,-2,-5,-2,-4,-2,-4,-2,-3,-2,-3,-2,-2,-2,-2,-2,-1,-2,-1,-2,0,-2,1,-1,1,-2,0,0]"
CSI_DATA: 1261,4,263,263,292,262,303,0,-22,-48,118017.742,118027.746,68.22,118258.165,296.922,84.166,"[11,-9,11,-9,10,-10,12,-11,11,-10,11,-10,10,-10,10,-10,10,-10,10,-10,10,-11,10,-11,10,-11,9,-11,10,-11,9,-12,8,-12,8,-11,8,-12,9,-12,9,-12,8,-12,8,-12,7,-13,8,-13,7,-14,0,0,6,-14,7,-14,7,-15,6,-14,7,-15,7,-15,7,-15,7,-15,6,-16,6,-16,7,-17,7,-16,7,-16,8,-17,7,-16,8,-17,8,-17,8,-17,9,-16,9,-15,10,-15,10,-15,11,-14,11,-15,11,-14,12,-14,0,0,-8,-8,-8,-8,-8,-8,-8,-8,-8,-8,-8,-7,-8,-6,-8,-6,-8,-6,-8,-6,-8,-6,-8,-5,-7,-5,-8,-4,-8,-4,-9,-3,-8,-2,-8,-2,-8,-1,-9,-1,-9,-1,-9,-1,-10,-1,-9,-1,-10,-1,-10,0,0,0,-10,1,-11,1,-11,1,-11,1,-11,1,-11,1,-11,2,-11,2,-12,2,-12,3,-13,3,-12,3,-13,3,-13,4,-13,4,-14,5,-14,6,-15,6,-16,6,-17,6,-18,6,-19,5,-21,6,-22,6,-24,4,-25,3,0,0]"
CSI_DATA: 1262,5,283,283,289,282,303,0,-35,-22,118020.743,118030.747,122.638,118324.777,363.534,150.778,"[-21,4,-22,4,-21,5,-23,4,-21,4,-22,3,-21,3,-20,3,-20,3,-20,3,-21,3,-21,2,-20,2,-20,2,-20,1,-19,2,-18,2,-17,1,-18,2,-17,1,-17,0,-16,1,-15,0,-15,1,-15,0,-15,1,0,0,-13,1,-13,0,-13,1,-12,1,-11,1,-11,1,-10,1,-10,1,-9,1,-8,1,-9,1,-8,1,-7,0,-7,1,-6,1,-5,1,-4,2,-4,2,-3,2,-2,2,-2,3,-1,3,-1,3,-1,4,0,5,0,6,0,0,10,-12,9,-12,8,-12,9,-13,9,-12,8,-12,8,-13,8,-13,8,-13,7,-13,8,-14,8,-14,7,-14,7,-14,7,-13,7,-16,5,-15,6,-15,5,-15,6,-16,6,-16,5,-16,6,-16,4,-17,6,-18,5,-18,0,0,4,-18,5,-19,4,-18,4,-19,4,-18,4,-19,4,-19,4,-19,4,-20,4,-20,5,-21,5,-20,5,-20,5,-20,5,-21,5,-22,5,-22,5,-21,6,-22,6,-22,8,-22,8,-21,9,-22,9,-21,11,-21,11,-20,0,0]"
CSI_DATA: 1263,6,262,262,270,261,303,0,-32,-16,118023.947,118033.951,167.956,118388.491,427.248,214.492,"[0,4,1,5,1,4,2,5,2,4,3,4,3,4,4,4,4,4,5,4,6,5,6,5,6,6,7,6,7,7,8,6,8,5,8,6,8,6,8,7,9,7,9,7,9,7,10,6,11,8,11,8,0,0,11,8,11,8,12,9,12,8,13,9,12,10,12,10,12,9,12,10,12,9,13,10,12,10,11,11,12,11,12,10,12,11,12,10,12,11,12,11,11,11,11,11,10,11,10,11,11,11,11,11,10,11,0,0,-12,10,-11,10,-11,11,-12,11,-12,11,-11,11,-11,11,-11,11,-12,11,-11,12,-12,12,-11,13,-11,13,-11,12,-11,12,-10,14,-9,13,-10,13,-9,14,-9,14,-10,14,-9,15,-9,14,-8,16,-9,16,-8,17,0,0,-8,17,-8,18,-8,18,-8,18,-8,18,-8,19,-8,19,-8,19,-8,20,-8,20,-9,21,-8,20,-9,19,-10,20,-10,20,-10,21,-10,21,-10,21,-11,21,-11,20,-12,20,-12,19,-13,19,-13,19,-14,19,-15,18,0,0]"
CSI_DATA: 1264,3,252,252,290,251,304,0,-20,-34,118405.87,118407.52,12.118,118577.515,189.24,13.518,"[5,-10,5,-10,4,-11,5,-12,5,-11,5,-12,5,-12,5,-11,4,-12,4,-12,4,-13,3,-13,4,-14,3,-14,4,-14,3,-14,2,-14,3,-14,2,-15,3,-15,3,-15,2,-15,3,-15,1,-16,2,-17,1,-17,0,0,1,-17,1,-18,0,-18,0,-18,1,-18,1,-19,1,-19,1,-19,1,-19,1,-19,0,-21,1,-20,1,-20,1,-21,1,-20,1,-21,1,-21,2,-21,3,-21,3,-20,4,-21,4,-20,5,-21,4,-21,6,-20,6,-20,0,0,6,13,6,13,6,13,6,14,5,14,5,14,5,14,5,14,4,14,5,13,5,15,5,14,5,14,5,14,4,14,5,14,5,13,5,14,6,14,5,14,5,14,5,14,5,14,7,14,6,15,7,15,0,0,7,14,7,15,7,15,7,15,7,15,6,15,6,15,6,15,7,15,7,14,7,15,6,14,6,14,6,14,6,13,7,14,7,13,6,13,7,13,6,12,6,12,6,11,6,11,6,11,5,11,6,11,0,0]"
CSI_DATA: 1265,4,264,264,293,263,304,0,-22,-48,118402.197,118404.161,58.39,118626.667,238.176,62.670,"[-10,-10,-10,-10,-11,-9,-11,-10,-11,-9,-11,-10,-11,-10,-11,-9,-11,-9,-11,-9,-13,-9,-13,-9,-13,-9,-13,-8,-12,-9,-13,-8,-13,-8,-13,-7,-13,-7,-13,-8,-13,-8,-13,-7,-13,-7,-14,-6,-15,-7,-15,-6,0,0,-15,-6,-16,-6,-16,-5,-16,-5,-16,-6,-17,-6,-17,-6,-16,-6,-17,-6,-16,-6,-17,-6,-17,-6,-17,-6,-17,-6,-17,-6,-18,-7,-18,-7,-17,-7,-17,-8,-16,-8,-16,-9,-16,-9,-16,-10,-17,-9,-15,-10,-15,-11,0,0,0,16,1,17,2,16,1,18,1,18,1,18,1,18,1,18,0,19,1,18,1,20,1,20,0,20,0,19,-1,19,1,19,1,18,0,17,0,17,-1,17,-2,16,-1,15,-2,14,-1,13,-1,13,-1,13,0,0,-1,10,0,9,0,9,0,7,0,7,0,6,0,5,0,4,0,3,1,3,1,2,0,1,0,0,0,0,0,-1,0,-2,-1,-2,0,-3,-1,-4,-1,-5,-2,-6,-2,-7,-3,-9,-3,-10,-3,-11,-3,-13,0,0]"
CSI_DATA: 1266,5,284,284,290,283,304,0,-37,-19,118405.197,118407.162,102.659,118692.986,304.495,128.989,"[-21,5,-22,6,-21,7,-22,6,-21,6,-21,6,-20,6,-19,6,-20,6,-19,7,-20,7,-19,7,-20,8,-19,8,-19,6,-19,8,-18,8,-18,7,-17,8,-18,7,-18,7,-18,7,-18,6,-17,8,-18,7,-17,8,0,0,-16,7,-16,7,-16,7,-16,7,-15,6,-16,6,-15,4,-14,4,-14,4,-13,3,-14,4,-13,2,-12,2,-12,1,-11,1,-10,0,-9,0,-8,0,-7,0,-6,-1,-5,-1,-4,-1,-2,0,-2,0,-1,1,0,1,0,0,-15,6,-15,6,-14,7,-16,7,-15,7,-16,7,-15,7,-15,7,-15,7,-15,7,-16,9,-15,9,-15,9,-14,9,-15,9,-15,11,-14,11,-14,10,-14,11,-15,11,-16,11,-15,11,-15,11,-14,13,-15,13,-15,14,0,0,-14,14,-15,14,-15,15,-14,14,-15,15,-16,15,-16,14,-16,14,-15,15,-15,15,-16,17,-16,15,-16,15,-17,16,-16,16,-17,17,-17,16,-18,17,-18,16,-18,15,-19,15,-19,14,-20,14,-20,14,-21,13,-21,12,0,0]"
CSI_DATA: 1267,6,263,263,271,262,304,0,-34,-18,118408.402,118410.367,157.965,118760.694,372.203,196.697,"[-1,4,-1,5,-1,5,-2,7,-1,7,-1,7,-2,8,-1,8,-2,9,-1,9,-2,10,-2,11,-2,11,-2,12,-3,12,-2,12,-1,12,-2,13,-2,13,-3,14,-3,14,-3,14,-3,14,-3,15,-3,15,-3,15,0,0,-3,15,-4,16,-4,16,-3,16,-4,16,-4,16,-5,16,-4,15,-5,15,-4,14,-4,15,-4,14,-4,14,-4,14,-4,14,-3,14,-2,14,-3,14,-3,14,-3,13,-3,13,-2,14,-3,13,-1,14,-2,13,-2,13,0,0,7,12,8,12,9,12,9,13,9,12,8,13,9,13,8,12,8,13,8,12,9,14,9,13,9,13,9,12,9,13,11,12,11,11,10,11,11,11,11,12,11,12,12,11,11,12,13,10,13,12,14,11,0,0,14,10,14,11,15,11,15,10,16,11,16,12,16,12,16,12,16,12,16,12,18,12,16,12,16,12,16,13,17,13,18,13,17,13,17,14,17,15,16,15,16,16,15,15,15,16,15,16,14,18,13,18,0,0]"
CSI_DATA: 1268,7,257,257,259,257,304,0,-29,-22,117939.00,118325.420,202.210,118823.725,435.234,259.728,"[-1,-12,-1,-12,-2,-12,-2,-13,-2,-12,-2,-12,-2,-12,-2,-12,-3,-12,-3,-12,-3,-13,-3,-12,-2,-13,-2,-12,-2,-12,-2,-12,-2,-11,-2,-10,-3,-10,-3,-10,-3,-10,-3,-9,-3,-9,-4,-9,-4,-9,-5,-9,0,0,-5,-8,-6,-9,-6,-9,-6,-8,-7,-9,-7,-9,-7,-9,-7,-9,-8,-9,-8,-8,-9,-9,-8,-10,-9,-10,-9,-10,-9,-10,-9,-10,-9,-11,-9,-11,-9,-11,-8,-11,-8,-12,-8,-13,-8,-14,-8,-14,-7,-14,-7,-14,0,0,-18,-5,-18,-5,-19,-4,-20,-5,-19,-5,-19,-6,-18,-6,-17,-6,-17,-6,-16,-6,-17,-7,-16,-6,-16,-6,-15,-5,-15,-5,-15,-3,-15,-3,-14,-2,-15,-1,-16,-1,-16,-2,-16,-1,-15,-2,-16,0,-17,-1,-17,0,0,0,-17,0,-17,0,-18,0,-17,0,-18,0,-18,0,-18,-1,-17,-1,-17,-1,-17,-1,-18,-1,-16,-2,-16,-2,-17,-2,-16,-2,-17,-1,-16,-1,-16,-2,-16,-2,-15,-3,-15,-3,-15,-3,-15,-4,-15,-3,-14,-4,-14,-4,0,0]"
CSI_DATA: 1269,3,253,253,291,252,305,0,-22,-32,118795.64,118797.71,12.130,118967.474,143.749,13.474,"[13,-3,14,-4,13,-5,14,-4,14,-5,14,-4,14,-4,14,-4,15,-4,14,-5,16,-6,15,-6,15,-6,16,-6,16,-6,16,-6,15,-6,15,-6,16,-7,16,-6,16,-6,16,-7,16,-6,16,-8,17,-8,17,-9,0,0,16,-9,17,-9,18,-10,16,-9,17,-9,18,-10,18,-10,17,-10,18,-10,17,-10,18,-11,18,-11,19,-11,19,-11,19,-10,20,-11,19,-11,20,-11,20,-10,20,-10,21,-9,21,-8,21,-9,22,-10,22,-8,22,-8,0,0,-10,-12,-10,-12,-11,-11,-11,-13,-11,-12,-11,-13,-10,-13,-10,-13,-10,-12,-10,-12,-11,-13,-11,-12,-12,-12,-11,-11,-11,-12,-12,-12,-12,-11,-12,-11,-12,-11,-13,-11,-12,-12,-13,-11,-12,-11,-14,-10,-14,-11,-15,-11,0,0,-14,-10,-14,-11,-15,-11,-15,-11,-14,-12,-14,-12,-14,-12,-13,-12,-13,-12,-13,-12,-13,-12,-12,-12,-11,-12,-11,-12,-11,-11,-11,-11,-10,-11,-9,-11,-8,-10,-7,-10,-7,-10,-5,-9,-5,-8,-6,-7,-5,-7,-5,-6,0,0]"
CSI_DATA: 1270,5,285,285,291,284,305,0,-36,-21,118795.175,118797.182,102.647,119057.955,234.230,103.955,"[14,15,15,15,15,14,15,15,14,14,14,14,14,13,13,13,13,13,13,11,14,12,14,11,14,12,14,11,13,12,14,10,12,9,12,9,12,9,12,10,11,10,11,9,9,9,10,8,10,9,10,8,0,0,8,7,8,7,8,7,6,6,6,6,6,6,5,6,4,5,3,5,3,4,3,3,1,3,1,3,0,2,-1,1,-1,1,-2,1,-3,-1,-3,-2,-4,-2,-4,-3,-4,-4,-5,-5,-5,-6,-5,-7,-5,-8,0,0,-15,-3,-15,-3,-15,-2,-16,-3,-16,-3,-16,-3,-16,-3,-16,-3,-16,-3,-16,-2,-17,-2,-17,-1,-17,-1,-17,-1,-17,-2,-18,0,-17,0,-17,0,-17,0,-18,-1,-18,-1,-18,0,-17,0,-18,2,-19,1,-19,2,0,0,-19,2,-19,2,-20,2,-19,2,-19,2,-20,2,-20,1,-20,2,-19,2,-19,2,-20,3,-19,2,-20,2,-21,2,-21,2,-22,2,-21,2,-22,2,-21,1,-21,1,-22,0,-21,-1,-22,-1,-22,0,-22,-2,-22,-2,0,0]"
CSI_DATA: 1271,3,254,254,292,253,306,0,-24,-29,119185.82,119187.57,12.104,119357.463,299.508,13.462,"[-1,11,-1,12,0,11,0,13,0,12,0,13,1,12,1,12,1,12,2,12,2,13,3,13,2,13,3,13,2,14,4,14,4,13,4,13,5,14,4,14,4,14,5,14,4,14,6,14,5,16,6,15,0,0,6,15,6,16,7,16,7,15,7,16,7,17,7,17,7,17,7,17,7,16,8,18,6,18,6,17,7,18,6,17,7,18,6,18,6,18,6,18,5,18,4,18,4,19,3,18,4,18,2,18,2,18,0,0,-6,-16,-6,-17,-7,-16,-7,-18,-6,-16,-6,-17,-6,-17,-6,-16,-6,-16,-6,-15,-6,-17,-7,-16,-7,-16,-7,-16,-6,-16,-8,-16,-8,-16,-7,-15,-8,-15,-8,-16,-8,-16,-8,-16,-7,-16,-10,-15,-9,-17,-10,-17,0,0,-10,-16,-10,-17,-10,-18,-10,-16,-10,-17,-10,-18,-9,-18,-9,-17,-9,-18,-8,-17,-9,-17,-8,-17,-8,-17,-8,-17,-7,-16,-8,-17,-8,-16,-7,-16,-7,-16,-6,-15,-6,-15,-5,-15,-5,-14,-6,-14,-6,-14,-6,-14,0,0]"
CSI_DATA: 1272,4,265,265,295,264,306,0,-22,-42,119182.193,119184.169,57.928,119412.256,354.301,68.255,"[-6,11,-6,12,-5,12,-6,13,-5,13,-5,13,-5,13,-5,12,-5,13,-4,12,-5,14,-4,13,-4,13,-4,13,-4,13,-3,14,-3,13,-3,13,-3,14,-3,14,-3,14,-2,14,-3,13,-1,14,-2,14,-1,14,0,0,0,14,-1,14,0,15,0,14,0,15,0,15,0,15,0,15,1,15,0,15,1,16,0,16,0,16,0,16,0,16,0,17,0,17,0,17,0,17,-1,16,-2,17,-2,16,-3,16,-3,16,-4,16,-4,16,0,0,2,2,2,2,3,1,4,1,3,1,4,1,4,1,5,1,5,0,6,0,7,0,7,-1,7,-1,8,-2,9,-2,9,-3,9,-3,9,-3,9,-4,10,-4,10,-4,11,-5,10,-4,10,-6,11,-5,11,-7,0,0,11,-7,11,-7,12,-8,11,-7,12,-8,12,-8,12,-7,12,-8,12,-8,11,-7,12,-8,11,-8,12,-7,12,-8,12,-7,13,-8,12,-7,13,-7,13,-7,13,-6,13,-6,13,-5,13,-5,13,-5,14,-4,14,-3,0,0]"
CSI_DATA: 1273,5,286,286,292,285,306,0,-28,-23,119185.193,119187.169,102.635,119473.76,415.121,129.75,"[13,-15,13,-15,11,-15,13,-16,12,-15,12,-15,12,-14,12,-14,12,-14,11,-14,12,-15,12,-15,12,-15,11,-15,12,-14,11,-15,10,-15,10,-14,10,-15,10,-14,11,-15,10,-15,10,-14,9,-15,10,-15,10,-16,0,0,10,-15,10,-16,10,-16,9,-15,10,-16,10,-16,10,-16,10,-16,10,-15,10,-15,11,-16,10,-15,10,-15,11,-15,10,-15,11,-15,10,-15,11,-15,11,-15,11,-14,11,-14,11,-14,12,-14,12,-14,13,-14,13,-13,0,0,15,2,16,2,15,1,17,2,16,2,16,2,16,1,15,2,16,2,15,1,17,1,16,1,17,0,16,0,17,1,17,-1,17,-1,16,0,17,-1,17,0,17,0,17,0,17,0,17,-2,19,-1,19,-2,0,0,18,-2,19,-2,20,-2,18,-3,19,-2,19,-2,19,-1,19,-2,19,-2,19,-2,20,-3,19,-2,20,-1,21,-2,20,-1,21,-2,20,-2,21,-1,20,-1,20,0,21,1,20,2,20,2,21,1,21,3,21,4,0,0]"
CSI_DATA: 1274,6,264,264,272,263,306,0,-27,-16,119188.399,119190.375,158.66,119540.20,482.65,196.19,"[8,1,9,0,9,-1,10,-1,9,-1,10,-1,10,-2,10,-2,10,-2,10,-3,11,-3,11,-3,12,-4,11,-4,12,-3,11,-4,11,-4,11,-4,12,-5,12,-5,13,-5,12,-6,12,-5,12,-7,14,-7,13,-7,0,0,14,-7,14,-7,15,-8,14,-7,15,-8,15,-8,16,-8,15,-7,16,-8,15,-8,16,-7,16,-8,16,-7,17,-7,15,-6,16,-6,16,-6,16,-6,16,-5,15,-5,16,-4,15,-4,15,-4,15,-4,15,-4,15,-3,0,0,15,5,15,5,15,4,17,5,16,5,16,5,16,5,16,5,17,5,16,4,17,5,17,4,17,4,17,3,17,4,18,2,17,2,17,2,17,1,18,2,18,2,18,1,18,1,19,-1,20,0,21,-2,0,0,20,-2,21,-1,21,-2,21,-3,22,-2,22,-2,23,-2,22,-2,23,-3,23,-3,24,-3,24,-3,24,-3,25,-2,25,-2,26,-2,25,-2,26,-2,26,-1,25,0,26,0,26,2,26,1,26,1,26,3,26,4,0,0]"
CSI_DATA: 1275,3,255,255,293,254,307,0,-22,-32,119575.78,119577.81,12.145,119747.575,207.555,13.575,"[2,13,2,13,3,13,3,14,3,14,3,14,4,13,4,13,4,14,4,13,4,14,5,14,5,14,5,14,5,14,7,14,7,13,7,13,7,13,8,14,7,14,8,13,7,14,9,13,9,15,9,14,0,0,10,13,10,14,11,14,11,14,11,14,11,14,11,14,11,14,12,14,12,14,12,15,11,15,11,15,12,15,12,15,13,16,12,16,12,16,12,16,11,16,11,17,10,17,10,17,10,17,8,18,8,18,0,0,-5,13,-5,13,-5,13,-6,14,-7,13,-7,13,-7,13,-7,13,-7,13,-7,12,-7,14,-7,14,-7,14,-8,13,-8,13,-7,14,-7,14,-7,13,-7,14,-8,14,-9,14,-8,14,-8,13,-7,14,-8,15,-8,15,0,0,-8,15,-8,15,-8,15,-8,15,-8,15,-8,15,-9,14,-8,14,-8,14,-8,14,-8,15,-8,13,-8,13,-7,14,-7,14,-7,14,-6,14,-7,14,-7,14,-7,14,-7,14,-6,14,-7,14,-6,15,-8,15,-8,15,0,0]"
CSI_DATA: 1276,5,287,287,293,286,307,0,-26,-25,119575.190,119577.193,102.652,119837.957,297.937,103.957,"[-2,-18,-3,-18,-4,-17,-3,-19,-3,-18,-3,-18,-3,-17,-2,-17,-3,-17,-3,-17,-3,-17,-3,-18,-3,-17,-4,-17,-3,-17,-4,-17,-4,-17,-4,-16,-5,-16,-4,-17,-4,-16,-4,-16,-4,-16,-6,-16,-5,-17,-6,-17,0,0,-6,-16,-6,-17,-7,-17,-6,-16,-7,-17,-7,-17,-6,-17,-6,-17,-6,-17,-6,-17,-7,-17,-6,-17,-6,-17,-7,-18,-6,-17,-7,-18,-7,-18,-6,-17,-6,-18,-5,-17,-4,-18,-4,-18,-4,-18,-5,-18,-3,-18,-3,-18,0,0,-10,-12,-11,-13,-11,-12,-11,-14,-11,-13,-11,-13,-11,-13,-11,-13,-11,-13,-11,-12,-12,-13,-12,-12,-12,-13,-13,-12,-12,-13,-14,-13,-13,-12,-13,-12,-13,-12,-13,-13,-12,-13,-13,-13,-12,-13,-14,-12,-14,-13,-15,-13,0,0,-14,-13,-14,-13,-15,-13,-14,-12,-14,-13,-14,-13,-14,-13,-14,-13,-14,-13,-14,-12,-15,-13,-14,-12,-14,-12,-14,-13,-14,-13,-15,-13,-15,-13,-14,-13,-14,-13,-13,-14,-13,-14,-13,-14,-13,-14,-13,-14,-12,-15,-12,-16,0,0]"
CSI_DATA: 1277,6,265,265,273,264,307,0,-28,-18,119578.396,119580.399,157.972,119905.621,365.601,171.621,"[9,5,10,5,10,5,11,6,10,5,10,6,11,5,11,6,11,6,11,5,12,6,12,5,12,6,13,6,13,6,13,6,13,5,13,5,14,5,14,6,14,6,14,5,14,6,15,4,15,5,16,5,0,0,16,5,15,5,17,5,16,5,17,5,16,5,17,6,16,5,17,5,16,5,18,5,16,6,17,6,17,6,17,6,17,6,17,6,17,6,17,6,16,7,16,8,16,8,16,8,16,7,15,9,15,9,0,0,14,1,14,1,14,0,15,1,15,1,15,1,15,1,15,1,15,1,15,1,16,1,16,0,16,0,16,-1,16,0,17,-2,16,-2,16,-1,17,-2,17,-2,18,-1,17,-2,17,-2,17,-5,19,-4,19,-5,0,0,19,-5,19,-5,20,-6,19,-6,20,-5,21,-5,21,-5,21,-5,21,-5,21,-6,23,-7,22,-6,21,-6,23,-6,22,-6,24,-6,23,-6,24,-6,24,-5,24,-4,25,-3,24,-3,25,-2,25,-3,25,-1,26,0,0,0]"
CSI_DATA: 1278,7,259,259,261,259,307,0,-30,-20,119493.450,119495.453,202.319,119964.902,424.882,230.902,"[7,-4,7,-5,6,-5,7,-5,7,-5,6,-6,6,-6,6,-5,6,-6,6,-6,6,-7,6,-7,6,-7,6,-7,6,-6,5,-7,5,-7,4,-7,4,-7,4,-7,4,-8,3,-7,3,-7,2,-8,3,-9,2,-9,0,0,1,-10,1,-10,0,-11,1,-11,1,-11,1,-12,0,-13,0,-12,0,-13,0,-13,0,-14,0,-14,0,-14,0,-16,0,-15,0,-16,0,-16,0,-17,1,-17,1,-17,2,-18,2,-19,3,-19,3,-19,4,-19,5,-19,0,0,-8,-17,-8,-17,-9,-16,-8,-17,-8,-17,-8,-17,-8,-17,-7,-16,-7,-16,-7,-15,-7,-16,-7,-15,-7,-14,-7,-13,-7,-13,-9,-13,-9,-12,-10,-12,-10,-11,-11,-12,-11,-12,-11,-12,-11,-12,-13,-11,-13,-13,-14,-13,0,0,-14,-12,-14,-13,-15,-13,-15,-12,-14,-13,-14,-14,-14,-14,-14,-14,-14,-14,-14,-14,-15,-14,-13,-14,-14,-14,-14,-14,-14,-14,-14,-15,-15,-14,-14,-15,-13,-15,-12,-15,-12,-16,-11,-15,-12,-16,-12,-15,-11,-17,-10,-16,0,0]"
CSI_DATA: 1279,3,256,256,294,255,308,0,-20,-30,119965.77,119967.26,12.95,120137.426,172.524,13.428,"[-8,-14,-8,-14,-9,-13,-9,-15,-9,-14,-9,-14,-9,-14,-9,-14,-9,-14,-9,-13,-11,-14,-11,-14,-11,-14,-11,-14,-11,-15,-12,-14,-12,-13,-11,-13,-12,-13,-11,-14,-12,-14,-13,-13,-12,-14,-14,-12,-14,-14,-15,-13,0,0,-15,-13,-15,-14,-16,-13,-16,-13,-16,-14,-16,-14,-16,-14,-16,-14,-16,-14,-16,-13,-18,-14,-17,-14,-17,-14,-17,-15,-17,-14,-18,-15,-18,-15,-17,-15,-17,-16,-16,-16,-16,-18,-15,-18,-16,-18,-16,-17,-15,-19,-15,-19,0,0,0,-13,0,-13,-1,-13,0,-14,0,-14,0,-14,0,-14,0,-14,0,-14,0,-13,0,-15,-1,-14,-1,-14,-1,-14,0,-14,-1,-15,-2,-14,-1,-14,-2,-14,-2,-15,-1,-15,-2,-15,-1,-15,-3,-15,-2,-16,-3,-16,0,0,-3,-16,-3,-17,-3,-17,-4,-16,-3,-16,-3,-17,-3,-17,-3,-16,-3,-17,-3,-16,-4,-17,-3,-16,-3,-16,-4,-16,-4,-17,-4,-17,-4,-17,-4,-16,-4,-16,-3,-16,-3,-17,-4,-17,-3,-17,-4,-18,-2,-18,-2,-17,0,0]"
CSI_DATA: 1280,4,266,266,297,265,308,0,-24,-40,119962.191,119964.140,57.947,120202.842,237.940,78.844,"[-1,12,-1,12,1,12,0,13,0,13,0,13,0,13,0,12,0,13,1,12,2,13,2,13,2,13,3,13,2,13,4,13,4,12,4,12,4,13,4,13,4,14,4,13,4,13,6,12,6,13,6,13,0,0,7,13,7,14,7,14,8,13,7,14,7,14,7,14,7,14,8,15,8,14,9,15,8,15,8,15,8,15,8,15,8,16,8,16,8,17,7,17,6,17,5,17,5,17,5,17,5,18,3,18,3,18,0,0,-3,3,-3,3,-3,3,-4,3,-4,2,-4,2,-5,2,-4,2,-5,2,-5,2,-5,2,-6,2,-6,2,-6,3,-6,2,-6,3,-6,3,-6,3,-7,4,-7,4,-8,4,-8,4,-8,4,-8,5,-8,5,-9,5,0,0,-9,6,-9,6,-9,7,-9,7,-10,7,-10,7,-10,7,-10,7,-10,7,-10,7,-11,8,-10,7,-11,7,-11,8,-11,8,-10,8,-11,8,-11,8,-11,8,-11,8,-11,8,-11,8,-12,7,-12,9,-12,7,-12,7,0,0]"
CSI_DATA: 1281,5,288,288,294,287,308,0,-29,-28,119965.190,119967.139,102.655,120260.907,296.05,136.909,"[0,-19,0,-19,-1,-18,0,-20,0,-19,1,-18,0,-18,1,-17,1,-17,0,-17,0,-17,0,-17,0,-17,0,-17,0,-17,-1,-17,-1,-15,-1,-15,-1,-16,-1,-16,0,-16,-1,-16,-1,-15,-2,-15,-2,-16,-2,-16,0,0,-2,-15,-2,-16,-3,-16,-3,-15,-2,-16,-2,-16,-2,-16,-2,-16,-2,-15,-2,-15,-3,-16,-2,-16,-2,-16,-2,-16,-2,-15,-2,-16,-2,-16,-2,-15,-1,-16,-1,-15,-1,-16,0,-16,-1,-16,-1,-16,0,-16,0,-16,0,0,-17,5,-16,5,-16,6,-17,5,-16,5,-16,5,-15,5,-15,5,-15,6,-14,6,-16,6,-15,7,-15,7,-14,7,-14,7,-14,9,-13,8,-14,8,-13,9,-14,9,-14,9,-14,9,-14,9,-13,10,-14,10,-14,11,0,0,-13,11,-14,11,-14,12,-13,12,-14,12,-14,12,-14,12,-14,12,-14,13,-14,13,-14,14,-14,13,-14,13,-15,13,-15,14,-16,15,-16,14,-17,15,-17,14,-17,14,-19,14,-18,12,-19,12,-20,12,-21,11,-21,10,0,0]"
CSI_DATA: 1282,6,266,266,274,265,308,0,-31,-17,119968.396,119970.346,157.967,120331.518,366.616,207.520,"[-8,-5,-9,-5,-9,-4,-10,-6,-10,-5,-10,-6,-11,-6,-11,-6,-11,-6,-11,-6,-12,-6,-12,-6,-12,-6,-12,-6,-12,-7,-13,-6,-13,-5,-13,-5,-13,-5,-14,-6,-14,-6,-14,-6,-14,-6,-15,-5,-16,-6,-16,-5,0,0,-16,-5,-17,-6,-18,-6,-17,-6,-18,-6,-18,-7,-18,-8,-18,-7,-18,-7,-18,-7,-19,-7,-18,-8,-18,-8,-18,-8,-18,-8,-18,-8,-17,-8,-18,-8,-17,-9,-16,-9,-16,-9,-16,-10,-16,-9,-16,-8,-16,-9,-16,-9,0,0,14,6,14,5,15,5,15,6,16,6,15,5,16,6,15,6,16,6,16,6,17,6,16,5,17,5,16,5,16,5,18,3,16,3,17,3,17,2,17,3,18,3,18,2,18,3,19,0,19,2,20,0,0,0,20,0,21,0,21,0,21,0,21,0,22,0,22,0,22,0,22,0,23,0,24,-1,23,0,23,0,23,0,24,0,24,1,25,1,24,1,24,2,24,2,25,3,24,3,25,4,25,4,25,6,24,6,0,0]"
CSI_DATA: 1283,7,260,260,262,260,308,0,-26,-19,119883.451,119885.400,202.198,120396.515,431.613,272.517,"[12,-3,12,-3,12,-4,12,-3,12,-3,12,-3,12,-3,12,-3,11,-3,11,-4,12,-4,12,-4,12,-4,11,-4,11,-3,11,-4,10,-4,10,-4,10,-4,9,-4,9,-4,9,-4,9,-4,8,-6,9,-6,9,-6,0,0,8,-7,8,-7,8,-8,8,-8,8,-8,8,-8,8,-9,9,-9,8,-9,8,-10,8,-11,8,-10,8,-11,9,-12,9,-11,10,-12,10,-12,10,-12,11,-12,12,-11,13,-11,13,-11,14,-12,13,-13,15,-11,15,-11,0,0,16,10,17,10,17,9,18,12,16,11,16,11,16,11,15,11,15,12,14,11,15,12,15,11,14,10,14,9,13,9,14,8,13,7,13,6,14,6,14,6,14,6,15,5,14,6,16,4,16,5,17,5,0,0,17,4,17,5,18,5,17,4,17,5,17,5,17,5,17,6,17,6,16,5,17,5,16,5,16,6,16,6,15,6,16,6,15,5,14,6,14,6,13,6,13,6,12,6,12,6,12,5,12,6,11,6,0,0]"
CSI_DATA: 1284,3,257,257,295,256,309,0,-20,-29,120355.46,120357.26,12.89,120527.503,130.988,13.504,"[-10,10,-10,10,-9,10,-10,11,-10,11,-10,11,-10,11,-9,10,-9,11,-8,11,-9,12,-8,12,-8,12,-8,12,-8,12,-7,13,-7,12,-7,12,-7,13,-7,13,-8,13,-7,14,-7,13,-5,14,-6,15,-5,15,0,0,-5,16,-6,16,-5,17,-4,16,-5,17,-5,17,-5,17,-5,17,-5,18,-5,17,-4,19,-5,18,-5,18,-6,19,-5,18,-6,20,-6,20,-6,19,-7,19,-7,18,-8,19,-9,18,-9,18,-8,19,-10,18,-10,18,0,0,15,2,15,2,15,1,16,2,15,2,15,3,15,2,15,3,15,3,15,2,16,3,16,2,15,2,15,2,15,3,17,1,15,0,15,1,16,0,16,1,16,1,17,0,17,1,17,-1,18,0,19,-1,0,0,18,-1,19,-1,19,-1,19,-2,19,-1,20,0,20,0,19,0,19,0,19,0,20,-1,19,0,18,0,19,0,19,0,19,0,19,0,19,0,19,1,18,1,18,2,17,2,17,2,18,1,18,2,17,3,0,0]"
CSI_DATA: 1285,4,267,267,298,266,309,0,-25,-36,120352.161,120354.140,58.47,120578.44,181.529,64.45,"[8,9,9,9,9,8,10,9,9,8,9,9,9,8,9,8,9,8,9,7,10,8,10,7,10,7,10,7,10,7,11,6,10,6,10,6,11,5,10,6,11,6,11,5,10,5,11,4,12,5,12,4,0,0,12,4,13,4,13,3,13,3,13,4,14,4,14,4,13,4,14,4,14,4,14,4,14,4,14,4,15,4,14,5,15,5,15,5,15,5,14,5,14,6,14,6,14,7,13,7,14,7,13,8,12,8,0,0,1,0,1,0,1,1,2,1,2,2,2,2,3,2,3,3,3,3,3,3,4,4,5,4,5,4,6,4,6,5,7,5,7,4,7,5,9,5,9,5,9,6,10,6,10,6,12,5,12,6,13,6,0,0,13,6,15,6,15,6,16,6,16,6,16,7,16,7,16,7,17,7,17,7,19,7,17,7,18,7,18,7,19,7,19,7,19,7,19,8,19,8,18,8,18,9,18,9,18,10,19,9,18,10,17,11,0,0]"
CSI_DATA: 1286,5,289,289,295,288,309,0,-28,-26,120355.159,120357.139,102.646,120631.460,234.945,117.461,"[-14,-14,-15,-13,-14,-13,-15,-15,-14,-13,-14,-14,-14,-13,-13,-13,-14,-13,-13,-13,-14,-14,-15,-13,-14,-13,-14,-13,-14,-13,-14,-12,-14,-12,-13,-12,-14,-12,-13,-13,-13,-13,-14,-12,-13,-12,-14,-11,-14,-12,-15,-11,0,0,-15,-11,-15,-11,-16,-11,-15,-10,-15,-12,-15,-12,-15,-12,-15,-11,-15,-11,-15,-11,-16,-11,-14,-12,-15,-12,-15,-12,-15,-12,-16,-12,-15,-12,-15,-12,-14,-12,-14,-12,-14,-13,-13,-13,-14,-14,-14,-14,-13,-14,-13,-15,0,0,14,-1,14,-2,14,-3,15,-2,15,-1,15,-1,15,-2,14,-1,15,-1,15,-2,16,-2,15,-2,15,-2,15,-3,15,-2,16,-4,15,-4,16,-3,15,-4,16,-3,16,-2,16,-3,16,-2,16,-4,17,-3,17,-4,0,0,17,-4,17,-4,17,-4,17,-4,16,-3,17,-3,16,-3,16,-3,16,-4,16,-4,17,-4,16,-3,16,-3,16,-4,16,-4,16,-4,16,-4,16,-4,16,-4,16,-4,17,-3,16,-3,17,-3,17,-3,17,-2,17,-2,0,0]"
CSI_DATA: 1287,6,267,267,275,266,309,0,-32,-16,120358.367,120360.346,158.60,120705.702,309.187,191.703,"[6,2,6,1,6,0,7,0,6,0,7,0,7,-1,7,-1,7,-1,8,-2,9,-2,8,-2,9,-3,9,-3,9,-3,10,-4,9,-3,9,-3,10,-4,10,-4,10,-4,10,-5,11,-4,10,-5,12,-5,11,-6,0,0,12,-6,12,-6,12,-7,12,-6,13,-6,13,-7,14,-7,13,-7,14,-7,14,-7,14,-7,14,-6,15,-7,15,-7,15,-7,15,-7,15,-7,16,-6,15,-6,16,-6,17,-5,16,-5,17,-5,17,-5,17,-4,17,-3,0,0,3,12,4,12,5,12,4,13,4,13,4,13,4,13,5,13,5,13,5,13,6,14,6,14,6,14,6,13,6,13,8,13,8,12,8,12,9,12,9,13,9,13,9,13,9,13,12,12,11,13,13,13,0,0,13,13,14,13,14,13,14,13,15,14,15,15,15,14,15,14,15,14,16,14,18,15,16,15,16,15,16,16,17,16,17,16,17,17,18,18,17,18,16,18,16,20,15,18,15,20,16,20,14,21,13,21,0,0]"
CSI_DATA: 1288,4,268,268,299,267,310,0,-25,-38,120742.259,120744.208,58.48,120963.400,257.698,59.401,"[5,-14,5,-14,4,-15,5,-16,5,-15,5,-15,4,-14,4,-14,4,-14,4,-14,4,-15,3,-15,4,-15,3,-15,4,-15,2,-15,2,-14,2,-14,1,-14,2,-14,3,-14,2,-14,2,-14,0,-14,1,-15,0,-15,0,0,0,-15,0,-16,0,-16,-1,-15,0,-16,0,-16,0,-16,0,-16,0,-16,0,-16,-1,-17,0,-16,0,-16,0,-17,1,-16,1,-17,1,-16,1,-16,2,-16,3,-15,3,-16,4,-15,4,-15,3,-15,4,-14,5,-14,0,0,2,3,2,3,3,3,3,3,4,3,4,2,4,2,5,1,5,1,6,1,6,1,7,0,7,-1,8,-1,8,-1,9,-2,9,-2,9,-2,9,-3,10,-2,10,-3,11,-3,11,-3,11,-5,12,-5,12,-5,0,0,12,-6,13,-6,14,-7,13,-7,14,-7,15,-7,15,-7,15,-7,15,-8,15,-8,16,-9,15,-8,16,-8,16,-8,16,-9,17,-9,17,-9,17,-9,17,-8,17,-8,18,-7,17,-6,18,-6,19,-6,19,-5,19,-4,0,0]"
CSI_DATA: 1289,5,290,290,296,289,310,0,-27,-24,120745.257,120747.206,102.667,121014.887,309.185,110.888,"[19,-9,19,-9,17,-10,19,-10,18,-9,18,-9,18,-9,18,-8,18,-8,17,-9,18,-9,18,-8,18,-8,17,-8,17,-8,17,-9,16,-9,16,-8,15,-8,16,-8,16,-8,15,-9,15,-8,14,-9,15,-9,15,-10,0,0,14,-10,14,-10,14,-11,13,-10,13,-10,13,-11,13,-11,13,-11,13,-11,13,-12,14,-13,13,-12,13,-12,14,-12,14,-13,14,-14,14,-14,15,-13,15,-13,15,-12,16,-12,16,-12,17,-12,17,-12,18,-11,19,-10,0,0,-16,-3,-16,-3,-16,-2,-17,-3,-16,-2,-17,-2,-16,-2,-16,-2,-16,-2,-16,-2,-17,-1,-17,0,-17,0,-17,0,-17,-1,-18,1,-17,1,-17,1,-17,1,-18,0,-18,0,-18,2,-17,1,-18,2,-19,2,-19,3,0,0,-18,3,-19,3,-19,3,-18,3,-19,3,-20,3,-19,3,-19,3,-19,3,-19,4,-20,5,-19,3,-19,3,-20,4,-20,4,-21,5,-21,5,-21,4,-21,4,-21,3,-22,2,-22,2,-22,1,-23,2,-23,0,-23,-1,0,0]"
CSI_DATA: 1290,6,268,268,276,267,310,0,-27,-16,120748.465,120750.414,157.973,121083.620,377.918,179.621,"[-8,-1,-9,-1,-8,0,-10,-1,-10,0,-10,0,-10,0,-10,1,-11,1,-11,1,-12,1,-12,1,-13,1,-13,2,-13,1,-13,2,-13,2,-13,2,-13,3,-14,3,-14,2,-14,3,-14,2,-14,5,-16,4,-15,5,0,0,-16,4,-16,5,-16,5,-16,5,-17,5,-18,5,-17,4,-17,5,-17,5,-17,5,-17,6,-18,5,-18,5,-18,5,-17,5,-18,5,-19,5,-18,5,-18,4,-18,4,-19,3,-18,3,-19,3,-20,3,-19,2,-19,1,0,0,13,6,14,6,14,5,15,6,14,6,15,6,15,6,14,6,15,6,15,6,16,6,16,6,16,6,16,5,16,6,17,4,16,3,16,4,17,3,17,4,17,5,18,3,17,3,19,1,19,2,21,1,0,0,20,1,20,1,22,1,21,0,22,1,22,2,22,2,23,2,22,1,23,1,24,0,23,1,23,1,24,2,24,2,25,1,24,2,25,2,24,3,24,4,25,5,24,5,24,5,25,4,25,7,25,7,0,0]"
CSI_DATA: 1291,7,261,261,264,261,310,0,-28,-22,120663.520,120665.469,202.201,121144.376,438.674,240.377,"[7,5,7,5,7,4,8,5,7,5,8,4,7,4,8,3,8,3,8,3,9,3,10,3,10,4,9,4,9,4,9,3,9,3,8,3,9,3,8,3,8,3,8,2,8,2,9,1,9,1,10,0,0,0,9,0,10,0,11,-1,10,-1,11,-1,11,-1,12,-1,12,-2,12,-2,12,-3,14,-4,13,-3,14,-3,15,-3,14,-3,16,-3,16,-3,16,-3,17,-2,17,-1,18,-1,18,0,18,0,19,-1,19,1,20,1,0,0,0,19,0,20,1,18,0,20,-1,19,-1,20,-2,19,-2,18,-3,18,-2,17,-3,18,-2,17,-2,15,-1,14,-1,14,1,14,2,13,1,13,3,13,2,14,2,14,3,15,2,14,5,14,4,15,5,16,0,0,5,16,4,15,5,16,5,16,4,16,4,17,3,16,3,16,3,16,3,15,4,16,3,15,2,15,2,15,2,14,2,15,2,13,2,14,1,13,1,13,1,13,1,11,2,11,2,11,2,11,2,11,0,0]"
CSI_DATA: 1292,3,258,258,297,257,311,0,-20,-29,121135.40,121137.34,11.961,121307.429,163.53,13.430,"[-2,13,-1,14,0,14,-1,15,-1,15,-1,15,-1,15,-1,15,-1,15,0,15,0,17,0,16,1,17,1,17,0,17,2,17,2,16,2,17,3,17,2,18,2,17,3,17,2,17,4,18,3,19,5,18,0,0,5,18,5,19,5,19,6,19,5,19,5,20,5,20,5,19,5,20,6,19,7,20,5,20,5,20,5,21,5,20,6,21,5,21,5,21,4,20,4,20,3,21,3,20,2,21,3,20,1,20,1,20,0,0,-16,-10,-15,-10,-15,-9,-16,-10,-15,-9,-14,-10,-14,-9,-14,-9,-13,-9,-13,-8,-14,-9,-14,-8,-14,-8,-13,-8,-12,-8,-14,-8,-13,-6,-12,-7,-13,-6,-13,-6,-12,-7,-13,-6,-12,-7,-13,-5,-13,-6,-13,-6,0,0,-13,-5,-13,-5,-13,-5,-13,-5,-13,-5,-13,-5,-13,-6,-12,-5,-12,-5,-12,-5,-12,-5,-11,-5,-12,-5,-12,-5,-11,-5,-12,-5,-11,-5,-11,-5,-11,-5,-10,-5,-11,-6,-10,-5,-10,-5,-10,-5,-9,-6,-9,-6,0,0]"
CSI_DATA: 1293,4,269,269,300,268,311,0,-23,-41,121132.156,121134.150,57.991,121362.25,217.649,68.26,"[-5,-13,-5,-13,-6,-13,-6,-14,-6,-14,-6,-13,-7,-13,-7,-13,-7,-13,-7,-12,-7,-13,-8,-13,-8,-13,-8,-12,-8,-13,-9,-13,-9,-12,-9,-12,-10,-11,-10,-12,-10,-12,-10,-11,-10,-11,-11,-10,-12,-12,-12,-11,0,0,-12,-11,-13,-11,-13,-11,-14,-10,-13,-11,-14,-11,-14,-11,-14,-11,-15,-11,-15,-11,-15,-12,-15,-12,-15,-12,-15,-12,-15,-13,-15,-13,-15,-13,-15,-13,-14,-14,-13,-14,-13,-15,-13,-15,-13,-16,-13,-15,-11,-16,-10,-16,0,0,2,-11,1,-11,1,-12,1,-12,1,-11,1,-12,0,-11,0,-11,-1,-12,0,-11,-1,-12,-1,-12,-1,-12,-2,-12,-2,-12,-3,-13,-4,-12,-4,-12,-4,-12,-4,-13,-4,-13,-5,-13,-4,-14,-5,-13,-5,-15,-6,-14,0,0,-6,-14,-6,-15,-6,-15,-7,-14,-5,-15,-7,-15,-6,-15,-5,-15,-6,-15,-5,-15,-5,-16,-4,-15,-4,-15,-4,-15,-4,-15,-4,-15,-4,-15,-4,-15,-3,-14,-3,-14,-2,-14,-1,-14,-1,-14,-1,-14,0,-13,0,-12,0,0]"
CSI_DATA: 1294,5,291,291,297,290,311,0,-24,-24,121135.154,121137.148,102.631,121437.879,293.503,143.880,"[2,-16,1,-16,0,-17,2,-18,1,-17,1,-16,1,-16,1,-16,1,-16,1,-16,1,-17,1,-16,1,-16,1,-16,2,-16,0,-16,0,-15,0,-15,0,-16,0,-16,1,-15,0,-15,1,-14,-1,-15,0,-16,-1,-15,0,0,-1,-15,-1,-15,-2,-15,-2,-14,-1,-15,-2,-15,-2,-15,-2,-15,-2,-14,-2,-15,-2,-15,-2,-15,-2,-15,-2,-15,-2,-15,-2,-15,-2,-16,-2,-15,-2,-15,-1,-15,-1,-16,0,-16,0,-16,0,-16,1,-15,1,-15,0,0,13,-6,13,-6,12,-7,13,-7,13,-6,13,-7,12,-7,12,-7,12,-7,12,-7,12,-8,12,-9,12,-9,12,-10,13,-9,12,-11,12,-11,12,-10,12,-11,12,-11,13,-11,13,-12,13,-11,12,-13,14,-13,13,-14,0,0,13,-14,14,-14,14,-14,13,-14,14,-14,14,-14,14,-14,14,-14,14,-14,14,-14,14,-15,14,-14,14,-14,15,-15,14,-15,15,-16,15,-16,15,-15,16,-15,16,-15,17,-15,17,-14,19,-14,18,-14,20,-13,20,-13,0,0]"
CSI_DATA: 1295,6,269,269,277,268,311,0,-25,-17,121138.362,121140.356,158.40,121508.347,363.971,214.348,"[8,4,9,3,9,3,10,4,10,3,10,3,10,3,10,3,10,3,11,2,11,3,12,3,12,3,12,3,12,3,13,2,12,2,12,2,13,1,13,2,13,2,13,1,13,2,14,1,14,2,15,1,0,0,15,1,15,1,15,1,15,1,16,2,15,2,15,2,16,2,16,2,16,2,17,2,16,3,15,3,15,3,15,3,16,3,16,3,15,3,15,3,15,4,14,4,14,4,14,5,14,4,14,5,13,5,0,0,-8,12,-7,12,-7,13,-8,13,-7,13,-8,13,-8,13,-8,13,-8,14,-7,14,-8,15,-7,15,-7,15,-6,15,-7,14,-5,16,-5,15,-5,16,-4,16,-5,16,-5,17,-5,17,-5,17,-2,18,-3,19,-2,20,0,0,-2,19,-2,20,-2,20,-2,21,-2,20,-2,22,-2,22,-2,22,-2,23,-2,23,-1,24,-2,23,-2,24,-3,24,-3,25,-3,25,-3,25,-4,26,-5,26,-5,25,-6,26,-6,25,-7,25,-7,25,-9,26,-9,25,0,0]"
CSI_DATA: 1296,7,262,262,265,262,311,0,-29,-23,121053.418,121055.412,202.159,121568.577,424.201,274.578,"[6,-13,5,-13,4,-14,5,-14,5,-14,5,-14,4,-14,4,-13,4,-14,4,-14,5,-15,4,-15,5,-15,5,-15,5,-14,4,-15,4,-14,4,-14,3,-14,4,-14,4,-14,2,-13,3,-13,1,-13,2,-14,1,-14,0,0,0,-14,-1,-14,-1,-14,-2,-14,-2,-15,-2,-15,-3,-15,-3,-15,-3,-15,-4,-15,-5,-17,-4,-17,-4,-17,-5,-18,-5,-18,-6,-19,-6,-20,-6,-20,-5,-20,-5,-21,-4,-22,-4,-23,-3,-24,-3,-25,-1,-25,0,-25,0,0,-13,-15,-12,-14,-13,-14,-13,-15,-13,-15,-12,-15,-12,-15,-11,-15,-11,-15,-10,-15,-10,-16,-10,-15,-9,-14,-9,-13,-8,-12,-10,-12,-9,-10,-9,-10,-10,-9,-10,-9,-10,-10,-11,-9,-10,-9,-12,-8,-12,-9,-12,-9,0,0,-12,-8,-13,-9,-13,-9,-13,-9,-12,-9,-13,-9,-12,-10,-12,-9,-12,-9,-12,-9,-12,-9,-11,-9,-11,-9,-11,-9,-11,-9,-11,-9,-11,-9,-10,-9,-9,-9,-9,-9,-8,-9,-8,-8,-8,-8,-8,-8,-7,-8,-7,-8,0,0]"
CSI_DATA: 1297,4,270,270,301,269,312,0,-23,-36,121522.179,121525.514,56.354,121743.530,174.953,59.531,"[1,-12,0,-13,0,-12,0,-13,0,-12,0,-12,-1,-12,0,-12,-1,-12,-1,-11,-1,-12,-1,-12,-1,-12,-1,-12,-1,-12,-3,-12,-3,-11,-3,-11,-3,-11,-3,-11,-3,-11,-4,-11,-3,-11,-4,-11,-4,-11,-5,-11,0,0,-6,-11,-6,-11,-6,-11,-7,-11,-6,-12,-7,-12,-7,-12,-7,-12,-7,-12,-7,-12,-8,-13,-7,-13,-7,-13,-7,-13,-7,-13,-8,-14,-7,-14,-7,-14,-7,-14,-6,-14,-6,-15,-5,-15,-5,-15,-5,-15,-3,-16,-3,-15,0,0,7,12,6,11,8,11,7,12,7,12,7,11,7,11,6,11,7,11,7,11,7,11,7,11,7,11,7,10,6,10,8,10,7,9,7,9,8,8,8,9,8,10,8,9,8,9,9,8,9,9,10,9,0,0,10,8,11,8,11,8,12,8,11,8,11,9,11,9,11,9,12,9,12,9,12,10,11,9,11,10,11,9,12,10,12,10,12,10,11,10,11,10,10,11,10,11,10,10,10,11,10,10,9,11,8,11,0,0]"
CSI_DATA: 1298,5,292,292,298,291,312,0,-27,-29,121525.177,121528.512,110.974,121797.989,229.412,113.990,"[6,17,6,18,7,17,7,20,6,18,6,19,6,18,6,18,6,18,6,17,7,19,7,18,7,18,7,18,6,19,8,17,8,17,7,16,8,18,7,18,7,18,7,18,6,17,9,17,8,18,9,17,0,0,9,17,8,17,9,17,9,15,9,17,9,17,9,17,9,16,9,16,9,15,10,16,9,17,9,16,10,17,9,16,10,17,9,17,9,17,8,17,7,16,7,17,7,17,7,17,8,18,6,18,5,18,0,0,8,-11,7,-11,6,-11,7,-11,7,-11,7,-12,7,-12,6,-12,7,-12,6,-12,6,-13,5,-13,5,-13,5,-13,5,-13,4,-16,3,-15,4,-15,4,-15,4,-16,5,-17,4,-17,5,-17,3,-17,5,-19,4,-19,0,0,4,-19,5,-20,4,-20,4,-20,5,-19,5,-20,5,-19,5,-19,5,-20,5,-19,5,-21,5,-19,5,-19,5,-20,5,-21,4,-21,4,-21,4,-20,5,-21,5,-21,6,-21,7,-21,7,-22,6,-22,8,-22,9,-22,0,0]"
CSI_DATA: 1299,6,270,270,278,269,312,0,-21,-19,121528.386,121531.721,156.279,121858.187,289.610,174.188,"[-6,7,-6,8,-5,8,-5,9,-5,9,-5,9,-5,9,-4,9,-5,9,-4,10,-4,10,-4,11,-4,11,-3,11,-4,12,-3,11,-2,12,-2,12,-2,13,-3,13,-3,13,-2,13,-2,13,-1,14,-2,15,-1,15,0,0,-1,15,-1,15,-1,16,-1,15,-1,17,-1,17,-1,17,-1,17,-1,17,-1,16,0,18,-2,17,-2,17,-1,18,-2,17,-2,18,-2,18,-2,18,-3,18,-3,17,-3,17,-4,17,-4,17,-4,18,-5,17,-5,17,0,0,-15,4,-15,4,-15,6,-16,5,-16,5,-16,5,-16,6,-16,5,-16,6,-16,5,-17,7,-16,7,-16,7,-15,7,-16,7,-16,9,-14,9,-15,10,-14,10,-15,10,-16,10,-15,11,-15,11,-14,13,-16,13,-15,15,0,0,-15,14,-16,16,-16,16,-16,16,-16,16,-17,16,-17,16,-17,16,-17,17,-17,17,-18,18,-18,17,-18,16,-18,16,-18,18,-19,17,-19,17,-19,17,-19,17,-19,16,-21,15,-20,14,-21,14,-20,15,-22,14,-21,13,0,0]"
CSI_DATA: 1300,7,263,263,266,263,312,0,-25,-18,121443.442,121446.777,210.513,121925.587,357.10,241.588,"[-17,3,-17,4,-16,4,-18,4,-16,4,-17,4,-16,3,-16,3,-16,3,-15,3,-16,4,-16,4,-15,4,-15,4,-15,4,-14,5,-14,5,-14,5,-14,6,-14,5,-14,5,-14,6,-14,5,-13,7,-13,7,-14,8,0,0,-13,8,-13,8,-14,9,-12,9,-13,9,-13,9,-13,9,-13,9,-13,9,-12,9,-13,11,-13,10,-14,10,-14,11,-13,10,-14,12,-14,12,-15,12,-15,11,-15,11,-16,10,-17,11,-17,10,-18,11,-19,9,-19,10,0,0,-19,2,-19,2,-19,3,-20,2,-20,2,-20,2,-20,3,-19,2,-20,2,-19,1,-20,1,-20,2,-19,2,-18,2,-17,1,-18,4,-16,4,-17,4,-17,5,-18,5,-18,5,-18,6,-18,5,-18,7,-19,6,-19,7,0,0,-18,7,-20,8,-19,8,-19,8,-19,7,-20,7,-20,7,-20,6,-20,7,-20,6,-20,6,-19,5,-20,5,-19,5,-20,6,-19,5,-20,5,-19,4,-19,4,-18,3,-18,2,-17,2,-18,2,-17,2,-16,0,-16,0,0,0]"
